8.957036016609645657e+00
1.950988605767980388e+01
2.604325972402792289e+01
8.963273053869696128e+01
6.173636850041382296e+00
2.627501854660985714e+01
1.145822057359146129e+01
7.767140090068256342e+00
3.185959892593589160e+01
2.339840339895071963e+01
1.311138619570944996e+01
1.609748588027991545e+01
2.310676787018926248e+01
6.052333758113213236e+01
9.790343083620577147e+00
1.661755761534960385e+01
4.014586478748994125e+01
4.984099384997827542e+01
2.802628829966981883e+01
2.009552014776569351e+01
1.252257885975798857e+01
4.710991062788409955e+00
5.313648407838307008e+01
1.946300845162227233e+01
1.047586061855559691e+01
9.597498479504158908e+00
1.190539617970766884e+01
3.350282399191054594e+01
2.835232648502475072e+01
2.963898365084961384e+01
2.623125902676218146e+01
3.765970922371983676e+01
3.045019007406868639e+01
2.278531252477415592e+01
7.851672384729123877e+00
9.614266934433617351e+00
1.345205897722248665e+02
3.809075693527925210e+01
3.475216192689810413e+01
6.598721555810193706e+01
4.851286740947706022e+01
1.651460357653258626e+01
1.453861768626279094e+01
5.930295252166283859e+01
2.107868008133471349e+01
1.655018295038524201e+01
6.599206690268950126e+01
1.215137464971741394e+02
4.592768257199140436e+01
9.963310308177007357e+00
3.939143707178712361e+01
3.449713017985013863e+01
4.986142034944317203e+01
5.572432023424170922e+01
2.288884248327368098e+01
1.318115200988447278e+01
2.475559477930832841e+01
1.042608630778431689e+01
2.344971393366292034e+01
2.227096006627728642e+01
1.488818931551576696e+01
1.750779402399603413e+01
1.879894850065486622e+01
2.563851168130547364e+01
1.039711024490757829e+01
1.284092188850525673e+01
3.690072040747078574e+01
2.524648660681846835e+01
2.653113026266141006e+01
2.694134364671765169e+01
6.264721395573934259e+00
3.012399019498880293e+01
8.992204623320901646e+00
3.504907422692404850e+01
1.120109240586512733e+01
1.749357319324355942e+01
3.944415513092450709e+01
8.615952674509934184e+00
9.841062716390394982e+00
3.360604853587081209e+01
3.413459363396894730e+01
1.261254129547442915e+01
6.279941765897989470e+00
1.285970519551319455e+02
5.806166328971062995e+00
9.797850632573424434e+01
3.616206570478138360e+01
3.923404621675607729e+01
1.507312187412529347e+01
7.347059571152018798e+00
7.207711106778466714e+00
4.126572769906410798e+01
1.848815597380911058e+01
2.296430315403635447e+01
6.891486995253644388e+00
1.655540942743224875e+01
5.894082839682358355e+00
8.969942395478421204e+00
3.423166549297911132e+01
3.540881454604942036e+01
1.272562562271426678e+01
7.767273344097532117e+00
5.175909033195327424e+01
4.877264909361073819e+01
1.420020743957826248e+01
5.727799814439095805e+00
3.459301492564956249e+01
6.142168995092820438e+00
1.127445876039857886e+01
3.530101536661680939e+01
2.948858753741169281e+01
4.732025492518895504e+01
9.348573821759673663e+00
1.565431832179794647e+01
4.702154885167384890e+00
9.066536716794688644e+00
1.047022981735166525e+01
1.000535591892170828e+01
3.897304589455122681e+01
1.910413153886808146e+01
8.284342531392372422e+00
1.589636635740613535e+01
1.292132250060818421e+02
1.922774449240509043e+01
6.460720741976987647e+00
8.756643121814567721e+00
2.326034239738629950e+01
1.127743129040289283e+01
4.198337771511877747e+01
1.390901593542354497e+01
1.834059058943835652e+01
4.508332174403984283e+01
5.648906283791294669e+00
9.229991404275589062e+00
1.225848550436876927e+01
1.737613966440954982e+01
3.608299634682630597e+01
1.226803140052148677e+01
2.297553519050718407e+01
1.718026317542565451e+01
1.611827820318873705e+01
3.568792525054383447e+01
2.256689035900780027e+01
1.287225110544910933e+01
1.156271192512043910e+01
2.037672364257788260e+01
1.997855112901966379e+01
3.479018127223877599e+00
2.193253149898364995e+01
3.946410093838974120e+01
1.230152504606315489e+01
1.874839441799715445e+01
7.797354697150336733e+01
1.707976843680983592e+01
2.827683296001983759e+00
4.421376072448359196e+01
1.620077396105836343e+01
1.391569858649773828e+01
2.798127297056436547e+01
1.975422503368475446e+01
2.435307485782323411e+01
7.012076603985738288e+00
3.051732676324134985e+01
1.076170912165189364e+01
7.702243664199934337e+00
1.055272428481509550e+01
1.407878870611637367e+01
2.382239615241085318e+01
7.445442332259920803e+00
1.363157395505017710e+01
2.764461444086833808e+01
8.921324207957853858e+00
4.055583013545080462e+01
5.851189960668181200e+00
1.427370540863350534e+01
1.164185714084310774e+01
1.155230090144970667e+01
2.531491846512011534e+01
2.497386436563802903e+01
2.066858182801072985e+01
1.791803151576822017e+01
1.096848706854290256e+01
1.334053636916693897e+01
1.797951363336616382e+01
9.418697228148300127e+00
8.991890395824437832e+00
4.170018114400037668e+00
8.301347475206558357e+00
2.112891998512629144e+01
2.222619619515068834e+01
3.323906425832488054e+01
2.097131697052368082e+01
3.370161265161060182e+00
2.997525938993128491e+01
2.201332496071199429e+01
1.404679446437178214e+01
3.472705108373374117e+01
4.167561471052600552e+01
6.540504004628753876e+01
3.657537313276998958e+01
5.159454836383945775e+01
1.152790983850594486e+01
1.689259712349295484e+01
3.254832886147285365e+01
1.562123292511737382e+01
6.354017381681743792e+00
3.158846435969798705e+01
5.361068196004507769e+01
4.580831746025802431e+01
6.572936229298886701e+01
1.535135058549790088e+01
8.844079382870233985e+00
1.981607670141093891e+01
4.468311563812603637e+00
1.750945286719978355e+01
1.610028729639149958e+01
4.075837644760668788e+00
2.984236450118365269e+01
7.195866086717250809e+00
2.017414639879333293e+01
1.761065393526102696e+01
1.844907584313997617e+01
1.220156904900748529e+01
7.298185689427808143e+01
5.675123145796709423e+01
1.050894282362007459e+01
3.756469671794219067e+01
1.771891120476090009e+01
1.323969935937272524e+01
9.976949221613859109e+00
6.479398297510945781e+01
1.906304367851210912e+01
5.572974939236345904e+01
5.204596057965274269e+01
1.869196183140085665e+01
2.192871244177279166e+01
2.126523209252221491e+01
7.532093490668513525e+00
2.025132263458612769e+01
9.857858100609698582e+00
3.079502754972418188e+01
5.644677633793592975e+01
1.016373349632031520e+01
2.523385970378317822e+01
1.668735477140416990e+01
2.105167917505520592e+01
1.235313903300236937e+01
1.947880063940929318e+01
1.254814896179182249e+01
7.665443391356269842e+00
1.616249891494967628e+01
4.938213477151406572e+00
5.490195173088504532e+01
4.477435126536837373e+01
1.484710837025471797e+01
6.147124929957210071e+01
2.441931561110689941e+01
1.820265664175272136e+01
3.599309720675748281e+01
9.291746649137147429e+00
9.758127943959877371e+00
1.403592622496556608e+01
6.805271953269691920e+00
8.267283205243368016e+00
3.405847060433668361e+01
5.401193175907580724e+01
1.069947544978571408e+01
2.958477982326683531e+01
2.051710429866223251e+01
3.076045666583006710e+00
4.413045280134667792e+01
1.520249648701985556e+01
1.567535367850323169e+01
7.716899753343760437e+01
1.114323962903293008e+01
1.805195158503762798e+01
1.970005907359087516e+01
2.535492387095457900e+01
2.554200956187693095e+01
9.786175718026576931e+00
2.267909501334501243e+01
1.165437827859981468e+01
4.549461636200955006e+00
1.368732619495221137e+01
1.343260419107470405e+01
1.372207234926260710e+01
3.191718185227290761e+01
4.474525522597967608e+01
6.119087680559798237e+00
2.924142350006497537e+01
2.805860058019084491e+01
4.066367687459538161e+01
9.635159268826016898e+01
2.946400257255807276e+01
4.523573766905047755e+00
2.054119253722563343e+01
1.903071193689672924e+01
3.715523006954716578e+01
2.637820443683213156e+01
3.779050241443912483e+01
3.771672777347933447e+01
7.229911404585454449e+00
4.336366743359953091e+01
1.555547093128478764e+01
2.393717627449569818e+01
1.463751948011923432e+01
2.588624354168932484e+01
1.504067685192310933e+01
1.809200238095181845e+01
5.081121582777399226e+00
3.362989910312866471e+01
8.853311231298652828e+00
4.469530342280111057e+01
1.643617735530161639e+01
3.820828847609904955e+01
1.013420882956772751e+01
1.088856349991412920e+01
1.267077034411691194e+01
5.485764300341466537e+01
1.548617598998331246e+01
1.020579506678505233e+01
3.163536450350969531e+01
9.944337876725393599e+00
1.838806319347434126e+01
1.775020135136946564e+01
5.255884861475539793e+00
5.221357937491207579e+00
7.272274934797692936e+00
3.198724554672087805e+01
1.529482733930247385e+01
3.550757182929582711e+01
6.135306294804422578e+00
1.212010421528979798e+01
5.073365073457350860e+01
1.667022455575325424e+01
8.877612148151303728e+00
3.602371653501141679e+01
1.606665176653244842e+01
4.833989296703008165e+01
4.613746256961118064e+00
1.001115663100909714e+01
3.179231276597224110e+01
5.121376204887896222e+01
1.657511458972552632e+01
1.330457660623319072e+01
8.630847795099983344e+00
2.450012086874877326e+01
1.988031252325895792e+01
1.838299738571618036e+01
6.659707449809108937e+01
6.982381686071626348e+00
8.723077369338183118e+00
2.282581740720866748e+01
8.577234079369077335e+00
3.124097682531753861e+01
1.373904990742878240e+01
1.082060080463795515e+01
2.417501571304590158e+01
4.462957126541559916e+01
1.083154348398630518e+01
6.975006992299857878e+00
1.040469648991720852e+01
2.783827801052576234e+01
2.293892560740291486e+01
1.100902636047073990e+01
4.059205179155330967e+01
1.830861206690302012e+01
6.964948519121094250e+00
1.058240542719483201e+01
2.741308826117838038e+01
2.305269304873685954e+01
2.459797602945400996e+01
1.300175986738993927e+01
1.659156788025082108e+01
1.107691140852395684e+01
7.464518747592821413e+00
1.578625047140251603e+01
8.743133083741087219e+00
8.924436866065313723e+00
3.281864778089079948e+01
9.768122809088636416e+01
1.529071151496529346e+01
2.766070943539159188e+01
5.771618196937246204e+00
9.812798929071774978e+00
3.751335251014208438e+01
2.173337499733757383e+01
1.900187721546986808e+01
1.204973976327741347e+01
3.010777819143562439e+01
9.291845414231275413e+00
3.698467103009872137e+00
1.481757031478250219e+01
2.139151523571788971e+01
1.331860580955333262e+01
5.570078816558539359e+01
4.788271921664944131e+01
1.480911729505738705e+01
9.423049715170623841e+00
2.064775423343224503e+01
1.237599951672484799e+01
6.823875118709908350e+01
2.005181047658806648e+01
2.017065375839705865e+01
1.717810606040258392e+01
8.651636387966306074e+00
1.162170201653447421e+01
1.580595655595890037e+01
1.585467657463383162e+01
1.479380165887982379e+01
5.957204765742053709e+00
2.338460710276189758e+01
6.905038102801325017e+00
2.356611480246310464e+01
1.176659898002396609e+01
1.375418941478982759e+01
2.117569057012937961e+01
2.834118608215954893e+01
3.046631360633731944e+01
2.602715361475213030e+01
6.598407098046401131e+00
5.352563227030778847e+01
3.323980497517744226e+01
1.188601697699165172e+01
2.829428541450400658e+01
5.894510674298396147e+00
1.429365492694451056e+01
1.807039667596801635e+01
7.012313694155235311e+00
1.016122053652372692e+01
2.299066638507046889e+01
2.979509954624832346e+01
2.575178053448414772e+01
9.200271244647852953e+00
8.159294155872412802e+00
1.757928663056218710e+01
8.528658063880152795e+00
1.497995292019011515e+01
7.965013129484161425e+01
2.798974853975623844e+01
1.763408296147870047e+01
9.706814224453951923e+00
4.513844196349288573e+00
3.031460737401789629e+01
1.740331143571104988e+01
2.507583767632585747e+01
4.886206021850858860e+01
3.951502132226367081e+01
2.157935906935452763e+01
1.290663617337701119e+01
1.525324796018000484e+01
1.362546313346161142e+01
3.202792035314944030e+01
9.098127931043284988e+00
1.441406995215995579e+01
1.875099765504497284e+01
1.370239430205535136e+01
2.786612535606842300e+00
3.881813320639240317e+01
3.830153462862218561e+01
3.646981084815749341e+01
4.454717007220092739e+01
1.648281851422703070e+01
2.262561033805151567e+01
2.755580810636478972e+01
1.242277977589357008e+01
4.240442002457951531e+01
2.214329222753669768e+01
3.408093594848695318e+01
1.337932958658081439e+01
2.214505004864178872e+01
4.317183022514549151e+01
1.192400399603984873e+01
1.590359980450104338e+01
3.714947954043434919e+01
3.284109932315879110e+00
8.648328357247157427e+00
6.222017866099349703e+01
4.482130826019555059e+01
3.687931984354346326e+01
2.716497949906662157e+01
1.414944206444817354e+01
1.239095695562942900e+01
1.206809499724931669e+02
5.526550225181549791e+01
4.354340918800217253e+01
1.777215041702121923e+01
2.783788576777713786e+01
2.779379999082887309e+01
2.377285928616742794e+01
4.465243736727355639e+01
1.097049573040905202e+01
3.059521254409561664e+01
9.947045675445394863e+00
1.138641685124866854e+01
8.754454423834074817e+01
3.341888038969565144e+01
1.284669570012920126e+01
1.855640711931241782e+01
8.527345204148298663e+00
3.895624883217585932e+00
