8.845373869604756578e+00
8.245137163215092713e+00
1.021571743397399779e+01
4.365920244518867577e+01
2.790574151757124000e+01
5.788366280840002709e+00
1.717248428784458625e+01
1.153037773676711630e+01
4.854843495864892944e+00
8.130565428031371056e+00
3.651112364524766463e+01
1.549470882710487274e+01
8.383694819483125116e+01
5.365067857856568168e+01
1.550096870502269297e+01
4.576046216314708204e+01
2.403599594783348792e+01
2.542502818216251725e+01
1.490544894664600051e+01
4.165694811998704949e+01
5.916975946322012625e+00
1.866192197991816215e+01
2.090277665575457533e+01
8.189941665878315291e+00
6.872913824240582414e+01
1.922924782073552308e+01
4.281862058655186587e+01
8.407888580772317155e+00
3.529271237989564725e+01
1.598667387553029151e+01
7.611305231829850015e+01
1.029922092620543950e+01
3.157709675353050827e+01
2.840239605301736248e+01
2.960995973091842615e+01
4.474707293392321361e+01
2.158954226802767806e+01
6.373893341200574980e+01
9.203808498599347132e+00
5.442741774852451364e+00
1.798198659853028047e+01
4.408424210204512406e+01
9.843972522143063841e+00
1.361767300062435737e+01
1.288032656967155454e+01
1.686716714717216448e+01
6.920535282730514837e+01
2.132668334751998529e+01
4.382314625687375553e+01
7.135600842963361501e+00
1.756005758857675758e+01
1.084291517268579597e+01
1.481197035706571263e+01
1.290406289561437347e+01
3.122436372700287777e+01
8.731077251114841786e+00
1.222391131705345657e+01
9.294695852871848629e+00
5.108570433525328802e+00
3.644565377318203048e+01
1.126811913428131717e+01
1.529073729005833471e+01
2.847599793365044363e+01
2.650424294128146485e+01
1.093400330527085451e+01
4.042083228066903189e+01
2.691210244038565236e+01
1.686494480995002476e+01
2.379014412049414418e+01
1.373811934013202745e+02
1.067073825623211647e+01
9.092327850478181261e+00
1.935790441970267040e+01
2.422058063187794019e+01
1.445666435156781127e+01
2.046152273495500395e+01
1.624851369956932245e+01
1.651643993192360327e+01
6.963224620240967333e+00
2.625998598928190120e+01
1.297313771935162485e+01
1.512223972315183218e+01
6.623845285798763527e+00
1.242829807518562824e+01
3.242088208205897359e+01
1.970225424886706733e+01
9.227720206660130486e+00
5.646120933729949165e+00
4.376122540094114299e+01
7.087253805680191476e+00
1.531819178203189580e+01
1.298425662125539759e+01
1.676292027483477654e+01
2.595969422557799788e+01
4.507298748224906149e+01
2.869547717235297668e+01
1.554937760666427238e+01
3.573890292465645757e+01
7.237522248342715159e+01
9.416040183285167231e+00
1.266927953189324363e+01
5.546592980424648545e+00
1.117232255704265853e+01
4.659932448553946394e+00
1.725482910413919413e+01
1.182133695561730491e+02
1.297938865384153750e+01
9.965950636460199519e+00
2.767686655427919362e+01
1.739565168252631011e+01
1.470853180306252028e+01
6.060318494495846586e+00
2.751099272357804537e+01
1.573597765469763665e+01
2.959645973191220847e+01
1.316365665493175463e+01
2.367480413218261859e+00
2.280458660884702482e+01
2.572975816926410886e+01
2.213210510402067044e+01
2.925845753920233605e+01
2.205996279051112907e+01
2.016191871421727555e+01
1.358008406460358941e+01
4.545888372574180636e+01
5.451237024667171305e+00
3.604328601868739383e+02
9.177847719930312564e+00
2.497297433776450148e+01
9.730531996299255582e+00
3.296198543330960007e+01
5.368537833364893430e+01
2.498973836351682820e+01
2.198908755681500082e+01
2.176135333859200927e+01
1.332234628126503573e+01
3.047102089109214162e+01
5.000151501556246103e+01
2.645987142062640629e+01
3.633784111843655040e+01
3.724067147324258542e+01
2.099242778241848839e+01
1.341701124047333415e+01
6.038354733050613099e+00
3.547428062157604245e+01
9.495188969779521315e+00
3.766233018792912723e+00
9.924930111504863817e+00
4.324995696457308725e+01
2.070484528924232137e+01
2.618635920874191214e+01
2.822623293610842055e+01
1.900375313272555999e+01
2.676963051918417946e+01
2.810735491521588969e+01
2.018370334404047384e+01
1.479975254423633046e+01
1.722134004770514792e+01
6.254558921678702532e+00
1.673116615791906270e+01
2.753575172286723216e+01
1.346145799523856823e+01
4.614004294661013716e+01
7.667482135171677093e+00
2.468822651702288695e+01
9.872996603966438300e+00
2.368675574191362188e+01
1.057313309956372116e+01
2.248075315174250477e+01
3.770691807946476359e+01
2.412012387138052105e+01
3.852409659874891901e+01
2.445288914009191217e+01
7.570820297006646626e+01
3.552829596532485823e+01
1.063473021992261103e+01
1.859895072654262194e+01
5.572653598259044827e+00
1.356548059359709590e+01
1.309038722563214385e+01
2.557960595318600028e+01
2.432055744494765648e+01
3.666187771774482940e+01
1.991367719188786722e+01
8.482296978861041836e+00
3.256313197312288565e+01
8.576279325535768550e+00
7.283309081987186850e+00
1.252343320882961919e+01
1.071637074765860653e+01
2.057196670318885978e+01
3.702323146614067184e+01
5.121750141019163749e+01
4.051415963929707154e+00
1.039528419880935672e+01
2.796110542895509088e+00
2.098637668878780005e+01
4.695612425149572999e+01
8.139169907908074819e+00
1.455976602276075305e+01
1.083286215376401174e+01
6.987096817307794083e+00
1.853249774383699489e+01
3.111542571353576037e+01
1.458400873495165051e+01
2.278744430583078184e+01
4.427032753047356550e+00
3.150269991387861879e+01
2.472101793556217686e+01
3.826873770968218480e+01
5.833366166207974324e+00
1.434251299812013869e+01
3.820948426605860249e+01
4.732737767779794069e+01
1.123336487487322088e+01
2.979793481877204187e+01
2.482185851941182264e+01
1.818786657426627329e+01
5.308037589689948987e+01
4.869581824269057080e+01
3.826610931907179491e+01
3.217391411119526623e+01
3.044120647990869788e+00
4.343287656311039768e+01
1.046798546005575936e+01
1.853942145251177465e+01
5.864128571529382938e+00
1.114188553591192488e+01
2.769493797154636283e+01
1.465734752640541139e+01
2.721479315891966877e+01
4.474820456811229974e+01
1.352599564103459073e+01
2.817244355461026828e+01
1.550921139660040637e+01
5.527095521125849231e+00
3.195569838782398264e+01
1.572167218807183708e+01
7.070663687656966090e+01
9.019368961558830833e+00
4.032128504861821483e+01
1.301229195163948837e+01
1.154508575766057099e+01
1.316155910434228993e+01
1.895410293159596904e+01
2.264445407064818028e+01
2.057072618319138968e+01
1.841343396136282351e+01
1.227728672304339952e+01
8.957944250164361577e+00
4.184669580856390070e+00
1.230661054537241483e+01
3.128405766588298675e+01
1.151986422147849964e+01
1.019686512884319640e+01
4.473698925917667601e+00
3.092488673425599544e+01
6.360820065036193682e+00
2.268932656329094755e+01
2.549159283338032367e+01
3.157430278464509144e+01
1.289987093205034796e+01
3.003975775941090021e+01
5.693455443667828320e+01
1.950447600778133861e+01
3.047198818030270928e+01
3.757035814110309957e+01
1.672049422620965231e+01
2.154439150449545437e+01
1.352673891851507619e+02
1.969117177046987166e+01
5.960457610514890803e+01
2.190713500307472117e+01
6.872393651616526711e+00
2.928556680279885782e+01
1.189367740094820647e+01
2.999156688667958548e+01
6.394558869469104678e+00
2.984736491051096863e+01
2.766561540540762465e+01
1.750777379547556478e+01
1.981433307452516956e+01
6.743708487325941192e+00
2.930854188890061351e+01
2.097154466526368566e+01
2.130131400965674970e+01
9.555996899358605745e+00
9.856344783913241869e+00
3.308094481166764211e+01
1.977603415705297607e+01
3.491356274473580612e+01
2.648585521121894715e+01
2.612285707712993954e+00
4.519787186958863145e+01
6.732294603329760818e+00
2.474994467336641435e+01
1.184572069609544798e+01
2.216083769504709977e+01
1.413782770956202128e+01
7.356062225175086233e+00
7.083850651711555813e+00
1.235689155781589221e+01
6.478215065114389937e+00
2.111369061263672009e+01
2.626907266919480222e+01
1.170740060299394614e+01
9.243594104681626789e+00
4.576416961076701284e+01
1.519333968017375902e+01
3.018742132808601930e+00
2.776989632652691142e+01
2.430208459618164341e+01
1.901108207336159239e+01
2.539452849783513599e+01
1.280053404891442526e+01
7.773947145403867864e+01
3.650150166237354199e+01
3.378522174487033425e+01
3.743953625846690159e+01
4.879907419208648633e+01
2.822554747949601861e+01
2.822592449702079520e+01
2.049652857491500413e+01
3.648910933179426053e+00
1.020499176546135089e+01
3.066478909094874439e+01
5.706550517097348951e+00
1.961557037853506102e+01
1.078690496460664505e+01
2.874280177119493374e+01
1.385540644202058580e+01
3.691916246653398304e+01
4.997782074010834741e+00
2.332719919240543049e+01
2.235154958824286453e+01
7.940747703728930240e+00
1.428270417795511626e+01
5.329212900410551157e+01
2.739078641960239580e+01
2.589845397158493157e+01
4.354742550259859968e+01
1.065063749680748373e+01
1.577469582308406437e+01
7.116463999978394384e+01
6.104108722468608050e+01
4.091330672659124446e+01
2.113143769310621423e+01
9.124138578821272105e+00
2.604766858473475821e+01
1.234399738610321506e+01
7.971642666351225870e+00
1.814133458158382339e+01
1.088351497597840734e+01
7.259312245173269673e+00
7.269047234482468589e+00
1.017410290216716717e+01
8.921274732595545487e+00
1.293196465792187411e+01
1.976801693319482922e+01
4.309006730629558746e+01
1.235070199574673033e+01
5.147881238652423264e+01
2.624488847870120978e+01
3.730989653356432001e+01
2.120495428375549096e+01
1.059936978417866627e+01
4.390901446313390721e+01
7.549338937710848185e+00
1.735633254111834489e+01
5.535443550562691684e+01
2.019455099695134948e+01
1.930799776393371658e+01
4.266938085161270067e+01
3.152156332691802376e+01
2.141206387219283158e+01
3.535433222633886174e+01
8.859543253219529291e+00
1.070107563052756383e+01
1.988869235274686176e+01
3.655709646523468859e+00
6.546145296314288942e+01
8.385947582810295842e+00
1.380699154496884340e+01
1.458413951274964759e+01
1.028916863478640487e+01
3.487299621668908856e+01
4.431193109030870936e+00
2.795018131229832292e+01
8.902842763869092124e+00
2.360862147618302487e+01
1.031374797832476276e+01
3.499298709058611934e+01
4.903085085023637646e+01
1.109389894173658178e+02
2.041712368567592506e+01
3.144007921286385709e+01
9.411859501974022990e+00
7.671190552005872298e+00
4.698620852356779665e+01
9.916575626602169180e+00
3.829677338742130122e+00
2.261741508781786791e+01
2.057245754308000230e+01
5.484415766470101516e+01
1.493153971359620868e+01
1.852468937734144205e+01
7.249694261430361664e+00
1.623699651708656333e+01
6.987375703847440001e+00
1.325034634126012278e+01
4.798010333549552087e+01
6.734952985640561884e+00
1.702916484395471386e+01
3.620709174538671249e+01
2.042907865418753843e+01
1.466595481938267653e+01
1.425572381598256122e+01
3.616818217008271574e+01
7.746974970720474118e+01
1.632954976807809544e+01
8.488604331811126613e+00
3.155958498254953781e+01
1.714439850050012737e+01
5.824906191515772491e+01
2.147847739207266216e+01
1.013050358275686769e+01
4.332928593651600835e+01
7.646310414305153458e+00
1.791271588816885441e+01
1.529736514092288502e+01
2.539164195116463318e+01
1.781827252523525829e+01
7.789126384482054277e+01
4.418012709501356383e+00
4.354326217915623687e+00
1.109233883591874203e+01
1.564018761096785859e+01
2.016178788746132966e+01
6.628897543920784585e+01
6.229912833198910249e+01
2.220193438249500772e+01
1.362526232104879753e+01
2.975960624410285149e+01
5.152428356587337532e+01
3.173772363866117274e+01
2.390084293495105072e+01
8.136484604797384890e+00
1.139948449317832768e+01
3.226805382600456085e+01
1.156534728584723126e+01
1.019303033145791915e+01
1.259190521764205251e+01
7.492001087508754154e+01
1.033268896715572183e+01
1.299210697434281059e+01
1.291510958085531335e+01
4.168662295088090275e+01
7.468626061231945812e+01
2.389297484226511870e+01
2.722991056886734640e+01
1.823103233981273519e+01
1.120920538819420464e+01
3.651649838550493854e+01
5.318075324787821501e+01
1.612419899539156631e+01
8.618839031736275302e+00
2.526524748836824941e+01
7.731558408713638642e+00
1.740096284264619442e+01
1.986097249977649071e+01
1.073996451791675710e+01
3.843186999002720938e+01
1.721901383695898247e+01
5.086563381237061066e+01
1.165360426851906261e+01
1.043187458056865147e+01
1.211291651540632053e+01
3.237874929419695569e+00
2.158772870930955534e+01
4.897526650753376032e+01
6.737466477955470268e+00
2.401728737226458676e+01
6.302384352703795045e+00
2.340725491732296248e+01
1.330431194679748685e+01
5.516083103828170131e+00
4.984703401591884742e+00
1.384430047387642304e+01
3.638491233238408284e+01
1.872668884750480061e+02
1.482592551671377734e+01
1.422791826753000777e+01
2.062109027429073294e+01
1.077293733653172048e+01
1.402929113636113989e+01
2.748214424627485286e+01
1.327792173787364760e+01
3.884103996602268438e+01
4.314470618213976394e+01
9.631987655782541680e+00
1.956551627419418793e+01
