7.825009004025041293e+00
1.774192620962660172e+01
3.290876063031470267e+01
3.882409744837653420e+01
4.830022193020795385e+00
1.281281070551194148e+02
1.702150881920044867e+01
1.617519564809381194e+01
6.081720326881553618e+00
8.155667558867195410e+00
1.922978105815840522e+01
3.396783049198167248e+01
1.174246148320489880e+01
2.262447131394447197e+01
1.428144947030415324e+01
3.121631750391417270e+01
4.022571014345418661e+01
1.830971358312836017e+01
6.348833636628530286e+00
2.974082287662881185e+01
3.164989762394190009e+01
3.844903378799487292e+00
1.961623422438651332e+01
3.048471152912185289e+01
5.263485094611595194e+00
1.422909002185565974e+01
2.043007705623576342e+01
5.817779284167087894e+01
2.783135211319952873e+01
1.489644961696148862e+01
1.287714602187823765e+01
1.258659857676186888e+01
4.851414984475933778e+01
4.584475151305692009e+01
9.001547920548810922e+00
7.320869498832700550e+00
9.479365211946191749e+00
7.843670880079090857e+00
2.040148079919079294e+01
2.367238240676363148e+01
8.180156677746660776e+00
8.056236232297491640e+00
4.291861783409293452e+01
7.672802024482487937e+00
3.976028566824520993e+01
3.143740382841858860e+01
4.065653746045836670e+01
2.398766230074125261e+01
2.019913220917830188e+01
3.287634558495712156e+01
9.784207445093191069e+00
4.284649693837084783e+01
1.144946793367868665e+01
1.251785000815497284e+01
3.663412914247063412e+01
1.508774037575311588e+01
2.343007775884890265e+01
5.122065280471708348e+01
1.988171780750829143e+01
4.818222756018154485e+01
1.531649829273949415e+01
2.604180300446557084e+01
2.035048998604753194e+02
1.134213358948865391e+01
1.993242844412710824e+01
1.252826602064764074e+02
2.816355472813009087e+01
9.445296839413250822e+00
1.767064779202629410e+01
1.153543894774137257e+01
1.572629916098830627e+01
3.045680049001164491e+01
8.896274580222645056e+01
9.673214787109934321e+00
1.694884653563940446e+01
1.698563973868610333e+01
3.455234191450667680e+01
4.335880500661563275e+01
2.422949032057531582e+01
7.190636339893998752e+00
1.353316467213633700e+01
3.384430771014793748e+01
7.046579688161985544e+00
1.817596799830941379e+01
2.116787021905133770e+01
2.432914559270366439e+01
3.587761079474775983e+01
4.773790896382753601e+01
1.378609889427882607e+01
2.530862246543714278e+01
2.339005593039087927e+01
1.291335795847951040e+01
3.158811678956251612e+01
2.322776818244412667e+01
1.887733006479345477e+01
2.906697509040754213e+01
2.375715942104981337e+01
2.000928705300815125e+01
1.763028297942257794e+01
3.819746292044408520e+00
1.782526211199408905e+01
3.585389771535684389e+01
3.635838312852387588e+01
7.476760994404668281e+01
5.491283491352356094e+01
1.552183594676285239e+01
3.030482564015775537e+01
9.700949800979675075e+00
1.624597489068984046e+01
7.441953679318221937e+00
2.634114302897325288e+01
4.872054242632119170e+00
1.097077749671367997e+01
8.215231962632994822e+00
1.530957764813968502e+01
3.456203349065354047e+01
4.769678572651432091e+01
1.592733437919502570e+01
2.335607791832040547e+01
3.170113776311074361e+01
5.634182749595175466e+01
7.042603461497770923e+01
1.676123167547042314e+01
3.799821393045822049e+01
2.563324695476996951e+01
3.557838138641483994e+01
1.961754759629705447e+01
1.016607681355645987e+01
4.950959026375326744e+01
2.226662142937069078e+01
1.404986216516311082e+01
2.069502567074068722e+01
1.552830369108592556e+01
1.127714176837935156e+02
7.824278337498962621e+00
9.177827162051306331e+00
2.747304337047047085e+01
1.477524563393857626e+01
3.337142105851938112e+01
7.737309390512420748e+01
1.769653698456542301e+01
3.039267529878176433e+01
5.277694926863743774e+01
1.916997964028861645e+01
1.149456182452229882e+02
3.010457149168006552e+01
2.724386125427680128e+01
3.126324571975921174e+01
2.923377485243543461e+01
5.905549139299865402e+01
4.426415669558899424e+01
2.420791794760770443e+01
9.192245395708406264e+00
7.354374359025996455e+01
4.957174599401839998e+01
1.313136071223282109e+01
1.165392440420714877e+02
5.597874517365340807e+00
8.429529264432277458e+00
1.080457355190777591e+01
1.003946217258510032e+01
1.405770614800714036e+01
4.171821951151807895e+01
2.258041079172202714e+01
2.459094726422657828e+01
3.766308132082954074e+01
1.107420139432328021e+01
4.025670751905079925e+01
1.108700718607256732e+02
8.998170737496920424e+00
7.497265740282616164e+00
2.116399140471915175e+01
8.923648707966721716e+00
1.905673648104246709e+01
2.830528979082829721e+01
2.206691495548294668e+01
1.639605622022924081e+01
2.670068618116213699e+01
2.488749713711776224e+01
1.290067364588424681e+01
1.360448880611506262e+01
2.388367466968555419e+01
1.052796904440318748e+01
1.916983382730521868e+01
8.327286573264825620e+01
3.636372736477517975e+01
1.057169867337842994e+01
3.133083429576285894e+01
9.067242923427393464e+00
5.146382773091355034e+01
2.355421497225731997e+01
6.396373316733659387e+00
3.158426995534281545e+01
2.710574468533621229e+01
9.622567650511163251e+00
9.591195097524419566e+00
1.347238219444618146e+01
8.933024710043493855e+00
1.827910879295558644e+01
1.715068433144397986e+01
1.966525065341757639e+01
1.542842759175923106e+01
1.730413182133759520e+01
2.608689016590578191e+01
5.192832131832680176e+01
2.913793200446451692e+01
3.016023535610816708e+01
1.969335645083427622e+01
5.717941540333118411e+01
8.811844482620601937e+00
1.908441449592001149e+01
6.879274598182707479e+00
2.196516799709747403e+01
2.572059105511274879e+01
3.041272645141225439e+01
1.201176129617048183e+01
7.365579157135835331e+00
1.527578697875188496e+01
6.821823142914597682e+00
4.154104701652264531e+00
3.147576505859152007e+01
7.234365810362302796e+01
8.441208207283557030e+00
7.714954925390668627e+00
1.979593084857243213e+01
1.669533223304262748e+01
3.817446044767564217e+01
2.248211000812088045e+01
9.325904915614811941e+00
1.207247081670530378e+02
8.734010968003108388e+00
5.071817857851556965e+01
1.592212710912012774e+01
1.651825378063273675e+01
9.978933913087524843e+01
2.032313485625871152e+01
2.902766120685112838e+01
7.330623612031921255e+01
1.116320287014296575e+01
1.833717023904034349e+01
6.024267420149857166e+00
7.077624980091792750e+00
8.470587004557554422e+00
2.519741361782757139e+01
1.537959062727978754e+01
3.163712854763580751e+01
1.760804127943104547e+01
1.668643550165487000e+01
2.975174182152494851e+01
5.829074896709562914e+00
1.420842253708998015e+01
4.963554048773978877e+01
1.185798577777302221e+01
1.080425731807911838e+01
9.683389948026006167e+00
5.301448806112087020e+00
3.486548556841376723e+01
1.738695126705702165e+01
1.608288591855233562e+01
4.585207124216272945e+01
1.194516856843266162e+01
3.705749894239279030e+01
1.807293173042659973e+01
3.859044561107742766e+01
1.832439316216097680e+01
2.155700648983438938e+01
2.696591448565846250e+01
2.409111732286059748e+01
2.039541073039349328e+01
2.690062424626048454e+01
1.837628044608655742e+01
1.875920139061985736e+01
3.621563550307807589e+01
2.015966889879145185e+01
2.823790625750702787e+01
2.107137472842481074e+01
1.769278322227401645e+01
1.749939939942369449e+01
1.476623776960621548e+01
1.113895317698124998e+01
1.040162641294516099e+01
3.153741472867043072e+01
1.539107859195320316e+01
4.758530463099495478e+01
2.504564076724166810e+01
1.744969516002205623e+01
1.616853328804219814e+01
9.567361586073308999e+00
1.016748029937515128e+02
1.671636548339556683e+01
2.307227627980035223e+01
1.699187296038421380e+01
9.774169760901452619e+00
4.836754597639476572e+01
9.515972876052181562e+00
1.163438284388763932e+01
1.692727271130718947e+01
1.281720559910180768e+01
1.544447121536973810e+01
1.115693950645592025e+01
2.659522257121897226e+01
1.181528443888328006e+01
2.149335606333691473e+01
2.502257779066434651e+01
5.557336168177854141e+00
3.371977887389868300e+01
2.062074651443585083e+01
8.886950908287726492e+00
1.329423723873270013e+01
1.028194282845342578e+01
1.733114135730828309e+01
1.171619159033802759e+01
1.472761913498110431e+01
1.378250155528187371e+01
5.847048674476364560e+00
4.823209208910689938e+01
8.170280374249033528e+00
2.407016359898714697e+01
2.111244128648640128e+01
2.118057952685093426e+01
2.336344106432300904e+01
2.128522957945129690e+01
8.082458057597006018e+01
6.988836905250392029e+00
1.120631215073207265e+01
3.782550864179202676e+01
2.153158037759175869e+01
1.395198655102111118e+01
1.501642019370755143e+01
2.665633347596874003e+01
1.404673737158853974e+01
6.220854512995835250e+01
2.387583411998020466e+01
7.818335399282008780e+01
1.017071285394584734e+01
1.948185100443154738e+01
1.131229595368144736e+01
7.977312416158035546e+01
3.467446569696124925e+01
7.726075674675258576e+00
1.477772580382741197e+01
4.452237433990576676e+01
1.493212152373462942e+01
4.437193484231602270e+01
8.610362691456751705e+00
9.100348242020919187e+00
5.679106052021454687e+00
1.780796930818853241e+01
1.294475935064049210e+01
3.022644280149189200e+01
1.230465249802690586e+01
3.423905451116278442e+01
1.716904801114419499e+01
4.665404533806419352e+01
2.318026471141032019e+01
1.746650600907597806e+01
1.095376535531124418e+01
9.096594083290058919e+00
6.600542986662307321e+00
5.462373697199233824e+00
7.132915516416342250e+00
3.748363275592703303e+01
1.469888763079917737e+01
2.982905938810212731e+01
3.086445238545526237e+01
3.618733191064501398e+01
7.730299889846867778e+00
7.333523130339782981e+00
3.693184997201901609e+01
2.541295529820007459e+01
7.710446326199085831e+01
1.074168251094065241e+01
6.698859169889282761e+00
1.681557048332047657e+02
2.099721481676600732e+01
1.275710382262176878e+01
8.452657849117766631e+00
1.698006349494470868e+01
2.231872675602081202e+01
5.663330033872868086e+01
7.579954242633282036e+01
2.754952634501768927e+01
2.141479820391685607e+01
2.254525238430670697e+01
2.507154576142935554e+01
2.780715661923461468e+01
2.370112717871887043e+01
3.537054392081967080e+01
8.896966678909784321e+00
1.415388597979894314e+01
1.578806090616374469e+01
1.898316813466261976e+01
2.626072442475523516e+01
2.942534955894156923e+01
1.608377812037907972e+01
2.839871312660176983e+01
1.057172933202310006e+01
6.831820554278184687e+00
6.292575920052572513e+01
5.363356201299908754e+00
2.678144284224300620e+01
1.233392216188853752e+01
6.165441483904706388e+01
1.597711334745334710e+01
2.694088152680240000e+01
3.482884641461338759e+01
1.079068026132073932e+01
2.491548712554394740e+01
2.796441648229412991e+01
7.481629585392004955e+00
1.752953737752923402e+01
1.618650173796778802e+01
1.166999464812453091e+01
2.107920565486751485e+01
1.228472192306255373e+01
1.325782658960215166e+01
3.146622761223000708e+01
2.393260786629412351e+01
4.541185470917832134e+01
2.825478783397449067e+00
1.537957122019348866e+01
2.557236900616609532e+01
6.230542216639162234e+01
6.713387701765101134e+00
6.830114981483479397e+00
9.475527059823666320e+01
1.884295546264751238e+02
3.027238561398181815e+01
2.710110090630083590e+01
1.799238509352507265e+01
1.810865939615757370e+01
7.969599667778734187e+00
1.811169806715336961e+01
1.986299779413542055e+01
9.273600803852040997e+01
1.166724161829203865e+01
2.013269241104227802e+01
1.227590703024747576e+01
6.975751757823366539e+00
2.159169768428384728e+01
2.892074035978303570e+01
1.596368557772863461e+01
1.359598828677835236e+01
3.102377334499314898e+01
1.769358095332733072e+01
1.000156840673966308e+01
7.012676829729675099e+00
1.181942347682376138e+01
2.458912056392734158e+01
3.827083269976716906e+01
1.896197778120743394e+01
2.649171719260189306e+01
3.058774740860934216e+01
3.494086132434408398e+01
3.828572889089544162e+01
3.021070441117309002e+01
6.827248065697268942e+01
7.787592353248369648e+01
1.425734039164141720e+01
1.161343208511726743e+01
2.173845335661573941e+01
3.165823908811029597e+01
2.083775105358139967e+01
1.449205122150571512e+01
4.172787196580318891e+01
1.152833500922499432e+01
4.381747949007872123e+00
1.076314196827781799e+01
1.643366817198483076e+01
1.493933652722258820e+01
1.219655152051598712e+01
2.787471848313640876e+01
1.090601324506570258e+01
1.687663211962034993e+01
3.198262381022847833e+01
1.549004913708977860e+01
1.048036812350927605e+01
3.325441037675213263e+00
8.933958819059272116e+01
8.064193178297339060e+00
1.366803447881594025e+01
2.129201393770762252e+01
1.146676069863401892e+01
1.870717173676174383e+01
1.280578160198522930e+01
8.472000218024698270e+00
3.502057742472184287e+01
1.244557350251073125e+01
2.291127823876771075e+01
2.269244055923222092e+01
4.959972793368045529e+01
2.444401442012789616e+01
5.962636084213253973e+00
1.897356269328079748e+01
6.028691953646130486e+01
1.281146265967853637e+01
1.248160186570551389e+01
2.932811597252727509e+01
2.687998856618330024e+01
1.188285273205987025e+01
6.673803236523181859e+00
