5.247787550007040558e+00
3.387456192528886856e+00
2.545969049291175423e+01
5.916513204017653571e+00
1.611550268581433087e+01
1.875667799518197043e+01
1.158488237105233942e+01
9.746810544101938589e+00
3.065420898198766064e+00
3.988453140396378771e+00
6.275650380128265482e+00
2.701192666309387924e+00
4.924293505527491455e+00
1.871595339683747383e+01
3.678386679131111059e+00
1.409014965816660769e+01
6.207292370604060139e+00
3.233817571653537115e+00
4.553293880408293859e+00
3.020780950143270083e+00
2.894427606198770597e+00
6.194897496031326334e+00
4.624743548545782801e+01
4.409716225605104789e+00
3.431007975329971593e+00
9.197969030897782616e+00
9.591954559541319369e+00
6.092639725010758234e+00
3.261596355528918689e+00
5.908787841038593314e+01
5.874059967746460664e+00
2.087650082199306567e+01
7.667900427125358132e-01
2.520614049835856463e+00
1.665511684421348448e+00
1.042556760760952450e+01
4.889458976316263694e+00
6.841172261475180427e+00
9.607451710666900624e+00
1.793494732587719520e+00
3.959226776916063173e+00
2.926674468249817451e+01
9.289319478090531490e+00
2.275139633187390942e+01
1.409617047228834297e+00
6.456652301011986950e+00
1.400098927864714504e+01
1.712473448064691040e+00
1.218167399421551167e+01
5.191472047752304420e+00
3.793336894228323430e+00
1.255416011258895459e+01
2.700556219073355191e+00
1.339482593607655758e+01
6.634736527749208967e+00
2.620324575780186294e+01
1.829568993846265368e+00
5.327161611944561947e+00
3.553693187592632974e+00
5.804738274146142629e+00
1.910256358145890943e+01
7.729492725311374990e+00
2.643065282429994500e+00
1.224996712139550681e+01
6.855062977211612285e+00
4.598932108474945935e+00
1.385401033297596207e+01
1.122505010057712838e+01
3.541485903352681675e+01
2.122535376620938052e+01
1.798080172529430243e+01
3.790055084288987075e+01
1.343548037238429060e+01
6.237198095332451508e+00
2.695525703113743532e+01
4.318054266388879903e+00
2.182240009363178412e+00
3.044203785154074637e+01
1.391486872374959161e+00
3.294973765653803355e+01
1.877323164775895137e+01
8.391607488234294365e+00
5.944705914113024292e+00
6.317934239228367943e+00
3.258100640564434514e+01
9.020330557013249262e+00
2.612296442741730118e+00
3.808745473327367126e+00
6.756884379041314226e+00
1.517002321847306057e+01
2.924483668744923381e+00
7.890781329600217830e+00
5.969416152755825600e+00
1.239033210309116617e+00
8.250511067873455673e+00
4.445048504153872315e+00
1.640285881996202022e+01
1.697425434523546173e+01
1.129086799523478035e+01
2.031252455520383471e+00
5.366831499218958967e+00
6.184432698836516806e+00
1.945888962023346380e+01
4.642654977071936884e+01
4.706552670331487498e+00
6.955887053552534560e+00
1.146431644214368717e+01
3.173679974045628072e+00
1.134130357374565001e+01
1.988623463135558156e+00
1.288147604712605165e+01
1.780288139640640921e+01
5.932998093825640140e+00
3.519536276575174583e+01
2.320867848395060307e+01
3.973265093698356232e+00
4.693261099036131867e+01
3.359887040574232042e+00
2.455497156244764412e+01
1.106177239033114379e+00
1.472997258097097273e+01
5.897513213448366542e+01
1.264004017950479053e+01
1.497184535074236500e+01
3.006551224394495492e+01
4.858216653210144287e+00
8.217054297594522438e+00
8.181092655619398357e+00
8.369126082357682961e+00
1.705412223866061172e+00
5.724382877700518790e+00
2.812069523161062623e+00
6.471169713548940550e+00
9.720613068684681224e+00
7.191280324274063673e+01
4.061141935662448077e+01
2.120436772300286776e+01
3.089243565466583519e+00
8.204353698773154235e+00
1.224584440283101650e+00
2.782065691125018958e+01
2.162465474575371971e+01
1.941251347795159887e+01
9.102698668689047423e+00
3.087997751925981760e+01
9.005885314674095810e+00
1.502985704725096383e+01
5.891030841406641017e+00
6.190215056941964633e+01
4.258212560937634450e+00
1.024382870495770481e+00
4.463959975091922772e+00
4.877287990541078422e+00
3.236955543895730258e+00
7.577530593680526394e+00
2.123999573189872692e+01
6.745950896821918619e+00
6.111672513726377431e+00
6.368042032781842110e+00
3.517547400036548311e+01
1.781809227709325816e+00
4.389219698147705628e+00
6.998129488089214867e+00
5.455036880791197973e+01
4.640202434195687786e+00
1.135680084932535294e+01
1.026814069151285835e+01
1.827255771060775746e+00
2.544908624671534891e+00
8.818787230564325341e+00
5.766275619336825642e+00
2.168716790316315812e+00
1.118405146370403003e+01
1.076651584781237680e+01
6.760645651183359917e+00
5.048914996475863859e+01
1.475012975580611574e+01
1.136079095472265799e+01
6.467061663413239181e+00
3.058818662945770317e+00
3.094988973868595039e+01
2.345052384578255822e+00
9.187039613683506190e+00
1.790765443551667602e+01
1.117755768375838699e+01
7.470997601326664572e+00
1.453345765062350026e+00
3.331939951297334090e+01
2.614216212292138053e+01
1.319303500620512004e+01
5.011907627214184657e+01
2.085067605003847468e+00
4.196607090531463968e-01
2.395765243999996130e+01
9.546277226156320239e+00
2.875284635955456913e+00
1.265278150690439851e+01
6.141319692040045908e+00
8.370540578306766122e+00
1.420070695738706412e+01
2.337283650223737297e+01
1.927571984863417143e+01
3.353289821086733458e+00
1.119859818321047662e+01
1.356635494244590667e+01
6.631924883962078354e+01
5.173538549160109312e+01
1.880947178944104436e+01
5.586038786278781743e+01
3.693092266612126195e+01
4.687477692339139246e+00
5.402653309169389928e+01
6.295397261313647519e+00
1.069671159758530798e+01
1.912189368429184455e+01
3.944033317788380177e+00
2.464419328463541348e+01
7.271903339634082641e-01
4.166334725744078149e+00
1.159670404640189467e+01
1.012895292433604766e+01
3.388246999799600090e+00
1.659962030300220270e+00
3.596241659011620406e+00
1.505789769617172880e+01
6.321224339238400880e+00
1.907164128980808115e+00
1.682410173169815693e+01
3.302672342655648663e+01
9.590091718870048965e+00
4.590333457250559412e+00
4.839511560231502330e+01
2.460149979236339490e+00
2.579512672317186173e+01
2.513945117763496739e+01
4.096421955105443047e+00
2.108136203774867568e+01
1.314823342067229639e+01
1.299204920205441915e+01
3.067350846857299640e+00
9.767964358306567618e+00
5.201782580140982049e+00
2.847009464825997682e+01
2.744862944171494590e+01
4.432968252750500326e+00
1.395877108904743835e+01
3.355599238765998393e+01
5.665151566858382282e+00
6.491081694991610362e+00
3.697566832913516066e+00
7.165983123797267318e+00
7.918342890632414921e+00
2.411745300400084702e+01
5.172587258857464398e+00
1.505190083238518817e+01
1.129804202397963131e+01
1.051513503989126086e+01
7.228741778094108561e+00
2.041974469901411027e+01
2.517694029415687318e+00
4.622087365690783045e+00
1.817481730339895574e+00
7.562419091088149692e+00
2.168103792417100451e+01
1.378848724077623444e+01
8.729130909459793530e-01
1.255815971149819887e+01
2.677186568886210694e+01
8.930241072241866362e+00
6.499401455561070406e+00
1.718576676124105518e+01
2.639018584958714442e+00
2.336413592894759717e+01
4.173203761107322052e+00
4.405444424895080857e+01
4.802732396457937369e+00
4.427093115946092894e+00
1.434988361367198451e+01
2.308133865640935056e+01
6.060301307523120329e+01
1.109693040757431692e+00
8.265632333184614211e+00
4.308302633606103882e+00
8.719789069049589614e+00
1.401634207409676947e+01
6.173928534514129041e+00
2.127551703308783626e+00
3.045099528383782062e+00
2.012725251832455875e+00
4.994993414419332645e+00
4.844042804168955385e+00
2.294170409845465830e+00
2.454611206125766287e+01
6.115526636860929344e+00
4.825105339428968243e+00
5.442856268814866638e+01
1.929069564852870622e+00
1.555980416476782935e+01
7.896932519034876918e+00
2.027719963520568669e+01
3.243292856063701546e+00
5.120702559655706310e+00
1.764980441215447726e+00
6.341406485759013556e+00
4.555370333549870310e+00
6.574004687894821508e+00
1.163236718344829868e+01
2.746486088777959722e+01
3.271993614408762596e+01
2.076704581416031559e+01
4.531832876677319177e+01
2.342666195650784822e+00
3.064630381234360712e+01
6.116736919545399331e+00
1.082857119147162095e+00
5.938260707115501358e-01
2.344905567995783979e+00
1.570228829628919964e+00
1.143125541995186623e-01
2.951198418246689315e+01
1.606744990073123702e+01
1.745317737645156075e+00
6.756030724408246257e+00
6.710612594044366119e+01
1.717853554591298293e+00
1.214127909697977259e+01
2.806722897133726136e+01
3.200548627714449257e+00
1.367018405402172299e+01
1.284058184895406995e+01
9.414990086172903005e+00
2.423755751204644593e+00
9.559243138999976352e+00
1.874499864611862421e+01
2.427439287392632750e+01
1.008302725482493400e+01
2.233474162952671804e+01
1.028854989586059610e+01
3.129541731194065690e+01
9.044988997726402857e+00
1.114344223025702263e+01
8.468089755513281247e+00
1.631708514438740565e+01
3.842254905135814802e+00
2.297046988367918274e+01
4.984741612138240185e+00
2.273823959513019588e+01
1.009498260534918401e+01
9.152964476175784014e+00
6.843993268274585873e+00
2.258043504092469433e+01
2.800645138878778084e+01
1.613131841598669070e+01
3.907583287121958904e+01
2.026856118769303805e+01
5.990015622768584791e+00
1.601847285423340539e+00
2.021939699109128519e+00
8.297693645229148984e+00
2.129560430967844411e+02
5.375781439924053551e+00
1.311834763837112305e+01
1.980864264560240118e+00
7.863522396353330279e+00
3.265517036774156612e+00
7.723730572421792395e+00
1.868034997523009721e+00
5.193734416722415759e+00
3.114290247456690253e+01
1.682438074967309127e+00
2.192665478822613867e+00
1.664571764521001285e+01
1.270576570677447847e+01
2.209517520441724514e+01
9.778810388386272479e+00
6.016229815829310823e+00
1.034132191347199026e+01
3.962864657126684875e+01
3.804545785516582512e+00
2.290874735484473490e+01
1.830577146787964349e+00
1.035705622565038730e+01
1.985960565574567838e+01
1.220918424299051885e+01
1.952853145899621978e+01
4.566726799698391126e+00
7.632521291605962155e+00
1.289279882775143449e+01
5.708269589578929981e+01
6.046404652140314795e+01
2.625411539069179234e+00
5.612944813131913513e+00
1.663154569059001631e+01
9.806582559174309210e+00
5.160379881166873517e+00
2.064481666289318440e+01
4.263609443937579613e+01
2.181432697112808228e+01
6.000724155563090356e+00
1.960252218235466870e+01
1.490076852645907124e+01
3.634247186514284067e+01
7.514585206836981612e+00
7.058589258426589019e+00
2.031026903950563778e+01
5.716759344202534265e+01
2.388218485803763613e+00
2.120647467505572337e+01
9.739190916716891522e+00
1.421716395386532605e+00
9.973215811664351449e+00
2.034460727135408220e+01
1.158926342211365323e+01
1.680697072613711640e+01
1.552252238151624297e+01
3.144143038405835355e+01
6.139225269324848355e+00
1.727238448091618395e+01
7.429969701548277072e+00
7.150854983947643007e+01
9.816477965325796973e+00
1.008084673917828233e+01
1.350181900023019921e+01
1.862725571951558834e+01
5.307711302950536059e+00
3.038129245279010959e+00
2.029422403229968097e+01
1.316895272300260267e+01
2.293113160421058172e+00
1.168206278276452004e+01
4.608318602302325928e+00
4.967507696034344278e+00
9.638105806806292364e+00
5.357020167711005421e+00
5.402440321561690517e+00
2.552589730388329059e+01
8.512677326161833591e+00
7.373883107702840611e+00
2.609072279822149287e+00
1.266888585770313647e+01
4.395163704820302719e+00
2.128862670459088591e+01
1.361843685000246751e+01
4.517358643786383254e+01
3.177183962895472558e+00
1.482831974813996467e+01
6.932529978262305548e+00
2.484859097516302739e+01
8.096918561626205602e+00
4.597136125536042783e+00
7.402571004127578291e+00
7.874144135646785614e+00
1.883673642758819877e+00
3.437661705552522484e+00
1.958364194532537184e+01
1.636313569913030364e+01
5.417092066420516439e+00
2.882050869638936064e+01
1.317951384715938978e+01
5.353170031473210244e+00
2.666699925795865678e+00
4.221859831518466777e+00
3.358784802636782363e+00
6.163478462218833442e+00
4.592007092732609763e+00
1.994057838421410622e+01
8.933479330331410395e+00
1.611193261612339001e+01
5.210800876084783262e+00
6.480471239278375428e+00
8.910439091880263618e+00
2.411857436181678338e+01
3.324916049548014740e+01
1.134480651926592998e+01
1.989711026034899177e+01
5.123984929286910628e+00
2.770561439496344747e+01
8.402835273016432893e+01
1.315353532695030658e+01
1.297794533497156699e+01
2.808192102068727891e+01
3.658821809971385619e+01
1.099717765664833991e+01
3.843870572280795095e+00
9.786544019715755383e+00
1.015785072339234851e+01
2.962387931327831936e+01
8.823142838496012885e+00
3.769935135735635434e+00
2.186060734914942127e+00
7.105155982870279274e+00
1.083682076113911741e+01
2.018807463464994179e+00
1.606960068856202906e+00
1.772629135391887445e+01
5.597203055449419651e+00
5.924495069508380674e+00
1.357453923504692028e+01
1.131633930205454064e+01
2.298129624151052397e+01
6.655652914806349685e+00
