2.905021756897344876e+00
2.009658243673830924e+01
1.069256301071102477e+01
1.413805464173552195e+01
3.552234815818894020e+01
3.078011643007238263e+01
7.412293233430838235e+00
3.968546807045332514e+01
1.178080686372878283e+01
7.623747938133459456e+01
8.128924467173311186e+00
1.937584746893883647e+01
8.760293057029326036e+00
1.122418285549029981e+01
1.933805309280360163e+01
3.110618834111647857e+01
6.263588371038689928e+01
1.344542093117565429e+01
1.984258505671797934e+01
8.631360471897894016e+00
3.833206210948785042e+01
9.597432987170265051e+00
1.315097281511158656e+01
6.015727891606347022e+00
1.997473216658826445e+01
1.158077998680820286e+01
1.701625082477865547e+01
1.098361199117990772e+01
4.160921678990006711e+01
1.810857295975556980e+01
4.876435678857205147e+01
4.550660709844029483e+00
3.269950017704059064e+01
1.769834474875743169e+01
1.496980557698219094e+01
1.739333826924778492e+01
1.729245185714872335e+01
1.764186725312456971e+01
7.436386964303990155e+00
8.795398165269435964e+00
2.816685654366290592e+01
1.373685918955105834e+01
7.759816809074907340e+00
1.147225075733487998e+01
1.443262414719889009e+01
6.707748311729129220e+00
1.956820040022630636e+01
4.418088498526771701e+01
6.272926809104854229e+00
1.744348391680775734e+01
1.650075477801325619e+01
2.215907074236437424e+01
2.892102237812958876e+01
2.574876549597700404e+01
1.325298763300022920e+01
1.576917689988067650e+01
1.234851375758249503e+01
1.161255578124019365e+02
3.122469012593191451e+01
1.147069653790953936e+01
1.166321672832798839e+01
3.436889078152240273e+01
3.841000428964574809e+01
3.107527477730899435e+01
1.866117731457097761e+01
1.999278924492496756e+01
1.275038331178974360e+01
8.590932217608388655e+00
1.767013147176789545e+01
8.958522870979487962e+00
3.500292013418926373e+00
2.732039568994757417e+01
8.922477117681832937e+00
1.190573066556020976e+01
1.216239064064741626e+01
5.331901083918091189e+01
6.759764246238741237e+01
7.503299243846082156e+00
2.470908802353964262e+01
6.081545409987787032e+00
2.141965916857822805e+01
1.028541056255567021e+01
2.608749085617807140e+01
5.397548312917258073e+01
1.264775765064855051e+01
1.975859229915912607e+01
1.562440248125694353e+01
8.366295010706654267e+00
5.799030086393399586e+01
1.994269266052855016e+01
3.697357554291280479e+01
9.225289967569917593e+00
4.177970694337552970e+01
4.786862483315042027e+01
8.307331042503649954e+00
6.756723987718393332e+00
4.483049843782104027e+00
9.857820280337907803e+00
3.073655799652797072e+01
8.407498077281889692e+00
3.396396838822363407e+01
4.920156896906124189e+01
3.761538200322346626e+01
1.490100976046488235e+01
2.762917578804750107e+01
8.141090997821049058e+00
1.709253347273282841e+01
2.458954785381904173e+01
1.461900307055054959e+01
1.532075183614832525e+01
1.520851649907254277e+01
2.001631305115069281e+01
9.224981219125113796e+01
1.206044647594981534e+01
1.794086638969810465e+01
1.541304224040554161e+01
5.574461091014376812e+00
2.985877092251540788e+01
3.444662227346181282e+01
3.004301544983161421e+01
8.222328598025887558e+00
3.275938922143294008e+01
1.678086865193029453e+01
1.813544309119328446e+01
1.580916863153923657e+01
1.261237290293853874e+01
2.070112378474427572e+01
8.555573340985464625e+00
1.696035975066928359e+01
1.873508735639551404e+01
2.227220927219151747e+01
8.841664941909844089e+00
1.470144147219890840e+02
1.232665881213543102e+01
1.108892505837260423e+01
1.706030469043458453e+01
2.116774949902131908e+01
2.588296909613912078e+01
1.474566538554807948e+01
2.133879830969307179e+01
1.079697866473864387e+01
5.143079144190921426e+01
2.432325126108169400e+01
3.604680243446935606e+01
8.497739963168843502e+00
2.694907890195122846e+01
2.789126450113506905e+00
2.063062138629802078e+01
2.598715560541814185e+01
1.965896144046751459e+01
2.879515724166643764e+01
1.176788155779958167e+01
2.050493216530615470e+01
1.327542362404895826e+01
8.624811786799373436e+00
2.820869462740679623e+01
1.372567601969415030e+01
1.416141861227263377e+01
2.392295700303947115e+01
8.723101311928191492e+00
1.297229159048193026e+01
1.598290748924735816e+01
1.361238372963976317e+01
1.369719530500429272e+01
5.394678101723745556e+01
1.773209307305988602e+01
3.796701544870558820e+01
1.490188499637015340e+01
2.786175620804125685e+01
3.192728032832509300e+01
2.261645755919007073e+01
2.556188379730870963e+01
4.003168845487019212e+01
2.469791647833093506e+01
1.339503950556756173e+01
1.673437015752852730e+01
7.952379061548100481e+01
9.445786368871550565e+01
1.419711921353069961e+01
1.731300765163508260e+01
1.435282957210849553e+01
7.120047645611859366e+01
4.334142824568849761e+01
2.008575254627605844e+01
2.704838836735037688e+01
1.047093136389378643e+01
1.031943086200269377e+01
5.406411797059202051e+00
2.145650320023722912e+01
3.212778983863027094e+01
1.826184000842614097e+01
9.784727722386037385e+00
1.216970850020973316e+01
1.695636668092333110e+01
1.171036212796491149e+01
2.496872463882321114e+01
2.084488393191347200e+01
3.486416804210431764e+01
3.046228038978170183e+00
2.002938598221464872e+01
1.384986133899815108e+01
2.738179558711743766e+01
1.271427881826770445e+01
1.094703919562751970e+01
7.522148263444410787e+00
1.066836715645517764e+01
5.850786079192997313e+00
3.417911786839439259e+01
2.466675264876348095e+01
2.263794672123903240e+01
8.829603762342312478e+00
2.720203930772800049e+01
1.608718314344112343e+01
3.010156754466553863e+01
6.627698712902055256e+00
2.889887855981963227e+01
1.701491974024927956e+01
3.416926633927990054e+01
1.755896851680068238e+01
6.420449222854443860e+01
3.153903106521006805e+01
3.342988301834432718e+01
2.720132360800735327e+01
8.706997933186736205e+00
3.424673619782494427e+01
1.029098890209679773e+01
3.077533133042466318e+01
2.629086765176974438e+01
2.618150817199216362e+01
1.262672082732481904e+01
2.745177826967719525e+01
3.732698073174895992e+00
5.658217606524574705e+01
1.531796233425950504e+01
1.986643153504340020e+01
4.559090130899330262e+01
1.167706446155716726e+01
1.179379873002935675e+01
8.701970371316180675e+00
2.596555126337770147e+01
1.734282669991288373e+01
5.812490044429796221e+00
5.953290458839600952e+00
1.069335436316819177e+01
1.478078939915105927e+01
2.286819765204719701e+01
1.005010671785012200e+01
8.773319947109676775e+00
2.126822133559910100e+01
9.704192860846124091e+00
1.320263777673809891e+01
7.710574582019804168e+00
3.352707028546742407e+01
6.295023254275612601e+00
1.324739786523702811e+01
2.727531617081828230e+01
4.078791966249436030e+01
1.082666876845562953e+01
9.481549060714097976e+00
7.940552543636755445e+00
8.467671146708637764e+01
3.312350244588273540e+01
2.144410178785861731e+01
1.261880413471846119e+01
3.102953653649779042e+01
1.306340115433762428e+01
1.957848126752106666e+01
1.384107661779136578e+01
1.005040026928103103e+01
4.332656537498371563e+01
7.889726945641037048e+00
1.269586742744884944e+01
3.057237575165817400e+00
9.328457883825629793e+00
1.169076011447203989e+01
1.280147153266748816e+01
5.823651268900968603e+01
1.302816102085209415e+01
8.879826239802886434e+00
3.997471582377612975e+01
5.999698338789511531e+00
2.461208434177353510e+01
6.237478022247796794e+00
9.175521351606709786e+00
1.520256083173096506e+01
1.023390173612436094e+01
2.244854471086255288e+01
9.541179020892364804e+00
4.093962545753229421e+01
3.159165468611895022e+01
1.376066417653231078e+01
1.782314405530033241e+01
3.426938216168832696e+01
1.734800696973541179e+01
3.378977483500416668e+01
3.260689713220670427e+01
1.349919114860401415e+01
5.276552563355627257e+01
6.923485297531133398e+00
1.406710050580145435e+02
1.928330914048087408e+01
2.256656349269757911e+01
7.018230586594070175e+00
4.451214930687211080e+00
4.561056911040291340e+01
2.239430271282570573e+01
1.822739761978031581e+01
1.490746628088216674e+01
1.869768790781373724e+01
2.271292979906399623e+01
4.632860192493211571e+01
4.234595234559497356e+01
3.214994947782090406e+01
2.321975445757172807e+01
1.566308165664549712e+01
3.415000355406839105e+01
4.302591162076149089e+01
1.244430459036802183e+01
2.482689941431426917e+01
1.640654523036567269e+01
1.628408828750272619e+01
1.068144234755669331e+01
1.036736023601774015e+01
4.061304839032315428e+00
2.491010414999444933e+01
1.565947100075898391e+01
1.043728270245063605e+01
4.566403624654825677e+01
2.810461324863568677e+01
3.132072067322632591e+01
1.834971251854663166e+01
8.891883679008091690e+01
2.143784685464956752e+01
3.681430130906361597e+01
1.860328536471729777e+01
3.717779078976624874e+01
2.991965460204369265e+01
9.062759233539750880e+00
1.890947908658379362e+01
3.259270178082509517e+01
3.871541296890443107e+01
9.475979838886768647e+00
2.928416497775538829e+01
1.177544480955318917e+01
2.602396403413141002e+01
9.109432767305905898e+00
1.243892315557944350e+01
1.402966499101649411e+01
1.902662406804813600e+01
3.728915387831887074e+01
3.169938749611419126e+01
4.066821438737380845e+01
4.464474431246336650e+01
1.189724330438840560e+01
6.496357227154994973e+01
7.968808573852466992e+00
7.888474037867988287e+00
2.232461040217709325e+01
4.959098272551129227e+00
2.027426169959198177e+01
7.436835931399111033e+00
5.090320471169205518e+01
9.622074614819284832e+00
2.642569063578955024e+01
1.515068461151261303e+01
1.279981903601909288e+01
4.322222816439559523e+01
2.512740579553868869e+01
1.202369850712742938e+01
1.050761745724617491e+01
1.500425551372891952e+01
1.477827081990189129e+01
3.490965176727497266e+01
1.301798454484570300e+01
1.322198949692602454e+01
3.436231797967886337e+01
3.516269232493344532e+01
2.566567147837701413e+01
3.203160664069077512e+01
2.825409762991032281e+01
2.497373383900927735e+01
2.128157500178882344e+01
1.521247134167302306e+01
3.989608357653026616e+01
4.699289109407860821e+00
2.428721551347157614e+01
1.601518156431332685e+01
8.109797638096981842e+00
3.071774820231785696e+01
1.322059975989728642e+01
9.030346224747198391e+00
1.043780903302324781e+01
6.487589257616710903e+00
4.221354367581027134e+01
4.309052171197490289e+00
1.115250963995163858e+01
2.623215851571004720e+01
2.624023273941169521e+01
2.846029719898078625e+01
5.714023011230728599e+01
1.693718602017204233e+01
1.063701918063498297e+01
9.579600787415952823e+01
6.706077899192356639e+00
3.617846621999598966e+01
5.087723211099088871e+00
2.936682763381589112e+01
1.366830991999717426e+01
2.791482266209121121e+01
8.491660600406665083e+01
2.373593091104291375e+01
1.263705775141346699e+01
1.208287126544000323e+01
3.787306801867998018e+01
1.657826178289989727e+01
1.479121966987707104e+01
2.686041337619905534e+01
1.122498789569647215e+01
3.062117776031042382e+01
1.400545995654009346e+01
2.483319475225921380e+01
6.094875014567573857e+00
3.121866342645337866e+01
4.477732844216880004e+00
4.984448456728831189e+01
2.755284985185832269e+01
9.259163135443790438e+00
1.382933044369852738e+01
7.882228537138780666e+01
8.343210721226119730e+00
1.680786290370675218e+01
5.527430537290984347e+01
1.948173518131401138e+01
1.151657521845231713e+01
2.685809951939542728e+01
5.519595148996747014e+01
1.573218257852768431e+01
9.016884757418859309e+00
1.556562144798598091e+01
1.853714798798846175e+01
5.996875837479842630e+01
1.361319677013259621e+01
5.032041258077435231e+01
9.534853183723040360e+00
6.625354950114190444e+01
2.643782210996856818e+01
2.551124737318455260e+01
1.640157717734677334e+01
5.618035898977197462e+00
2.661633535465680467e+01
1.456848197032522130e+01
2.833335531666200779e+01
7.755657133736624687e+00
9.806378315837008586e+00
1.624934841898567583e+02
3.649747340479714808e+01
3.392814001987386519e+01
2.367488310567767229e+01
1.372154578134601799e+01
1.234828494057625825e+01
1.002960343031488222e+01
3.358770877085412820e+01
4.260999238236037101e+00
2.791498678046132298e+01
7.644013447116032367e+00
3.435624584107618062e+01
1.418507458626629258e+01
3.848471511751204588e+01
3.430353468705867925e+01
1.751768081720158676e+01
1.959018985177913308e+01
1.951179500046333715e+01
1.815888163605655237e+01
2.785194806986261185e+01
1.948710235404549351e+01
3.149197201978360283e+01
2.987141356862811392e+01
9.638114996264127043e+00
2.628780977818899345e+01
1.707515813584106468e+01
4.057311850437696421e+01
8.597962516244660236e+00
2.984785788001767060e+01
5.702208837115586704e+01
4.200949834951526185e+01
1.142086857678762257e+01
8.331912826895608859e+00
8.893576830116703746e+00
1.819344137735179245e+01
9.737397125203278492e+00
1.213753370404002574e+01
8.416167183737826463e+00
1.235017388098701829e+01
7.231567678968751522e+00
7.698850814063223247e+00
2.040564679933508430e+01
1.997909350649921834e+01
1.861429067702617601e+01
1.986765731258319789e+01
4.069828625573789438e+00
1.315696986052228468e+01
