2.725814018550613227e+00
8.297264056377073871e+00
1.432537658905925682e+01
2.791304406695869389e+01
1.508418156617229045e+01
1.607012542735299476e+01
9.649186797733639409e+00
1.046959739537174983e+01
9.744859345734658618e+00
4.950123613672124279e+00
1.531638731087885041e+01
1.287579601482393628e+02
1.026198094683030959e+01
1.586647886421098264e+01
1.733650088328686323e+01
1.033872151797418937e+01
1.391281524901186550e+01
3.500710988722106265e+01
3.095798533644738626e+01
1.842558217046908453e+01
1.635809608727466369e+01
3.444676431614700363e+01
1.486573244182285158e+01
7.128813143247441531e+01
6.021551323869422134e+01
9.664998672274693448e+00
1.221788994932653694e+01
4.711859448740730727e+01
1.378973482682832525e+02
7.551054841216851443e+00
6.860402726251622063e+00
2.729847155260546998e+01
1.517734704144419844e+01
2.634265408186745105e+01
1.367411878089919774e+01
3.606425951453086043e+01
1.177798109326839437e+01
2.480151954492720279e+01
5.863298266725865915e+01
9.960262990418403461e+00
2.913231194243740418e+01
7.807360439438634003e+00
8.887548688651387252e+00
1.548720258394209459e+01
4.502269773993908331e+01
2.761846777053402846e+01
1.076255395806639115e+01
1.267290230931241446e+01
2.991448029481839299e+01
3.987892845787879992e+01
1.024493903695348607e+01
3.318598214385034595e+01
1.112059559974091982e+01
1.459247116067666816e+01
2.401956546868721887e+01
6.539903415369454187e+00
3.008079915110427649e+01
7.054161571995322788e+01
1.156569605185535643e+01
3.346179314500233204e+01
7.506867320610733252e+00
1.028419637870659997e+01
5.248850509845708245e+01
7.665890547550456802e+01
4.576538602585004867e+01
9.277727023535611295e+00
1.101667157501938021e+01
1.219330641620320499e+01
2.055955522851819950e+01
1.943427590280233019e+01
1.196295946686093536e+01
4.679502510444824459e+00
2.416813910136860599e+01
3.776269557403968946e+01
1.903379598572574594e+01
6.064241365322023292e+00
1.739882390157507785e+01
8.284808370720957882e+00
1.856165522584980820e+01
2.291123456100808653e+01
1.177042081804014906e+01
2.892545627761090188e+01
3.947802417709046097e+01
9.715324882139618978e+00
9.616764901319934111e+00
2.286010146921951858e+01
3.511269597175189006e+01
5.766212134015607660e+01
1.022515775406799143e+01
2.654604867091793885e+00
2.771770338239351972e+01
2.127636623083893852e+01
4.275873876095428017e+01
9.950568346892350036e+00
2.582440347623463950e+01
3.725720408409543438e+01
4.691051679149371978e+01
1.975907682458906578e+01
2.271908454687480727e+01
8.291575485930591682e+00
1.866153152865433640e+01
2.591092050785393397e+01
4.219916228135749492e+01
8.092353378559035804e+00
3.161899815909557176e+01
5.925736646334615720e+00
2.364061584896494495e+01
1.660970358161183213e+01
3.467885720886587109e+01
2.772160351434445502e+00
1.800223882587874868e+01
6.352139734107932867e+00
2.976705923369549112e+01
2.534082859150271005e+01
8.070676204739209325e+00
1.299392222179600154e+01
1.238496839825276830e+01
4.403521937808722697e+01
1.463138786634767285e+01
1.848769848712127128e+01
1.156333165124697793e+01
4.267692246675274248e+01
1.929112887220166073e+01
1.346628957177356867e+01
1.231050886492828411e+01
3.927067565938720151e+01
7.015235423339745147e+00
9.273314205005728894e+00
5.540200730318035838e+00
1.398082153349838386e+01
9.227158323653757321e+00
1.464344258328625870e+01
9.730785719728377359e+00
1.433263007408261913e+01
9.402677212334710433e+00
2.599257471121283203e+01
2.051436118646638107e+01
6.457545107194053280e+00
2.994871440668979545e+01
1.669544575231009986e+01
2.148638092141020906e+01
2.798689652946381301e+01
2.319398948795260651e+01
2.869565686700092755e+01
1.545402696879918381e+01
1.156624177624204641e+01
2.857970283954699298e+01
2.516483343319914212e+01
2.663207279385637349e+01
1.541216045676044821e+01
1.515456998961548152e+01
1.296510708793934441e+01
1.183046648174331139e+01
1.088729315836596498e+02
3.437632995623025067e+01
2.729838045303029759e+01
1.638539588406617042e+01
2.299886662778695978e+01
2.334484967556402779e+01
1.612390866609882423e+01
8.774029524967502880e+00
1.225157688799101408e+01
5.002927981460400986e+01
1.182086256014152781e+01
8.411241978175649336e+00
5.354939327587370457e+00
5.354926561715724631e+01
2.786317257535749903e+01
1.658962782064404706e+01
3.667418393098285545e+00
3.441130812306494136e+01
1.444730593433135901e+01
2.594747191902342820e+01
3.086459075402426322e+01
9.165615036718097741e+00
3.061258724396979147e+01
5.870505320206923727e+01
3.406043787867238137e+01
3.147845792651735408e+01
7.190281386070100034e+00
1.559524143760122072e+01
2.435385060280126801e+00
1.593187005407805934e+01
2.459915938842857841e+01
1.547872949030999656e+01
1.064208967130914019e+01
8.209707798648864241e+00
3.104035476907919033e+01
2.628763105846586257e+01
1.616220263373917376e+01
6.675299424989455943e+00
2.505477273123971571e+01
2.370677889941514138e+01
3.762877121718538831e+01
1.148546977844728012e+01
1.352643498903309016e+01
7.986584361483656913e+00
1.785559132339547261e+01
1.319460891114431611e+01
7.462798130913959938e+00
5.815127402277352253e+00
2.108936574851649581e+01
2.371514940968802065e+01
1.605246674344218860e+01
6.680713180623113701e+00
2.904012203049480334e+01
1.348371884071916682e+01
1.099213667934112770e+01
3.609853681016521421e+01
9.698070185462942305e+00
1.592367394303415828e+01
2.693149238460519612e+01
1.704822291484764207e+01
2.054156438517984284e+01
3.549687089546284824e+01
1.522350825319469969e+01
1.944005184204779013e+01
4.112169757097615275e+01
5.699149548168302104e+00
1.522007852122715832e+01
4.670169598287212409e+01
1.370556055075706858e+01
9.894063447971397807e+00
1.735004626456190735e+01
1.076130758464822179e+01
2.776173621464362640e+01
2.084932433935211549e+01
1.287282804364114419e+01
1.741721467092088105e+01
1.442028072558426288e+01
6.372258235059415199e+01
6.355224546356395621e+01
1.279892558255270707e+01
3.844480606342290940e+01
2.762359000265878706e+01
9.732517678205890377e+01
7.368327461750361351e+00
1.804797001372941168e+01
2.240200910383699906e+01
2.319443494262628391e+01
1.782367745962049455e+01
5.489650232796580376e+00
1.961296413600857136e+01
2.347791032200802519e+01
1.921576654370021942e+01
7.672930662515140909e+01
8.951127870090718375e+01
8.975084291795575098e+01
8.294038727384362986e+00
2.692563413694896823e+01
3.175687333160907500e+01
2.247003676336759170e+01
1.190738999490108796e+01
1.543333277491201372e+01
2.747892326902795901e+01
1.216233709888801506e+01
1.771214237129077418e+01
1.734572425770259230e+01
1.825803455493279159e+01
7.477559906945492330e+00
1.641233044007826791e+01
2.120347645028559924e+01
2.974492885177577151e+01
3.582536880660523337e+01
2.347014180943551054e+01
1.314358948551760164e+01
2.840555707390208084e+01
1.188759772999422815e+01
4.518507788568806305e+00
3.348211846921313395e+01
1.200636768767427043e+01
4.741035901793257068e+01
1.336207848076141680e+01
1.346333340581672289e+01
8.612398780893842698e+00
2.760739573988591644e+01
4.040385142150019249e+01
6.687324559870940099e+00
1.193655253229385060e+01
1.368009959478990112e+01
1.416666649397244093e+01
7.006713202358982073e+01
7.417558487990034166e+01
5.520351202973543536e+00
1.698291535808096597e+01
2.825397423248475093e+01
3.691233331323779510e+01
3.421434026504734049e+00
8.225141427623093193e+00
2.084923219012589968e+01
2.153449033339719776e+01
9.027278689365781261e+00
3.713265107533177911e+01
2.016355354682317724e+01
1.646821415328244598e+01
1.265312435361582821e+01
6.933684947403678578e+00
1.685363661887794962e+01
1.674540931453457304e+01
3.810801276714640640e+00
5.524179010871383610e+01
9.500149399537619388e+00
1.044038385806814873e+01
1.052253009851169452e+01
2.674142391505527172e+01
2.458315927176432325e+01
6.793017324159626469e+01
7.855474636418171563e+00
1.557792550673059040e+01
8.033708981588530307e+00
9.615626253280922242e+00
1.440825757131161033e+01
6.175907806898538688e+00
3.372303905571448723e+01
1.068499441527631433e+01
2.520208310448126099e+01
2.063484827949549327e+01
4.101693272557107406e+01
1.610008428300448458e+01
2.394630338588923024e+01
1.236411084908641378e+01
5.021137996779165746e+01
3.509050308152487219e+01
2.791214237163893941e+01
1.198304948513114887e+01
3.218409713461026911e+01
5.744668287858678113e+00
1.264692752925179420e+01
4.386696591303270942e+00
2.859400149116183343e+01
9.628225059919035544e+00
6.553712600146877065e+00
1.730027900866475932e+01
1.756585367536077413e+01
2.805880318977752808e+01
8.833429061316598663e+00
1.766648769504944383e+01
1.313410911829992500e+01
4.931152073984913642e+01
2.278955923314601506e+01
1.725237442228915086e+01
1.548954939660303332e+01
1.130509416693333158e+01
3.274607129314052401e+01
9.815304202597625149e+00
9.402236277128233155e+01
1.322750410727896764e+01
3.232167328507733828e+01
1.745020698604117015e+01
1.436520231940257197e+01
1.235229184195764596e+01
2.093923809115762680e+01
4.246141462182794868e+01
2.649193956805815375e+01
5.704915007977025709e+01
1.046083984900926644e+01
1.875120394960125481e+01
1.394439497752403234e+01
3.529680262460703233e+01
4.670796268415021046e+01
2.256386662651690500e+01
1.304630274896363851e+01
4.380697038186435321e+01
1.435489276514773849e+01
3.876155236652753189e+01
1.633218159358814603e+01
2.131224137842883337e+01
1.864760844801106288e+01
2.502109928488138024e+01
1.363844046366772211e+01
4.193004058061957551e+01
8.992757177532055834e+00
1.890453046681954064e+01
1.089523128603114799e+01
3.592779680543610255e+01
2.002902253942500010e+01
9.596237955881619541e+00
1.739037657737405596e+01
1.268718302264662334e+01
1.491305927064425241e+01
2.034117996477394641e+01
3.327918699813812253e+01
6.995624282840340769e+00
2.075013068449674591e+01
5.547938339802079355e+01
4.782928374150235840e+01
1.825294010979885684e+01
2.873343730076074820e+01
2.020944403537860268e+01
1.340951868380756018e+01
9.813289037481759181e+00
1.749336208087876088e+01
4.214377416944830657e+01
2.187433059595879570e+01
1.316049561556298642e+01
2.279574768923162509e+01
1.344510608857022049e+01
3.003539638366257947e+01
1.395324351709918886e+01
7.813032159247593533e+00
1.576569256035805040e+02
5.310902407017112026e+00
5.858519942869429897e+00
2.558928213306488786e+01
4.540739936130536059e+00
5.332500311866436249e+00
1.564953594570758355e+01
1.830328032486903922e+01
1.301041336330475851e+01
5.463146911915616855e+00
3.699324705809711844e+01
7.233358750910400481e+00
2.625829949127689389e+01
1.334935544746401703e+01
1.377454688654883341e+01
2.034637392369036490e+01
1.449913910648879245e+01
4.156816739385367043e+01
1.407485309042319344e+01
1.480973566419768161e+01
2.859086331152914795e+01
1.052099349547968465e+01
8.994537589267750377e+00
6.004648272330144643e+00
1.984483422235869909e+01
1.024279467847193814e+01
2.058758117719832725e+01
7.157229697144053659e+00
4.441318912246384976e+00
1.693218969569905497e+01
3.983200582073577856e+00
2.583026945001660124e+01
1.110646569363439973e+01
1.432308684686517175e+01
6.807121180346284994e+00
2.566727511752231905e+01
1.755271616053426698e+01
1.914136562935687635e+01
1.053441757571888715e+01
1.593705258139237202e+01
1.153815172629459163e+01
1.660777192425926074e+01
7.424544125021541596e+00
1.527947421047055521e+01
1.477049459951544286e+01
1.160554114909134427e+01
1.392026064599264323e+01
7.137974493425321754e+00
6.074154159546131027e+00
1.967749351678533287e+01
2.590908953044179697e+01
3.800224002798731959e+01
1.528943178361302557e+02
7.950334515352722953e+00
1.626978753962833579e+01
1.826896648398904688e+01
5.069839599142102138e+00
3.927318577607094241e+00
2.880718651896215476e+01
5.517524033385078042e+01
3.285764799039649375e+01
5.716541092032689342e+00
1.091855254867133240e+01
2.403187525291343007e+01
1.454495454165570756e+01
9.746073146482144622e+00
2.495162133121223746e+01
9.001080323109512449e+00
8.846584275527169083e+00
3.451220219446955184e+01
1.323088216195164257e+01
1.812564620722808328e+01
1.001128933152923395e+01
2.026894544334950510e+01
4.264858699760807781e+01
7.600100907090721947e+00
3.270058566750944351e+01
1.252132088604369287e+01
1.762887708901189399e+01
1.015872520272607282e+01
1.555769104842476658e+01
1.519087878431348493e+01
1.357399346411557417e+01
1.712505168330360306e+01
3.254106067589766838e+01
4.254164966396215419e+01
6.917733033065712078e+00
2.793842229237167274e+01
5.980041729447509447e+00
8.034320914619780041e+00
1.180506203684687883e+01
1.470705765976020274e+01
2.264404498037198366e+01
1.789497847070096981e+01
4.898247761076614637e+00
6.830315620465192694e+00
2.840615692914159496e+01
1.123223892066127405e+01
4.072401558154853518e+01
6.231770707539831733e+01
2.115230102950548741e+01
