5.784021082648480139e+00
6.761818938137091450e+00
8.317757012372737790e+00
1.340344427529110050e+01
5.605943108202446012e+00
1.391592801026791903e+01
7.199107557694164328e+00
1.075651034041880649e+01
1.993585370846607674e+01
4.397458174865279013e+00
9.334731844015598767e+01
1.449289809939346796e+01
3.398604523867734173e+01
2.219904310507429201e+01
3.448896389388936967e+01
1.810276266546403079e+01
2.264624396418077978e+01
1.837744613592132907e+02
3.513625538853155916e+01
2.971075621672485667e+01
3.884287130084166506e+01
1.875358637485803825e+01
1.639227032159028496e+01
3.015741707088729839e+01
3.066682079994670573e+01
9.865120897578297132e+00
4.231887058947475744e+00
4.623220197651120600e+01
2.065148502975485201e+01
3.910534781356211909e+01
2.277167687557305342e+01
2.046990163400954188e+01
1.314732667606803318e+01
6.597414979883690478e+01
2.616118323961279657e+01
2.422761600132815829e+01
2.777577799742569908e+01
1.872254060697148859e+01
9.208585333185917321e+00
2.839027851468840957e+00
4.719319763252232036e+01
2.397278453624169003e+01
1.148081950100679194e+01
6.076249161561525725e+00
4.339041953966152931e+01
6.337254961794077879e+00
3.543451051674211527e+01
3.273778503151507380e+01
5.664850560370836519e+01
4.457837092477023333e+01
8.140874014924877500e+00
3.716726941374668414e+00
4.411158441962105492e+00
2.635582742824974645e+01
1.752988374283283690e+01
1.994750416812329163e+01
3.008891803506284290e+01
8.755249502942368167e+01
8.685634790046657727e+00
1.441399133839141378e+01
4.502850892214287626e+01
2.173531123523267894e+01
2.073314344125930475e+01
1.111626104885148614e+01
9.376196829363587781e+00
1.506473656240829229e+01
2.035759640243769653e+01
1.897289916170252155e+01
2.568896672372353152e+01
1.141806722246613326e+01
3.175770947762724727e+00
1.716867296495149731e+01
4.779546955778260831e+00
9.837355847916913376e+01
1.493802057786041892e+01
3.896226020221546094e+01
7.598371973833910431e+01
7.483767917047975970e+01
1.149295999882721375e+01
2.172673112382175020e+01
3.665723567499544799e+01
6.414780529378275808e+00
4.808907414464867713e+01
1.560025892624811483e+01
1.472845949662312819e+02
1.444508500692545994e+01
2.721837920968543933e+00
3.737486033837593169e+01
1.980269817928612497e+01
2.856836446622427861e+00
1.394657293060405756e+01
8.622403375210693000e+00
2.699067616259260944e+02
9.276996962365599231e+00
4.482632439508445366e+00
2.188060656388247427e+00
6.675545397235460143e+01
1.041207380283122141e+01
3.607560461060393919e+01
2.388649947733916790e+01
2.437978884507726463e+01
8.946833169118686868e+00
4.077187768229421039e+01
1.083100854395536885e+02
1.715571239416060934e+01
1.374074015614682764e+01
3.209617361488318465e+01
6.611932928217873595e+00
2.045875488171283507e+01
6.450763033803731616e+01
1.961691144835349832e+01
2.107249517428660468e+01
8.024689230121961003e+00
3.362703133983859516e+01
6.888562484490650561e+00
1.967443787844177550e+01
5.878808117110382980e+00
4.316670817432004981e+00
1.134370638495035699e+01
3.133326473931531808e+01
2.522630274834556019e+01
4.657086942922066441e+01
7.236004033911170197e+00
8.708031629321080658e+00
5.602064521027483579e+01
1.057130244186897983e+01
7.130260483940383587e+00
2.687493480316190286e+00
1.615572666310251648e+01
1.806926348950602446e+01
1.433859847834629342e+01
9.150956864864770779e+00
9.638404681068256252e+01
9.953956938456895998e+00
6.127387249939854286e+00
9.843548979613533589e+00
8.963213773909719961e+00
1.139429601245572954e+01
1.851116093621345016e+01
6.511611098813679277e+00
5.725999245802871940e+01
2.205862052298661524e+01
1.798163538596694622e+01
1.963742099433960675e+01
1.348463088916327877e+02
1.087797757542671384e+01
2.816024343729480961e+01
1.120743124496160625e+01
4.154672315568382857e+01
5.811985033592898731e+01
1.218560180615791388e+01
8.140756090258810218e+01
4.097230080817456610e+01
5.493561832006877310e+00
6.575425450121134929e+01
3.592157902241753220e+01
1.161973883207398828e+01
1.515141426443744166e+01
1.320710855908804326e+01
2.278831381540569012e+01
2.168424818988329505e+01
5.878679257673460512e+01
2.149681748842428419e+01
1.349717086294972823e+01
5.709520318361465741e+01
3.047026204543798755e+01
1.622314564004883408e+01
1.734453380771432052e+01
4.121137170764839652e+01
1.040888761318198164e+02
1.812782949857930603e+01
3.919016579978061543e+01
2.103474793000241405e+01
4.116609525169332784e+01
6.653829541730644337e+01
2.549955523521914902e+00
6.492738118202902342e+01
1.731785555237466356e+00
2.076605191622862989e+01
9.352008102524321131e+00
2.853146413100590806e+00
1.982413394079917168e+01
1.023058842157919912e+01
8.435721434388412376e+00
2.461549705619757233e+01
1.635111430324373316e+01
1.992827531952618614e+01
2.119784776362210010e+01
4.099743831717101727e+01
3.181136916385588975e+01
1.837902638118750076e+01
1.178471843842760869e+01
3.794323081881839244e+01
1.775400442734558126e+01
1.290604817830518058e+01
8.968020264699546829e+00
2.105803459447144377e+01
8.752666468328300198e+00
1.119749211662109190e+01
2.404603504540597214e+01
2.799604419020983670e+01
2.091961955818129582e+01
9.815264044135107113e+00
1.498420795814920581e+01
3.519358230371170038e+01
2.329367806649861095e+01
2.583652911966241561e+01
3.094511837486615136e+01
3.993790652091929960e+00
2.079856424177556562e+01
1.282935312047253262e+01
1.038351457000183586e+01
1.829446401864827010e+01
1.469631973961945164e+02
4.093280062808841535e+01
1.313290696306941285e+01
1.375750878715056125e+01
1.872638885712784429e+01
3.484301860612976753e+01
1.155045161735838199e+01
7.710082389103058986e+00
5.836319029037764494e+01
5.667713058428866191e+00
1.762655279782821793e+01
1.026975649673120898e+02
5.971954189347086661e+00
1.791270949420192338e+01
2.295367808742177829e+01
8.783034976653667059e+00
1.790250950767194382e+01
1.234048807830440708e+01
1.159976415025718133e+01
1.441244365317916731e+01
9.640724948990428089e+00
2.671036851458039862e+01
5.998723606048693036e+00
1.420681785090452998e+01
4.822285404359889505e+00
9.216161608519993109e+00
3.494007756267266984e+01
3.060477474024220257e+01
4.091320744291270017e+01
1.811447078511284303e+01
6.530152030178729206e+01
1.588896453787493002e+01
1.521858056137357451e+01
2.377769923007859632e+01
1.285484342070399677e+01
1.488262750731284889e+01
4.374298965674588757e+00
8.089383005756818790e+00
1.475028946604885682e+01
1.825648781312035140e+01
4.906815676687526206e+01
7.052895968578626551e+00
1.436028830615838636e+01
2.470241372373963173e+01
1.094375208993245607e+01
2.006020358708758522e+01
4.818009260422291717e+00
4.469995645730889144e+00
9.577845700456814271e+00
4.979980008855437035e+01
6.157968174524505400e+00
3.709708008701259274e+01
3.016206933987484007e+01
4.455848273894624789e+00
7.450355055500592627e+00
1.260484027978078991e+01
1.779547069703093953e+01
4.728226528391319761e+01
2.312019521450207193e+01
2.795580076281166892e+00
2.241155131037578840e+01
3.669155999090807363e+00
5.193542446603173346e+01
1.507146230431363954e+01
1.354802841708763417e+01
3.716334582840893574e+01
2.719453328059481478e+01
9.942061320943325953e+00
1.117051310196157132e+01
8.918521560987892727e+00
9.680115203256879397e+01
1.415125584209472187e+01
4.273433545111703324e+01
1.925759231869583843e+01
5.499558282567544865e+01
6.699140671960981308e+01
1.422717233576090479e+01
1.145089308809155781e+01
1.013784818067158611e+01
6.964339001384382755e+01
2.457158672275032707e+00
9.617376506253146218e+00
7.892404157024654410e+01
2.230893558570500801e+01
2.861927138167471441e+01
1.797803250384468043e+01
2.018375270953054113e+01
2.033635516406176436e+01
2.549062715710311267e+01
2.807585151984808647e+01
5.702546580091825135e+00
1.899234243381304310e+01
5.067365122032678926e+01
1.999281688357229214e+01
1.572542905710747263e+01
1.299615181446877088e+01
1.332828111520026653e+02
2.226024468262400902e+01
4.455413148831677717e+01
1.989337127214324497e+01
1.077858850374528110e+01
2.046405456744276918e+01
1.274783283882745195e+02
1.011668755597271883e+02
2.808258661930442912e+01
9.760341030962646158e+00
4.226518040607809112e+00
1.098986809805486686e+01
2.926581402057613701e+01
5.515629144682060314e+01
9.766254996022867729e+00
2.020450090131508958e+01
1.189148679536375752e+01
3.387830268910987286e+01
1.295656916840544959e+01
2.664243577377067851e+01
2.964448198817715152e+01
5.195799473331826235e+00
6.351839395913286168e+00
9.669231315657299319e+00
4.910812627247914008e+00
1.022794435300559712e+01
9.948839495336860850e+00
7.091209232573658205e+00
1.140054965686216626e+01
1.173410505513196789e+01
2.220969053248613889e+01
2.441716246440020832e+00
1.908614868699257627e+01
1.159381634970427832e+01
1.449328262923788380e+01
5.066231824489528890e+01
7.136753066478668472e+00
2.703911744333649736e+01
5.791712499436776795e+00
3.979892144812375410e+00
2.253501314809490808e+01
4.488993597341538333e+01
9.298070061527370811e+00
2.134536310697853523e+01
2.272820365544877319e+00
2.210109927294767118e+01
4.354706740593004355e+01
1.770853556209570101e+01
2.364931700958246807e+01
7.688551729854938621e+00
1.195737724482090059e+01
4.200979581192710555e+01
1.723123975109143657e+01
1.236755601842693686e+01
6.367810952754457965e+00
3.726908297723083052e+01
1.354612041656403321e+01
7.903333152122213789e+01
1.370358665545015597e+01
2.751922090254727848e+01
3.943606485824079044e+01
6.536831172461017303e+00
1.958086716794198523e+01
3.158749279681623001e+00
3.431038151689323001e+01
1.994533760522362087e+01
2.440762251463126020e+01
1.213280705733421350e+01
1.723337994735911494e+01
4.864060027087823102e+01
2.175499360395511417e+01
4.096666893143640920e+01
4.377606623145741338e+00
1.021505112198556908e+01
6.818177345071457118e+00
2.801290945445182601e+01
1.503037534595630831e+01
1.500302085810408315e+01
2.508252990221654244e+01
3.328901907851846431e+01
1.154809448124169613e+01
1.958119752197723429e+01
1.968964357690873967e+01
2.616828472433563846e+01
2.179652089713164287e+01
3.615738346707084361e+01
1.550668772854569433e+01
7.728197032342235673e+01
1.730163548888194569e+01
9.424911717175708858e+00
1.113289096011530255e+01
1.233445240585241187e+01
6.113318180243737743e+01
1.687388987490859904e+01
4.450018817958711281e+01
1.679145445082666299e+01
5.778459709398946842e+01
1.742195831698264641e+01
2.650421776411263508e+01
6.576050574050126940e+00
4.244076539584294494e+01
1.274891485231756505e+01
5.113439184187273412e+01
2.935157322429128257e+01
5.460136962972761410e+01
2.479713795668842025e+01
3.845305746245573975e+00
4.885445753190197138e+01
1.015926480198433168e+01
5.035808640329658914e+01
2.274543275166387701e+01
3.106416145795589401e+01
4.499562331053231645e+01
4.426393107996243259e+01
5.180338206882412067e+01
1.851560234424407980e+01
2.253264823113715920e+01
5.829793832813324528e+00
1.995337369135919658e+01
4.999476283561907763e+00
1.433117230095670891e+01
4.860352366737031815e+01
1.847638234175888527e+01
1.667580896605633001e+01
2.488851378339165166e+01
3.247316086770180021e+01
1.557324630542644428e+01
4.023777121252332734e+01
3.614825615158770944e+01
7.388710280635818251e+00
2.198978112881375679e+01
1.853923496182379438e+01
2.699045319938926113e+01
3.579765448988965204e+01
1.307441552105092875e+01
1.842302468884080113e+01
2.180150594751546578e+01
3.102673927143871424e+01
8.430343665962153565e+00
7.287801064824401820e+00
1.762569103979305396e+01
9.121456148222900850e+00
2.570771227376521395e+01
1.155466370991469560e+01
7.635729451893241482e+00
2.852108387939085432e+01
3.617544244474999449e+00
2.798086093827252263e+00
2.009700492897059654e+00
3.509635060047741462e+01
1.301318548535552111e+01
7.468108084323732854e+00
5.419293625594644226e+00
2.594189390007079510e+01
5.888317786302815193e+01
1.643093472834548763e+01
2.612412138006471451e+01
7.617673377811141400e+00
3.821896183364137300e+01
1.336772750581780755e+01
2.639243964875933557e+01
3.903928380091783890e+00
7.051103174537553286e+01
5.900622264022311469e+01
2.272052946667944795e+01
5.527929583314474371e+00
9.115563758210019074e+00
2.908634429932506649e+01
8.733541795907579797e+01
3.267777950229731232e+01
2.989503599518912935e+01
1.196204905360413839e+01
2.406573947223144661e+00
2.023413771416791818e+01
3.650012984723794318e+01
3.651309906556548857e+00
8.894261366215427245e+01
2.019201583353892460e+01
2.225052151140797108e+01
1.045775884819149937e+01
2.167898644178195866e+01
2.211414483607416059e+01
8.916186819078420811e+00
1.145138128150052559e+01
7.854782775448774146e+01
2.777374948389647358e+01
7.302908529226360024e+00
3.157374253027756694e+01
1.032127751173309349e+01
3.945048273863522859e+00
6.205735582141485907e+00
4.626276995371545908e+00
