3.504699834993132423e+00
2.230427128894238109e+01
1.322271029795827602e+01
8.558227176546383319e+00
1.048389314842453679e+01
1.433722073115142059e+01
1.649705956172995869e+01
5.703796878336422793e+01
1.898616224344061365e+01
1.963238450805546975e+01
3.712312614384787679e+01
4.153918454533776128e+01
2.009460119568925762e+01
1.483837045727683801e+01
4.162171697080958133e+00
1.604427075122865176e+01
1.219278174200955256e+01
1.398590644199511779e+01
7.012360377322195859e+00
4.209445046355381947e+01
3.207525778043499542e+01
5.346949652404850539e+00
3.779344076069087777e+01
1.375865953652956009e+01
2.522022108759883707e+01
1.716593680140672618e+01
1.889575215217097082e+01
4.979020243953219627e+00
1.122315038015811872e+01
8.838533361969009405e+00
2.261063018179808992e+01
1.211406056643378371e+01
5.008877034163520037e+00
1.698522197107378773e+01
4.607473935428338940e+00
1.012418454809332857e+01
2.722501282383399257e+01
1.982223941216534513e+01
1.642612862065381663e+01
2.100710303565683290e+01
3.214898397379556627e+01
1.468096412632494641e+01
1.476269565323039501e+01
1.068612336078548708e+01
9.466486168457855399e+00
2.237506501785098223e+01
1.061480636020077917e+01
3.001697017377745169e+01
1.995497760799204556e+01
2.235051044185394531e+01
8.342367773022070665e+00
2.038418137940439934e+01
5.864131884548262974e+01
2.217548373216592950e+01
1.333934928900395711e+01
6.011118292432970023e+00
2.437926246895331417e+01
1.405171041095343298e+01
1.364641334431144770e+01
1.861920394056271988e+01
9.786403543141570793e+00
1.663441068165611014e+01
7.928559782684028612e+00
1.213185388138449738e+01
3.455399892007874030e+01
8.864113677201499897e+00
1.547039506740831527e+01
2.269672783614317879e+01
4.721892562141687399e+00
2.519181373583450778e+01
3.334083681260745635e+01
1.241478080010396212e+01
2.386658938650905526e+01
3.140964945717242784e+01
2.260863412008533579e+00
1.060246458021061855e+01
4.039610485094541126e+00
2.216394564389581845e+01
1.307033540199076604e+01
1.144775579504390777e+02
1.049912976174488755e+01
1.212733495196710720e+01
6.900296693688893868e+01
2.778480267323915243e+01
3.063586463148217121e+01
1.097528876323046809e+01
4.274689081572693894e+00
1.346285775977051991e+01
1.182463303998486737e+01
7.816168865858212911e+00
4.477254686345868606e+01
2.154198403798481110e+01
2.431817393235626668e+01
1.311827063734968135e+01
2.755232059487948604e+01
5.707387498232110445e+00
1.481748194400746144e+01
8.383762249872086514e+00
6.252346468840788418e+01
9.800543811008829209e+00
6.480122798148468810e+00
1.293455489559076454e+01
4.328905597693880480e+01
2.874492910290965852e+01
4.523924877491903374e+01
2.142117941868399100e+01
1.863096040556672861e+01
1.448361331902569482e+01
7.225681512011397523e+00
1.188664728235180945e+01
1.653207525912041831e+01
2.223941202084368385e+01
2.722969250651412310e+01
1.219349868984093632e+01
3.152931678433717355e+00
1.912997152775387377e+01
1.786387077548028302e+01
5.682677760726448923e+01
8.482626540213277622e+01
5.708884803479775627e+01
2.306604384835812738e+01
1.192651459836010730e+01
3.813219153848783094e+01
1.259784951227099015e+01
1.074624294563469817e+01
9.583758302476039148e+01
2.687473465113734150e+01
8.676397979070162592e+01
4.230707250187016655e+01
2.265233816501034525e+01
2.370225283670962568e+01
1.878560426399016237e+01
3.164285125432670043e+01
6.390305029156561289e+00
1.960854023734182405e+01
2.061065561811452085e+01
4.263630197851320958e+01
1.221148044755197404e+01
8.591058976741877018e+00
1.653098112837712108e+01
1.264102794060297441e+01
2.739109410897748731e+01
2.671210549231221876e+01
1.517772200554251505e+01
1.605607693533617919e+01
4.687391260811792471e+00
1.203228436499879628e+01
8.814869837590524781e+00
8.098554978463734955e+00
3.485279279774007755e+00
2.437511299993427016e+01
1.503380630862554490e+01
2.295874899444746475e+01
1.026261021296809517e+01
4.493844171878257754e+01
1.059463389465954464e+01
7.092937935777435143e+01
3.350949608592609508e+01
1.594683060954332809e+01
1.921412748307731277e+01
3.951579049310108616e+00
1.577647250670489321e+01
4.831542014358680248e+00
1.262613009415769305e+01
3.107178430043784090e+01
1.625898003966011984e+01
2.555469823295025833e+01
2.654272937384308761e+01
9.569460120028157490e+00
7.758669628422711462e+00
5.628084129472087227e+01
1.946612138015260385e+01
1.201326191638615626e+01
2.844769893881551326e+01
1.141861968135758687e+01
7.665369731300252454e+00
1.248807598926904383e+01
4.015776014100316615e+01
2.746146929545718862e+01
8.577260833112306671e+01
1.898846509107231384e+01
2.454163818622479099e+01
2.691067544976880299e+01
8.611327998234161285e+00
9.682716488691939460e+00
3.338784759840081051e+01
1.288203192467196878e+01
2.608197510399123509e+00
8.548256579538062283e+00
1.995171755844651784e+01
7.916872238124659233e+00
3.523777002006776371e+01
1.033897314270331336e+01
3.681621335832501529e+01
1.374859413553089738e+01
3.314192068382110534e+01
3.285092873987559159e+01
2.028023076785742163e+01
2.939706335820443783e+01
1.809061650947602118e+01
3.669756566303158962e+01
2.345091728859581437e+01
1.463562478375754949e+01
2.681904162386731016e+01
1.409967997064835821e+01
2.366743229279481220e+00
6.021759239676240938e+00
1.203275338691327079e+01
9.530394802857619752e+00
5.236105974084910031e+01
1.039439580913196792e+01
2.722232725435035761e+01
2.894731110990353784e+01
2.218573368847927085e+01
7.208387587700102905e+00
1.130792529239721311e+01
5.294486275082638116e+01
2.929980649285839434e+01
2.135201154989524142e+01
4.499704623992933961e+01
6.963061732478775134e+00
7.877396352283936309e+00
1.305339598522185263e+01
1.222191715266188616e+01
3.583828679229466729e+01
4.150321046725331087e+01
1.537578592094199870e+01
1.084607904546574453e+01
1.108349696873251311e+01
6.579079062291856239e+00
9.551665373573680284e+00
7.239073752881158619e+00
4.890660452894787014e+00
1.550308111801276922e+01
2.819877552798715570e+01
5.309015202258064114e+00
2.029917676896216605e+01
3.309830613595801907e+01
3.144383081837584015e+01
1.322346258808584629e+01
2.578416366562358775e+01
8.465036027850276312e+00
2.300212525693365606e+01
1.073392861941302279e+01
4.192355395947081576e+01
2.107901068192554916e+01
1.391163765595916146e+01
4.545450122137763316e+01
1.254191792486187573e+01
3.132233132506690509e+01
1.517602379798816870e+01
1.188731336042636499e+01
4.733969710290238453e+01
1.550084133384068608e+01
1.141061374523576077e+01
1.657257785655502147e+01
7.839340103376661872e+00
4.689240562287061209e+00
3.616377275137320169e+01
1.496801466479634435e+01
1.086182793908395894e+01
9.994678332604948423e+00
5.370814688527166680e+01
1.240759323375857370e+01
1.155641485792958534e+01
9.980449368512115171e+00
6.551368859878255790e+00
4.198638634449394402e+01
1.200602084534753544e+01
1.387322122801906232e+01
2.920089825553737128e+01
1.187022282261501793e+01
1.623497161273986222e+01
1.706626414166524697e+01
2.102989228062052618e+01
1.984736882370354749e+01
1.613983545602739511e+01
8.997614388122313400e+00
4.600981567698456232e+00
3.691499747674165111e+00
1.848955950263082926e+01
8.595578584298944946e+00
2.842558798011470955e+01
2.827615182489593693e+01
3.105775514241238255e+01
6.655232859870046092e+00
8.170027611306377224e+00
7.788414167982293357e+00
1.036216779791539722e+01
6.078627301971079255e+00
3.242500424537013970e+01
1.702684813577311118e+01
2.570578126921702733e+00
4.313813088524947403e+01
5.832105909048692638e+01
5.348634416221552002e+00
4.015767390548830207e+01
4.095233461280275833e+01
6.008847063696270752e+00
5.742320395644458841e+00
1.237039525636605575e+01
2.839593634095768593e+01
1.311815358570081536e+01
1.864625434789838110e+01
1.407551748404010183e+01
3.242685403685467094e+01
1.805520836060815526e+01
3.933141400214576588e+00
9.661683707373766694e+00
2.318545480656558411e+01
1.986510827618134201e+01
9.426423577129346754e+00
1.984337190858340705e+01
1.327885006716588734e+01
1.617356585619092257e+01
1.767358850688689742e+01
2.326463260301093428e+01
2.946372488694025904e+01
4.044010728242128039e+00
8.734510374302809410e+00
1.094802463278556459e+01
1.918367890449301072e+01
1.377105251967395638e+01
3.504735740640068542e+01
9.823392429420476191e+00
5.365847482033076155e+00
2.811256529125310877e+01
2.547930154217344523e+01
8.958380919307069590e+00
5.821340891199489498e+00
1.606991823887724635e+01
1.370413626288094378e+01
1.207393066394206471e+01
1.515532802086118025e+01
4.142358617405110266e+01
7.723622914232569414e+00
1.628203372643407221e+01
1.418141794496293073e+01
2.487110862343517415e+00
5.597163715874430778e+01
2.380285983631998903e+01
8.392636676122769757e+00
1.116652161153584899e+01
1.030122859669257451e+01
6.281552069570747854e+00
2.965653972874437372e+01
2.364347697324204134e+01
5.254378246781669759e+01
9.403752868032439594e+00
9.272156635669709601e+00
1.903863666891115614e+01
1.205932957851102714e+02
2.527908408996258416e+01
4.094161762806056259e+00
1.353853194476287669e+01
7.602284478283946711e+00
8.231351176591697794e+00
4.275696004560565200e+01
3.027518504675520461e+01
7.188636491014794849e+00
5.568676089426251963e+01
1.597569665125130456e+01
9.912500350938596938e+00
1.080072130206966463e+01
1.700833861209180853e+01
1.013803441404775540e+01
9.640541331846556261e+00
5.241241815128336867e+00
1.495429221448252477e+01
3.237723446140689276e+01
7.478670771355256264e+00
3.874146303453103002e+01
1.869838426942058263e+01
4.712872585606102405e+01
1.094112983694482821e+01
1.675937457484599591e+01
9.823566685693268852e+00
5.305966708097708562e+01
1.511518395908635348e+01
2.528178126825416427e+01
1.106005440463282419e+01
3.857842116858796544e+01
2.093704524263790390e+01
3.397093087508766729e+01
6.942172035451680046e+00
9.432046438907280006e+00
2.973746312586357732e+01
3.120536721426600479e+01
2.286420113075060456e+01
1.730096338414029589e+01
3.149026843926060337e+01
8.118076221661326031e+01
3.418802974770346026e+01
2.268770873602695559e+01
7.855221316527806863e+00
2.645723775073788531e+01
9.695075159333032389e+01
2.406502512618919098e+01
2.941540437042736045e+01
1.717767926404729906e+01
6.573675101879097760e+00
1.624373051693473613e+01
5.167780369029278731e+00
2.033365189007639273e+01
1.811468729569964253e+01
2.944558778864008985e+01
2.312081355474128586e+01
1.467578786070157193e+01
1.629235543872844261e+01
2.218786743299569153e+01
8.456762671989784153e+00
7.449905783428177664e+00
6.203108328252169912e+01
4.058728237929142324e+01
1.296150530171039783e+01
1.576387188261978878e+01
1.493753487322273088e+01
1.955867846108602848e+01
1.152034247400723643e+01
1.326260059574245531e+01
5.111675523454077563e+01
2.685131169953205799e+01
1.539356781945233976e+01
2.161043536918278107e+01
1.830803786495294716e+01
2.249809974597608075e+01
1.695503178654389131e+01
2.125009959899647782e+01
8.090758221473411282e+00
1.705707125642871702e+01
4.034932836402863643e+01
4.483243716000308154e+01
6.166528929475116882e+01
1.063537995840143502e+01
8.117603270479424538e+00
4.588149464654541987e+01
5.743697858816146251e+00
4.295835364304704029e+00
4.057845333414474709e+01
1.986566438404731016e+01
4.421103695413458468e+01
2.766594286745645803e+01
1.086457949022691238e+01
9.907413860780195591e+00
4.663540806764965296e+00
3.476437882056544026e+01
4.160013920262715459e+01
1.756403224999768042e+01
2.465965865685191361e+01
7.909743060355128641e+00
2.074978225771776863e+01
1.325307379208192060e+01
2.048665872757956308e+01
4.284621791986501904e+01
1.982791257389094497e+01
5.649459420370672547e+01
8.263324829193820165e+00
4.173666921771805249e+01
2.146123523792272891e+01
2.870810576685814652e+01
4.596519740627658557e+00
1.307223823589404077e+01
5.839018455716499467e+00
1.922741000736451511e+01
2.531858365615429207e+01
2.370363411228506578e+01
1.172669363484083505e+01
2.978760546392966191e+01
3.981197281592390169e+01
4.274477069245053684e+01
2.389918217851630544e+01
1.990449317210382674e+01
1.837426962488020976e+01
1.183207137889520233e+01
1.556473313710748307e+01
6.460411989480932959e+01
2.141083048888303253e+01
7.742122980497531337e+00
1.453657368501664315e+01
1.158618316559724271e+01
1.049912993149451168e+01
1.036190766877228775e+01
5.723081873647028317e+01
3.448558946781098200e+01
2.121952012580725722e+01
4.122731688340481071e+01
3.805898250372264613e+01
1.982569053081952859e+01
2.166677081530561466e+01
8.089009681322199441e+00
2.446726935815701154e+01
2.282726405599763808e+01
6.889330802693585554e+00
3.854156922640243010e+01
8.365556696278753535e+00
3.972560628025526341e+00
1.734864586724473057e+01
1.892047180018544239e+01
3.970900170513572025e+00
1.152946863856839421e+01
2.882995657462660688e+01
