3.313401650887251471e+00
2.011294644571067280e+01
3.408567398451077590e+00
1.872485360572957802e+01
1.144561563085049372e+01
3.265065886493199088e+01
1.359452008017100155e+01
1.944690767933293785e+01
3.074648442073016241e+01
1.067358214646705861e+01
5.963697743359270476e+01
1.004499190422293076e+01
6.912208663346060433e+00
7.423890865474133349e+00
1.862386496970140826e+01
1.792638058485713159e+01
4.648142268665160515e+01
2.393945866278340873e+01
1.590400749241622691e+01
6.538429677010552332e+00
4.425023768817402470e+01
1.436782030590787151e+01
3.761888643511575481e+01
1.438220010694216455e+01
6.905285013403872796e+00
3.464167895298594857e+01
1.676659880141608738e+01
1.735748712732275223e+01
3.233061251124141933e+01
2.975941965958007973e+00
9.070710694511872063e+00
3.168664084863461738e+01
8.044848027090484521e+00
7.382386053261154046e+00
4.502891153909732225e+01
1.651581639958965297e+01
5.002792318696595686e+00
4.563336954819959601e+00
1.176491339195147035e+01
1.413665917730481780e+01
2.605755258593853796e+01
6.074906052007378321e+00
2.612776169582680197e+01
1.006591821526286701e+01
2.699154249400173100e+01
4.255404577161999669e+01
1.194594994881115824e+01
9.294942320972136685e+00
2.502280048512379906e+01
8.951749881021601851e+00
4.801790579328346098e+01
8.525403350720541340e+00
3.446077178901035154e+00
7.218728355038242839e+00
1.039222534389040220e+01
1.703903448619016103e+01
1.495747113425432673e+01
4.304775537078071146e+00
6.018263389965275323e+00
2.636966289382729300e+01
1.187403472049558140e+01
9.190744871941653571e+00
1.049702031416301473e+01
5.038985700254384881e+01
9.880198665063023356e+00
3.814332969924281969e+01
3.583876101818977844e+01
1.136744937670218114e+01
7.721180080398038825e+00
2.159090648741874219e+01
2.252916002432584719e+01
1.923027914197027854e+01
1.498379498411895661e+01
5.917715261790135628e+01
1.261807101037129009e+01
9.494452477799679002e+01
3.344261020806242612e+01
1.635048710643388858e+01
2.605489787073203445e+01
1.431382197572386872e+01
2.520342276755571476e+01
3.718652952483637364e+01
2.672628284794160258e+00
8.161144510108819361e+00
1.288727058682139415e+01
1.533926635276892014e+01
2.595537797710244377e+01
1.283791901281703041e+01
1.055663330934597077e+01
6.210252162829777234e+01
9.982838859697912071e+00
1.672160967355643635e+01
2.289830264642346691e+01
7.128576151529308014e+00
1.741036501699120720e+01
1.386814063582156820e+01
6.793645458725399067e+01
3.490145497563869270e+01
1.891183380358505772e+01
6.209576369017334230e+00
3.235935657864241932e+01
1.413261623722714866e+01
1.421701587713128312e+01
2.943265981410079846e+01
2.232076323237006932e+01
2.054054954222809570e+01
2.503727133005321548e+01
3.244715383940241082e+01
8.122071386000282445e+00
8.034068766483109414e+00
1.067732219729541576e+01
1.887343948669897742e+01
4.620831946622333675e+01
3.389148604194667058e+01
6.744675975023981529e+00
6.455375295243931077e+01
5.578381741350190381e+00
4.080687304907802826e+01
1.753109805361927442e+01
8.672105712303588732e+00
2.161250310300513888e+01
4.561810497603326020e+00
2.577656479105563392e+01
2.988919738392004888e+01
3.072344440343526628e+01
4.347629014048172280e+01
1.398761913090094211e+01
3.073219936462267299e+01
8.250526298048322715e+00
4.144079383672961114e+01
7.586697679554758267e+00
8.848289954017079850e+00
7.621109595136926984e+00
1.227650255612817354e+01
3.709074565710219318e+00
3.061451645837886559e+01
4.042202473945764041e+01
3.611531483957142541e+01
4.505770335340853805e+00
2.912251921358100759e+01
7.578905876097228322e+00
6.846239589612445720e+00
1.453748572368125025e+01
8.583730667535244052e+00
1.602373062328141984e+01
2.833151519541624808e+01
1.074497608416879046e+01
1.167338267116301509e+01
8.274444127338139054e+00
1.889616031801386242e+01
2.239695263573460693e+01
1.093257062232944143e+01
1.912690015764850315e+01
3.299818011455364086e+01
2.209976526758169868e+01
4.128957907538214300e+01
1.060199199327971087e+01
2.497429607671256235e+01
8.465956317375130880e+00
4.932347859376035260e+00
1.462235810143127068e+01
1.786459544310200798e+01
1.692103008843688627e+01
2.596092985673847764e+01
5.045523840556741391e+01
1.236795618917385475e+01
3.103866393835498272e+01
3.630956059511876788e+01
1.107751545835873586e+01
2.772574029807800855e+01
2.423693864743109572e+01
2.466125462164697808e+02
7.148888239411205880e+00
2.506510945060087181e+01
2.059633698148208936e+01
1.624528420700977804e+01
7.177764545209027958e+00
3.529455420680268674e+01
1.440691369203600480e+01
2.878507692573461441e+01
2.330911304042797383e+01
2.119129959910357996e+01
2.536268359739674949e+01
8.499979785651586184e+00
1.340449663182726248e+01
1.982963325326929294e+01
3.917245439274566365e+01
1.941750715400958782e+01
3.873646325132727242e+01
5.820242931346469639e+00
3.309939699709167371e+01
3.637409294837906515e+01
1.777096683708536418e+01
2.938516740521203729e+01
1.035231977850032870e+01
1.535579871272852692e+01
3.672510956553756500e+01
2.126470075482806976e+01
3.748286096427411707e+01
8.690120668718691377e+00
1.202070662525318490e+01
8.193930008445793334e+00
2.675278039070695257e+01
1.511097526521274403e+01
4.300282788783021282e+00
3.106889016676506188e+00
1.281527744424396076e+01
2.815367970391383778e+01
3.610645188009722517e+01
5.591460788765536094e+00
5.244010956785565725e+00
5.157419359293201389e+00
1.341777283828889189e+01
1.175174619205459159e+01
1.777998709500295149e+01
2.977472760669678564e+01
3.853372180874069386e+01
1.613365291070766361e+01
3.306054490316695293e+00
2.955570318791626505e+01
4.847852556913493594e+00
1.925182750732633963e+01
1.991711613578019779e+01
7.950375139977730932e+00
3.238783956354102322e+00
7.346982166092267619e+01
2.921345481150071777e+01
9.987293877854162005e+00
1.543460634927909680e+01
2.515249082954350257e+01
1.662468343279293137e+01
1.110376387958880429e+01
2.333164850713950145e+01
3.287464417785685100e+01
6.678136420414201524e+00
1.362394713859914397e+01
1.505278567239824206e+01
2.348655231443630598e+01
1.879805600412417732e+01
6.882642391036648988e+00
1.433205796067028714e+01
3.187629633085622416e+01
2.089022371657697619e+01
5.975103300707253595e+00
9.022828478469261171e+00
1.931847643849243212e+01
5.116726309897506653e+00
1.256879461106271556e+01
2.403672672874872518e+01
2.287788281482430364e+01
4.757451470728017107e+00
4.828956469839216226e+01
2.938143562655509555e+01
1.403607623034648810e+01
1.040186933424361904e+01
5.144906834135039730e+01
1.108964051409819263e+01
1.893699167469744182e+01
9.866595884059108812e+00
1.171174648077045255e+01
9.289975646632868234e+00
1.401539585121162013e+01
6.386206975129078423e+00
2.351910878026470542e+01
5.501238636598412768e+01
2.365870282495491139e+01
8.451022699515062797e+00
5.370947417522436496e+01
2.934687138036868248e+01
1.508112714293277534e+01
9.341046894683021407e+00
2.550702534121149867e+01
4.693542582337834546e+01
4.292254830640068519e+00
1.868626677930916458e+01
2.781271593044281332e+01
1.563558399323760995e+01
8.519939229754724508e+00
6.432608268755616621e+01
1.212959311049752387e+01
3.469542033061937758e+01
1.515846615350941917e+01
4.730209825737897944e+01
2.217640642186509226e+01
4.290706985631556591e+01
1.811737220611802712e+01
4.283683110620788881e+01
1.367358041210196973e+01
1.098839740990607439e+01
1.275976693982599741e+01
1.778979161682507737e+01
1.670680272823456747e+01
5.266529348369449082e+00
1.633793858153572742e+01
2.139859407316914996e+01
2.135264784948849481e+01
1.918080688923390653e+01
3.889244510761042761e+01
3.119900271127112745e+01
3.923982323989909560e+01
1.068735880439841957e+01
3.321010889364239915e+01
2.259303160073815064e+01
2.438880899706753169e+01
2.213356487492093194e+01
2.026950454627203158e+01
1.332808427890273606e+01
1.138121971448536485e+01
1.671046677093437793e+01
1.876001044999798140e+01
3.085182583326649564e+01
7.473464836614153839e+00
1.239792237365899830e+01
5.169112499810913164e+01
2.804627060289075757e+01
6.826551468194945294e+00
2.650387285714250041e+01
1.012397236399429978e+01
8.015015298760440388e+00
1.021136204608426823e+01
4.230554911987209721e+01
3.893482844673697940e+01
1.068759400960199102e+01
2.832343820792513966e+01
1.793023070810585651e+01
1.515152575559344861e+01
6.677116749638410909e+01
3.086874080172254953e+00
1.853283509917749683e+01
5.940489767223456852e+01
1.300603865947650561e+01
1.841367564220013620e+01
7.084570044871068006e+00
3.380115357392053710e+01
5.488764614890294524e+01
6.952782577040236944e+00
2.090508503940378660e+01
1.616443558632330735e+01
4.950862639436778068e+01
2.364294463465810026e+01
1.724068445622670609e+01
2.806087197045078341e+01
1.468290734708363843e+01
2.034013814047165880e+01
5.249825770675384007e+01
2.502541137319785136e+01
1.617614312038080726e+01
3.605815168905946422e+01
6.072177726170803425e+00
8.298530109764822527e+00
8.185593410359127020e+00
1.470024927736111664e+01
5.078082644068983242e+00
2.705262893166399607e+01
7.070596927599150661e+01
3.111619282678639209e+01
1.886229998286699683e+01
2.716880557807764163e+01
4.562149668451578322e+00
2.415198377893418780e+01
1.021005471887008653e+01
2.634692291300279265e+01
6.631823543628064144e+00
1.555223911761257405e+01
1.933081850013758185e+01
6.143860043658427372e+01
2.865614947004339896e+01
2.121881745218340498e+01
1.828546988520302463e+01
1.591426535773620188e+01
2.373103794526673482e+01
3.587401732117105979e+01
2.221905295055522700e+01
1.082323099894967200e+01
6.485809177630708078e+00
1.126042611208206345e+01
2.199571493422526203e+01
3.171706833218861732e+01
1.681385100788047993e+01
8.145748062132396683e+01
3.610960269422183444e+01
8.815737314327831697e+00
3.598136813125334044e+01
7.920950128020421310e+00
3.570572310343315792e+01
5.934381081162119820e+00
2.060905106018082833e+01
2.345280298962681798e+01
1.357701608797255766e+01
2.453964801450600319e+01
3.654161135416150330e+01
1.542056107256961006e+01
1.902649271074443860e+01
1.038106148266072459e+01
2.872228751332582419e+01
4.221865201785256261e+01
2.963054392914776969e+01
7.622110099977678743e+00
5.506922474248687749e+00
3.544627480792678398e+01
7.268924429758417460e+00
2.655086465670663998e+01
1.789719404141589010e+01
4.905459351643207810e+01
7.972027439763010648e+00
1.288757016470441208e+01
8.824014366643011087e+00
6.909565543357534700e+00
4.134014196780298533e+01
7.172746520815315385e+00
1.663665275652496689e+01
1.190796181888011240e+01
9.430550815766342510e+01
3.065504509700782521e+01
3.508323983141659497e+00
1.516480234867718480e+01
1.647278297845755546e+01
1.889613784302047250e+01
1.063020979889727258e+01
4.350213178263809510e+01
5.223232080857694370e+01
1.229793712352996593e+01
4.901095068455935788e+00
2.621305962848612481e+01
5.749246595945511906e+00
2.974059567573744900e+01
4.191113710187916297e+01
2.507807945453853549e+01
1.337021961372800050e+01
2.966871693158365630e+01
7.383770000242389386e+00
9.019984217783219904e+00
9.612236426824642521e+00
2.446615012316880922e+01
2.276202618323404536e+01
3.445106286140106278e+01
1.811979945538707426e+01
1.046323541256068168e+01
2.924751359011608542e+00
1.610587728699482923e+01
2.130351721009495947e+01
1.488635439755701668e+02
3.291330799445138666e+01
2.478748831449662404e+01
3.036559130954177732e+01
1.446587715127571627e+01
8.034243044360126262e+00
6.849079416861538760e+00
6.417739335524628075e+01
3.116120225711631875e+01
1.741440146277194501e+01
1.906474254857283768e+01
7.101960574740174614e+00
7.528661296297518568e+00
4.776347526545477784e+00
9.114618403681928882e+00
1.097584152752589404e+01
1.623163579230461195e+01
4.347459004620697698e+01
1.751479588265498322e+01
4.353783543311337212e+01
2.495282902058384167e+01
8.538422038932328206e+00
1.829367564840430305e+01
4.254338692232572328e+01
1.811093131380741283e+01
9.160713542516782937e+00
1.405068023304975711e+01
1.173038287549238134e+01
7.452496793750714055e+00
7.593082374681905833e+01
1.004723754856441431e+01
8.279687828686871143e+00
8.966085610275936091e+00
1.684233097983849703e+01
5.860714622991061873e+01
1.002538985034252228e+01
3.321999997933824744e+01
4.421745949711846535e+00
2.116040560978548157e+01
2.707553598394384053e+01
5.873032463514703316e+00
2.205542049226951207e+01
1.025483585581195012e+00
1.247886308203976924e+01
1.896622086584262945e+01
2.775878937654198353e+01
1.526840748261373015e+01
3.203807746397454537e+01
2.720956782517469819e+01
2.298518315786621358e+01
1.696954257114290243e+01
3.467434703780031668e+01
1.245574822562339357e+01
1.927858254928699822e+01
3.654087965059385379e+00
4.843061311058107776e+01
1.763104670291428278e+01
1.213753192335135722e+01
1.367593798476546141e+01
1.590785829529161433e+01
