3.657140156278972931e+00
5.891314710868799409e+01
1.276495178684386111e+01
4.455889587548873010e+01
5.500088908947718735e+00
8.613167730597423244e+00
3.459782105405682273e+01
3.050519829539357630e+00
1.931078564589197555e+01
7.377376399587879519e+01
2.146889292090873269e+01
3.217285118832638346e+01
7.556959987221222974e+00
1.094811456866682065e+01
2.575839929186793853e+01
1.957547775541392454e+01
2.842103705340281294e+01
3.722342367696514742e+01
2.636449588186329862e+01
9.196044105924766399e+00
1.722707830466377033e+01
6.236406337336608985e+00
1.199828838686094734e+01
4.756571300140158343e+01
1.142913261524164170e+01
7.498190266490163935e+01
2.681706568189721196e+01
3.468091528909246080e+01
1.199262458699090850e+01
2.448537855260462415e+00
7.404039095571846474e+00
1.596310491874163340e+01
5.378914871949329601e+00
5.007452818817264983e+01
1.663163344983209768e+01
7.728679659773504795e+01
1.479558933435375145e+01
4.208815377857310303e+00
1.595378095346737801e+01
3.412167313793588619e+01
1.693616124471300832e+00
1.379144114493207951e+01
1.081509373019090603e+01
4.949408768072769860e+00
3.288817171496764047e+01
1.809338428565068213e+01
3.335167240209916173e+01
1.283729628750509164e+02
2.402633758026907174e+01
7.148405149388951330e+00
4.853773203690582960e+00
5.366726538502430799e+01
3.351456084377244338e+01
7.936019145382712914e+00
1.068603722749918994e+01
1.279209829657293085e+01
6.073308480843343737e+00
1.813398685931334953e+01
5.252990246775482319e+01
1.155061188949097151e+00
2.939998449328331986e+01
7.925025568904062290e+00
1.419470645289821853e+01
2.637560779721411208e+01
9.194696928339972430e+00
8.183156477069765344e+01
1.026732148881757389e+01
4.031232793151108496e+01
5.495098986258298623e+00
3.030892769473644321e+01
1.141150379513374702e+01
1.250870688290381594e+01
4.160796283988725719e+01
1.142501183993494429e+01
8.357793757089238440e+00
3.965425618937968011e+01
1.880344161762193167e+01
2.775480177505976531e+00
9.451849300018928091e+00
6.333631252691425573e+00
2.706466012874061633e+01
1.153969356353807463e+01
4.057366192452756870e+00
8.110962265992459663e+01
8.967935227256521813e+00
1.161224307159399771e+01
1.357199211547159479e+01
9.574206213665515719e+00
1.925232507038973750e+01
4.263177654793637572e+01
1.001484249380449576e+01
6.714324376136639572e+00
1.135851486370235364e+01
7.875292358261597236e+00
2.506206300365808826e+00
1.363591454605160180e+01
2.095853830935757856e+01
1.509619118552333816e+01
8.295590347721269353e+00
1.166757486587151860e+01
7.097774697036967062e+00
9.575177491729668589e+00
1.713907466285557746e+01
2.046472127888230119e+01
6.134244615384151444e+00
7.647020350394747368e+00
4.199943828255226386e+00
1.526444899404758182e+01
1.030046409801157914e+01
1.177284641616058281e+01
2.778473679686444431e+00
1.590376102556562365e+01
2.656315117891424649e+01
6.956863682167185869e-01
4.836528407631937476e+00
6.919978345805336772e+00
1.822354997322236869e+01
1.066885783818365852e+01
3.279795590056507670e+00
7.489729884460067488e+00
1.175462025240775432e+01
1.012442612774353989e+01
2.207490138565960791e+01
1.666439632547746541e+01
4.549384213075168759e+01
1.448401219938085838e+01
4.728282392076584983e+01
1.531920237394449558e+01
2.299598735508480729e+01
3.638940520925712718e+01
1.496712221050144187e+01
3.045734789390087016e+00
3.923644376449647808e+00
1.003176097848176340e+01
2.694269605013161595e+01
4.242472532155432852e+00
1.221457511600411117e+01
4.713350463981484495e+00
1.959968579254428178e+01
2.059083813511671934e+01
1.563828227984420316e+01
7.808563896784900926e+00
1.249490628604617015e+01
8.541773869474300795e+01
7.191215725279355375e+00
1.521249592013330876e+01
5.123946625800015475e+00
2.315320787000460179e+00
3.753130460330842055e+01
8.925760945622266718e+01
2.244986411626528522e+01
7.263264873303413083e+01
7.375213644720076900e+00
6.022427909763188758e+00
3.837160555642133630e+01
2.624770104933145731e+01
9.525461680010165466e+00
5.258763337996779086e+00
2.206153734401209832e+01
4.245935277783291895e+01
8.103394589010736837e+00
3.436951698874452177e+01
1.987118872990630791e+01
4.508217624691878811e+00
5.616562791745272065e+00
1.056435523441231616e+01
1.216881552865890193e+01
9.535311569383473795e+00
4.336702898476666235e+00
7.557024764591362853e+00
6.515743782922168492e+00
1.351644945670319409e+01
1.924169715191224483e+01
3.555568955732805136e+01
6.955836530534003082e+00
1.471184844150341497e+01
2.333201792262692109e+01
2.008183150481806223e+01
2.455548354504366060e+01
1.208238619817242920e+01
3.437670208581339182e+01
8.342248348675989078e+00
2.191823381086619804e+01
5.778165729479560042e+01
1.377479053099442297e+01
9.079692909265817846e+00
1.593640020256532708e+01
7.633476021609048701e+00
8.077312156048629177e+00
7.373942981069470548e+00
7.336388402348665849e+00
3.643409887744997633e+01
4.563098746370592806e+01
9.112899459843410099e+00
1.740333928940551278e+00
1.748301323268781005e+01
1.310009707705880011e+01
1.057385812685060777e+01
2.016640314652758548e+01
2.722426187461663361e+01
1.251440476766446430e+01
4.941206786155819231e+01
1.809575007370965949e+01
2.634736905844533084e+01
4.391176064801277334e+01
1.535308112429423488e+01
5.143081807667062577e+00
9.167307684212307350e+00
1.252895821112139174e+01
2.165100672446031105e+00
1.906807317361005261e+01
7.070434712055756243e+00
9.253772695956440586e+00
4.772473783110451784e+00
1.662377867879186155e+01
5.523121711337272366e+00
2.893712416247898389e+01
1.106742476626132365e+01
4.539880404411802850e+00
5.853699521770892034e-01
1.258931982913317604e+01
7.850501098179224257e+00
2.788971676400536026e+01
3.371704333394113906e+00
1.706360564573708771e+01
1.118739607261809255e+01
2.347508260192728180e+00
8.708566782888947699e+00
3.375768449380046832e+01
2.611492314540461734e+01
5.038642060757931063e+01
1.154622088610513941e+01
1.808346755386611804e+01
3.641999400357645023e+00
3.245773101685335149e+01
1.971942174999711739e+01
4.268621177885375317e+00
2.653610677944537422e+00
2.805028936653906069e+00
1.209146351421645882e+01
2.611359053556632759e+01
1.700363282734117831e+01
1.038914284652751547e+02
4.643972704912386718e+01
1.645874071424391971e+01
1.914158461352732843e+01
1.152858743061755575e+01
2.522832546715529745e+01
3.116499479551016449e+01
1.390190260154414226e+01
1.158918798716124066e+01
2.236379079912256174e+01
3.104006912432956788e+00
2.508877308734287936e+00
4.652929787514503346e+01
1.107376540052895741e+01
3.366902455619823087e+01
1.783653939827572543e+01
1.471786593662785236e+01
1.692104691895439572e+01
5.749381068520508364e+01
3.211783504224831631e+01
7.524692115768424117e+01
8.861943766097061470e+00
3.000433412983473147e+01
3.323623159139777528e+01
2.257980007850192905e+01
1.281033159766374929e+01
1.272692666045195509e+01
6.740962018263179978e+00
1.743994333652631923e+01
1.848925541099726289e+01
4.919789331677665523e+00
1.155751101251342305e+01
9.243020414342183244e+00
2.371200521349670254e+01
1.388702935297861885e+01
4.362518847554954959e+01
4.134299250756282795e+00
6.008169966556820896e+00
2.694060468309854883e+01
7.842856004648130153e+00
8.576335518952136194e-01
6.343305272618036561e+00
1.497904673038550527e+01
2.517139644188772252e+01
1.148629350334466892e+01
2.114710616640738650e+01
3.637326606663546347e+00
2.500771701712444894e+01
2.318241745041780533e+01
3.913834451605543308e+01
3.607040033726171657e+00
1.297370630775584921e+01
1.147374759581999193e+01
4.264814969047181137e+01
9.716052091948288449e+00
6.090184737294571882e+00
1.357962124922650204e+01
7.056112374894065731e+00
1.190573248416881569e+01
4.716973420675313378e+01
1.260068832429947605e+01
2.707528845834198705e+01
4.800613017579726360e+00
1.150731861156553926e+01
8.447007214644747464e+00
2.062580528033782912e+01
2.054943591929457014e+01
6.099096417269402082e+01
5.763393263925575383e+00
7.108356158866880214e+00
1.498129556049425126e+01
2.142718021461478273e+01
5.241505006036296521e+01
9.113536948827890782e+00
1.756826436519921586e+01
1.413890887424622100e+01
1.013145063329775653e+01
3.965241928455148113e+00
1.739039984002638661e+01
6.471639563562895603e+00
3.937393719655258639e+00
1.155787761107035827e+01
1.401777822612497459e+01
5.802558994002900761e+00
1.338867396136956378e+00
2.845191014555012643e+01
2.626177501752389887e+01
1.170861352275809075e+01
1.965257691944421126e+01
9.395903887816821509e+00
3.968079193996175036e+01
2.334041832803857375e+01
2.929928135193226524e+01
3.414465586229292171e+01
7.788779781858917062e+00
1.651260103214373132e+01
3.395542983781389523e+01
8.803357097001988762e+00
1.071978231342512977e+01
2.471006899766791420e+01
2.369827271720983930e+01
4.368868063576088900e+01
3.530056813674531924e+01
2.624149487887041943e+01
4.040820545075440862e+00
3.483000399619040177e+00
9.768547700963230440e+00
4.131624278629082880e+00
2.466315312159935047e+01
7.011678564179486983e+00
5.130465463041320895e+00
1.871635477832103334e+01
6.387478795376815732e+00
4.260208242240601351e+00
8.099023123231182453e+00
8.182105110405464288e+00
1.258312813723746260e+01
8.796255450591973002e+00
3.493140836559666695e+01
2.541170626295378554e+01
5.442031368536861891e+01
1.797213180535839783e+01
7.865631041848026861e+00
6.029705789935601246e+01
1.323506972877586740e+01
1.010743137092360833e+01
9.240525949279444262e+01
1.861642988429495604e+00
1.360653875144357450e+01
7.996159980129098344e+00
8.384301529649894391e+00
2.413702316154930916e+00
8.411659913244795561e+00
9.431819228958072898e+00
1.587670107971126576e+01
1.820439942003462974e+01
2.272447762241696978e+01
1.619803110339580243e+01
2.113304686729379611e+01
1.649084537431269482e+01
2.974196018090479043e+01
1.222638618343894734e+01
8.481453321460556083e+00
4.047212018541161527e+00
9.347549502304310920e+00
8.670460878601000232e+00
1.461842096427629123e+01
4.238627473845658500e+01
1.611637803068434849e+01
9.402298514071391722e+00
2.350574340294797082e+01
2.134310250668723707e+00
5.878331732017607614e+00
2.080172305649080045e+01
1.747321245225420583e+01
9.567042419554706356e+00
1.937339136825390540e+01
2.238662415755110757e+01
6.505953117264717811e+00
1.474598542323802342e+01
1.411924115121255952e+01
5.696402188510607978e+00
1.408384664916384743e+01
1.004517349594610032e+01
5.413394859216302279e+01
3.309736497885454298e+01
2.926961793241951160e+00
2.453498256662612675e+00
2.608566511267296306e+01
1.232620036753015214e+01
3.192977826142471542e+01
1.064843730275156197e+01
1.202477405401308985e+01
1.762960020189324695e+01
1.672790979277623435e+01
1.799823742694485418e+01
1.678544095212757981e+01
1.392611383901209976e+01
4.310731138530788797e+01
9.377750685572221911e+00
5.947307079290362708e+01
6.735291548381541205e+00
2.432075176971977370e+01
4.633547620193385086e+01
1.677246878828080057e+01
5.348225064886448443e+00
5.517096862901714971e+00
5.078636277040995850e+00
1.232998504471142809e+01
2.382942539899427281e+00
2.064498685413017043e+01
4.471626863946818276e+01
3.850229059798751052e+01
6.563314141138644686e+01
6.361957322078865928e+01
8.204893589398093212e+00
1.815853597460620961e+01
2.089824363104969152e+01
7.941254074686835907e+01
2.659744265221869597e+01
8.705946905385181012e+00
1.448883404615647663e+01
6.885075880856305730e+00
8.351578591867838242e+00
4.722283997691535262e+01
1.158504720481886352e+01
3.662310563920116557e+00
5.621126488470265414e+00
3.924689593596819037e+01
2.323085313939393970e+01
4.406481720720421436e+01
7.923455232261799708e+00
4.108330702043792826e+01
4.765336819739815155e+01
3.412205729312232094e+00
3.544306040111118961e+01
4.975417965317480196e+01
2.052225420858489713e+01
4.348755781299557555e+01
3.349892764978843474e+00
2.579272537724747139e+01
1.618488163237073607e+01
2.219598985395289148e+01
1.197226788918498386e+01
9.738504721781122697e+00
8.190999513575027535e+00
7.813536703848781961e+00
1.663363107364006765e+01
1.027035801801961945e+01
1.980785498226034846e+01
4.029200871096973557e+00
9.409112542091527587e+00
5.681825177249846703e+00
2.386568893378375833e+01
1.301839661898978662e+01
7.155138832950861172e+00
8.284964887820770230e+00
1.094285190719909906e+01
3.977345126108037476e+01
3.185206007579673759e+00
7.067384242890744517e+00
1.614266508098168629e+01
6.652034085891714632e+00
3.321369934985199990e+01
1.497941721887369404e+01
4.111851387036972483e+01
1.310304049430352080e+01
3.091860059228366353e+01
2.781203019506898499e+01
4.562091990298554833e+01
1.330036770418425895e+01
1.360557913148423737e+01
1.697445854608952942e+01
1.425416923310381279e+01
7.496019034312972451e+00
1.168733364493267146e+01
2.085781989589331076e+01
1.579425367053632634e+01
1.752164876559177742e+01
