2.011101397607711050e+01
7.255144352285854836e+01
3.166878617722702671e+01
5.443534559752495738e+01
3.839440855435744737e+01
1.445578521523201410e+01
4.284352602917589792e+01
2.050470009486093090e+02
2.681124266771448816e+01
2.101424070884356965e+01
2.684609104001105351e+01
2.863248247525017121e+01
3.058254305649522564e+01
2.639403664460521526e+01
1.960071460134341947e+01
3.971534323027708524e+01
2.731033758735686234e+01
2.791395183419770731e+01
1.318923709613597595e+01
2.209339378309662294e+01
4.499295194120996655e+01
1.697871484117173679e+01
4.823795500886554066e+01
4.375760760749156475e+01
5.378691778940838475e+01
6.255211920878709009e+01
1.417809182825605063e+01
2.580435088196967186e+01
2.119017318158477536e+01
2.094688953592852343e+01
1.775297998000293731e+01
3.041470503586308993e+01
2.713417990890050646e+01
5.229973453129764493e+01
1.158105097325249488e+01
1.950602299744867096e+01
2.121843515882491360e+01
3.022988658014459418e+01
2.148014462220158194e+01
9.960104833866331830e+01
3.317865970899111261e+01
5.586794977905707782e+01
5.059901560397744191e+01
3.881421423205812005e+01
9.269350709471069649e+00
3.160027519003876861e+01
6.353278664919066188e+01
2.698551394436231732e+01
5.517442303176156315e+01
1.973030353058473807e+01
3.449611119195384390e+01
4.227825172088346051e+01
4.422824959649011589e+01
4.385220222272885593e+01
3.163423636453215693e+01
5.550197702399663058e+01
3.905005342350060715e+01
8.715549013437504300e+01
5.590883169055591395e+01
1.943629252238219962e+01
4.741732736145026905e+01
1.380051639622083925e+01
5.851059710290842020e+01
2.518344440903482706e+01
1.257118623424582324e+02
2.245120315348379947e+01
4.203450222177595208e+01
3.775378701466707554e+01
3.410157444711392571e+01
3.484653010728595035e+01
4.769561729264074756e+01
1.382031768041725783e+01
2.434759744056095343e+01
2.382730500297196130e+01
3.409238510650030918e+01
3.913639754576462337e+01
1.322542673147424530e+01
6.228878069277451601e+01
3.547008156426704772e+01
3.886721812725663483e+01
4.775994090157281846e+01
2.406030052308030420e+01
3.171863235379477430e+01
2.674715962162883187e+01
3.840631582530746613e+01
1.572528387557333929e+01
2.308047736816423878e+01
3.460057154601517482e+01
2.996501083289971490e+01
2.709459804326237631e+01
4.591618916295443142e+01
2.065555588298520462e+01
2.479291935639892230e+01
4.452607778116249904e+01
2.337480352261257366e+01
1.414795478279700625e+01
2.296350846311202432e+01
2.531207036871911953e+01
2.761210192866593971e+01
3.282461207156882210e+01
8.339492091236388660e+01
2.444999360886230733e+01
4.160744429656539012e+01
1.381953122348680196e+01
8.530696039818039367e+00
3.831806978257350238e+01
1.880559469036609954e+01
3.143379820599304608e+01
1.611840175220864424e+01
5.805805278271386527e+01
2.287223098196314908e+01
3.523546552071287152e+01
3.734291558328058613e+01
4.721569266886627503e+01
2.655928762024904799e+01
1.496314353079955062e+01
2.889532093555732928e+01
4.628012653734997883e+01
6.501661436986319131e+01
1.018329293171466219e+02
2.610249268984168936e+01
2.225675968967586726e+01
2.432152913433222707e+01
2.191563560021100088e+01
4.329136472460322693e+01
9.072856642781623293e+00
1.360110876771154231e+01
3.718581595191760414e+01
4.910441817571331313e+01
3.435387818769568469e+01
3.254200411319754949e+01
2.022919644053265031e+01
2.117689551938315162e+01
2.430253234148723607e+01
1.480209513343779015e+01
1.648380224269179095e+01
2.981300487499160567e+01
5.562425684452555430e+01
1.365146869607369062e+01
3.362261525198996992e+01
1.652164716380801224e+01
1.505142552227540165e+01
2.708711146700957073e+01
3.379011533261222411e+01
6.788648829678624708e+00
5.806137949546942423e+01
1.910991353967607154e+01
3.847570469509662416e+01
2.228840139291843059e+01
2.344615266076514004e+01
1.163273087568322595e+01
1.823806558813549827e+01
5.777713604583821194e+01
2.479534149669221321e+01
7.532806711886382800e+01
4.006550081911781547e+01
1.492868952045411746e+01
5.170725248696346910e+01
4.286084753115580526e+01
4.529234422520787007e+01
2.052918738312678215e+01
2.559978002450378654e+01
4.224395477573177260e+01
2.613507086639231858e+01
4.646319696568431112e+01
4.340080654249065617e+01
2.432880732881229946e+01
1.402239186833850582e+01
8.402063603107744427e+01
2.327304474838851789e+01
5.111110609258124526e+01
2.211585066245094922e+01
5.801367963848282017e+01
2.867277916295208229e+01
2.422172414045128619e+01
1.603743616000389238e+01
3.058935942382847273e+01
2.274000689492851990e+01
3.114073322928362586e+01
5.964733491788830833e+01
2.650662850668783932e+01
3.625163868740220607e+01
2.688055013612687105e+01
4.560885382030750179e+01
2.526645237567511515e+01
2.447704366517350394e+01
2.267925386529248044e+01
5.604079454637158619e+01
3.351159355501858528e+01
2.363320081081125323e+01
5.101300473285933634e+01
2.070433426871654348e+01
3.727197629614559560e+01
2.898914159622499653e+01
3.360401010214547313e+01
1.013258316474611398e+01
1.746714815555622025e+01
1.639128278836151864e+01
2.681182136503414526e+01
2.493558832314194262e+01
3.108868175008466039e+01
1.968961928440944931e+01
4.587962190398879869e+01
2.015738631256903446e+01
2.166518209206913070e+01
3.557147303989700049e+01
6.505286852460902480e+01
2.166369424923015075e+01
2.462126237490356573e+01
3.572105600693494409e+01
3.348467641564892006e+01
1.790002790359154972e+01
4.039169146360632112e+01
4.144521431783383747e+01
1.470276024897618505e+01
2.408524162566451565e+01
3.218397640467101439e+01
1.712413011693731235e+01
4.563626616497514021e+01
4.165083389819231030e+01
3.670098888678764837e+01
4.332333629500147509e+01
2.999249126939899668e+01
2.990916278138187678e+01
1.349483322811520125e+01
2.931718878417524010e+01
1.146101303590465292e+01
7.504506690326975615e+01
8.076029476307761001e+01
3.430853055066033619e+01
8.247689178360559481e+00
1.734584312586003563e+01
1.515247746647922433e+01
2.490672969720274565e+01
1.544983244798470956e+01
1.959763210809311573e+01
2.573266373182049449e+01
5.405323363403766734e+01
2.095325134205722151e+01
3.190569996090239968e+01
2.023950208481565127e+01
3.367550085563657092e+01
2.142285307639683012e+01
3.455646351413594175e+01
1.039488651418935206e+01
2.663476539604596383e+01
3.281599270310179151e+01
3.654278951532155872e+01
4.563482470869895735e+01
1.999432761653561030e+01
2.725842084209874017e+01
3.251853385538037600e+01
2.164755752745659478e+01
3.507951693829429018e+01
2.679262650762344222e+01
2.020562330506872328e+01
2.530025311125208276e+01
7.162625017629277124e+01
2.078592350077966344e+01
2.996446957730926286e+01
5.366956704152185864e+01
1.931180705934376718e+01
1.792273594792011693e+01
3.993358007420222577e+01
8.041004122200201110e+00
1.415993265456915573e+01
3.438405641998728868e+01
1.966729549426166201e+01
1.516299119128165351e+01
1.530247232478092378e+01
4.375279438900982854e+01
2.276743247908121859e+01
2.472021049309057261e+01
2.912277668607689662e+01
9.889278965413648592e+00
1.372088383252770605e+01
2.274212012813827144e+01
2.199695945784517193e+01
2.435653060612885312e+01
5.710997827454858822e+01
4.796419377751354318e+01
3.992463647418760786e+01
4.114158229143782819e+01
3.049522291849775613e+01
4.340590431579650499e+01
2.791400409776642988e+01
4.744712078671579292e+01
4.788974442855594305e+01
1.418710653239595842e+01
3.551104864745040857e+01
2.426537359401100602e+01
2.364928780831778354e+01
2.537242436418179992e+01
1.807520338644161484e+01
1.638860057134279202e+01
1.308569962294735056e+01
3.246282085729553302e+01
3.079452158531168493e+01
2.736773791804952793e+01
3.906743095462355342e+01
4.863270496658860509e+01
1.485439725727235327e+01
7.193525776496022672e+01
5.252246683920660075e+01
1.994409070497283665e+01
3.314817354121708348e+01
2.125155782694010398e+01
5.385714078077244693e+01
2.970969928136439009e+01
3.279177038772134978e+01
3.085424254328819416e+01
2.414524409638922009e+01
4.878653287894834278e+01
4.634269226315646506e+01
2.441618897900998775e+01
4.327128464768864546e+01
1.793766554042397487e+01
2.801749555947934311e+01
4.784191914172762949e+01
2.131509294605455551e+01
4.377991282832247322e+01
3.332606567539993847e+01
1.978163506901322322e+01
6.684870598539237108e+01
8.235358629738806258e+01
3.436362779007967561e+01
1.868017964971574685e+01
4.527261698495403408e+01
4.935985842213977293e+01
2.053664956636402295e+01
2.975229403298811448e+01
2.992426663609871085e+01
8.024021563662746104e+00
2.164519844237419477e+01
1.537673410057622014e+01
2.564225918239919011e+01
2.582797529415140758e+01
2.097412197931796385e+01
2.143177824534678066e+01
6.834905142775789955e+01
1.246829819045938059e+01
1.731738932682090137e+01
1.229503571016303098e+01
1.892436694994818325e+01
1.590578631575325552e+01
2.063709015566248794e+01
2.208745966750540646e+01
3.120186153345998648e+01
4.535862468966920602e+01
2.688075122370868542e+01
1.114685380809215864e+01
2.848944481238226700e+01
2.843272565191331935e+01
6.750985469111461157e+01
3.254194754666977474e+01
1.972737503128075076e+01
1.679588693402644495e+01
4.835592039935209385e+01
1.621593774758865436e+01
3.822751145798494576e+01
5.062337292579518078e+01
1.737003866906087168e+01
2.936541329545609003e+01
1.784563452521157600e+01
2.529397852074114184e+01
1.564638267632224711e+01
6.336385189604462198e+01
1.602052543650865601e+01
1.877457500696655401e+01
8.339098935508042132e+01
1.828370429579604561e+01
4.209782059053948444e+01
5.873974436619512574e+01
2.744998443540789523e+01
5.433510214130105709e+01
6.863842539349808192e+01
7.880041355330597241e+01
2.430443959705923263e+01
2.019977913702712158e+01
3.086575507694005793e+01
1.525841797459805349e+01
6.117341506910933191e+01
2.420693038478159309e+01
1.815496590214218031e+01
2.116754417071594929e+01
2.697168596976588262e+01
1.665869200077730028e+01
3.089067379736118824e+01
5.932968447933200906e+01
2.099912051960115633e+01
2.784568410989998100e+01
3.152132340268234501e+01
8.750055573049984048e+01
3.446596776340994239e+01
2.329434278011250825e+01
2.580476669876533791e+01
3.928097431714628129e+01
4.611434190366382779e+01
1.862650783085302564e+01
3.551121256536858795e+01
1.325186845781317047e+01
6.261474492233198674e+01
2.793288823329028503e+01
2.556651430548284409e+01
4.703370811287340558e+01
4.601059164883917418e+01
1.644882839346557901e+01
3.006279231716764500e+01
1.272088890790227467e+01
1.821008088787189294e+01
4.115208893454285999e+01
2.038419128837222516e+01
4.432017237020467348e+01
4.159973472115125759e+01
1.980264014908158643e+01
3.268885832258194313e+01
1.637637692400854661e+01
2.438841357927733000e+01
4.274836962468243939e+01
4.539060724923677270e+01
3.112103799691666239e+01
3.653437561533375089e+01
2.157155505956637853e+01
4.698401583467227027e+01
3.972460787052021658e+01
4.242980130641279857e+01
1.908566421814929015e+01
2.236527651574839837e+01
6.849458515211749443e+01
3.420635711310952587e+01
1.575365934611538066e+01
2.607707378003694743e+01
1.796185523179421040e+01
1.684731463153407915e+01
2.571558595434897043e+01
3.280831028771420677e+01
2.627655565340398880e+01
4.210659649856340536e+01
2.755034968909341586e+01
3.505410989107090813e+01
1.518598669658583589e+01
5.580815239121795202e+01
1.366372559350519822e+01
5.589277284460070661e+01
3.353187776638041839e+01
5.694122175740384506e+01
2.486450400232350333e+01
8.738424311348836682e+01
4.369849363663968234e+01
3.557207920520190925e+01
1.675283727125764344e+01
4.115416943088862212e+01
4.138341252127329284e+01
5.720099563282357025e+01
3.869671723074149838e+01
1.757053550183487900e+01
3.019278754071125448e+01
2.471336629287024422e+01
5.130347876560973930e+01
2.497955935349487788e+01
3.557828505395944774e+01
3.048632246587818884e+01
1.033956069121527719e+02
3.929079166300475379e+01
5.164180992072507337e+01
1.503712401243242880e+01
2.537700148489758334e+01
4.915871740827228820e+01
1.160389261992708576e+01
2.716352724226865689e+01
3.119560872379791761e+01
3.744138924823752035e+01
2.200343142754958947e+01
1.181362808800104602e+01
6.028232123467893189e+01
9.114960398781020956e+01
3.087958478638448057e+01
9.658919628654674128e+00
1.265750609823279120e+02
1.785866632937371534e+01
1.808908511842066957e+01
4.340810748013175413e+01
2.612137459232754111e+01
3.884892751329384453e+01
3.121404500482746869e+01
2.186300084340568617e+01
4.907829184520790022e+01
4.046733409774068946e+01
3.035910858135054013e+01
4.468054961576141437e+01
6.203621383815266199e+01
3.648908282210850018e+01
2.308096144374978920e+01
6.021363673077998158e+01
2.257294247883070071e+01
3.444157902606865918e+01
5.168462670326594832e+01
8.259427655432463666e+01
1.580239776932852536e+01
1.679920979593528685e+01
1.364829752837320243e+01
