1.624420858444222304e+01
2.642496343748262433e+01
3.091746888148049521e+01
7.790966764309081327e+01
2.968901534236768924e+01
3.294584922278577466e+01
8.029321699135611112e+00
6.744121872460549127e+01
2.288361959919059885e+01
3.606971283680356066e+01
4.866737472310227020e+01
1.876496003361192066e+01
5.044204123621664593e+01
2.039766843523980810e+01
3.342829710984542402e+01
2.487281541405071650e+01
3.259458298599839310e+01
3.488658104681761785e+01
3.013892133714645283e+01
2.382654325708665510e+01
2.277440837460392231e+01
1.366666493156126094e+01
4.350033109659198516e+01
3.135758091497520539e+01
1.876457591492244248e+01
2.125567547712601879e+01
1.985351658728770019e+01
4.541170949370440724e+01
3.420476403640759600e+01
3.533344365761320915e+01
3.131346449614440530e+01
2.893230474382458794e+01
4.361517371879784832e+01
3.538550803784884380e+01
2.224998367122813647e+01
2.735989617655731720e+01
1.243174510059059479e+01
3.112828041293683512e+01
3.643888775882626874e+01
2.810665310499386749e+01
2.072558821719388789e+01
1.650341150968881720e+01
2.068838783234265577e+01
1.993101467687395356e+01
3.793172741850190732e+01
3.937161809378593347e+01
1.903365682729378960e+01
4.277243949976855220e+01
2.112832102579953641e+01
3.228841656517504788e+01
2.527798119491775353e+01
1.750796665112394024e+01
2.562737971202598075e+01
3.949580125656329699e+01
1.527011309351273027e+01
1.240792086237412306e+01
3.832286772079879000e+01
1.064154658440445189e+01
5.598269679487001582e+01
4.117498853025943362e+01
1.498442947975798134e+01
4.466224697614322992e+01
3.838394748641621135e+01
2.578823534251656824e+01
5.222708484906342363e+01
3.992091428549684196e+01
1.724236243621523457e+01
3.400511819134224112e+01
2.106641562241348353e+01
2.782774223971778582e+01
6.210878043198908216e+01
2.512675308910271710e+01
2.786816396639259352e+01
6.240382468066541577e+01
1.962272765165644017e+01
2.996308839112795042e+01
2.281582151679087644e+01
3.908607693859319454e+01
4.827574493603608374e+01
4.065125337707605269e+01
7.527829419976296776e+01
1.404226968759121341e+01
2.706337822979237728e+01
7.611515607171369879e+01
2.938281567823893781e+01
2.475333127939779132e+01
3.343835181298514669e+01
4.505557141603403437e+01
1.614728740889062308e+01
2.686784151064784609e+01
3.464386419813992291e+01
6.312223872253521506e+01
1.590892310495007500e+01
4.827049505984118127e+01
5.262549492876498647e+01
2.476372821955830617e+01
5.042021881858934051e+01
2.578918620751130319e+01
4.786488174866833845e+01
1.446740923471622509e+01
1.111993733935685569e+01
1.390951112144872859e+01
1.889446819610584427e+01
2.288138234594710951e+01
3.292696086152257351e+01
2.675144191614071332e+01
2.211941385923126191e+01
1.921873209796959614e+01
4.215082358765616277e+01
3.090081759167276232e+01
4.325771652769369524e+01
1.973940541802860693e+01
5.712440485285003433e+01
3.986107716603216033e+01
2.466738707751805393e+01
9.831620184038904142e+00
2.071186054948523392e+01
1.688236650213989876e+01
9.872769839562373306e+01
5.548424499022863188e+01
4.295475664363546997e+01
5.941643313844643615e+01
3.940263382628073430e+01
1.348773513521674161e+01
3.309378566757914797e+01
1.957931139348680816e+01
2.913445448167925633e+01
5.829496704485698189e+01
6.336890772490652779e+01
5.465191279118019452e+01
3.400070351170789706e+01
3.452068317442813594e+01
3.249838659769309857e+01
1.786581962829808035e+01
4.275811297346373152e+01
3.368751995770704610e+01
2.325741905400245813e+01
1.796140499589347428e+01
4.464995346539578236e+01
3.109634670763993469e+01
1.987040779423498549e+01
3.594934180518421130e+01
4.097687276678070845e+01
4.487032574736242196e+01
4.682801703328330944e+01
2.681412145119736579e+01
2.487670694361194990e+01
2.537884054918315258e+01
1.189509571211497629e+01
6.706925525301758739e+01
3.726379936301996310e+01
1.886762991639012199e+01
3.203810284691004284e+01
2.355192632121297081e+01
2.553833134680908756e+01
3.206823879579845737e+01
2.138907558199604964e+01
1.832497054943637949e+01
1.898069233618810969e+01
5.243683027419677245e+01
3.138192605705445359e+01
4.448018915029100384e+01
2.304181284387938433e+01
9.245426659207272735e+01
1.159796898052519332e+01
1.751721050903034893e+01
9.473643054852512790e+00
1.233175025424262827e+01
2.732470002060847847e+01
3.806997664368219603e+01
3.538656565944485521e+01
7.644953763977414951e+01
1.782330565885255780e+01
3.136884854831906821e+01
1.426717502807126436e+01
3.298161793067915681e+01
8.459569430978443449e+01
4.906584524890507026e+01
1.079028344706468090e+01
2.279202729971390795e+01
5.988212841863649771e+01
3.714900228869242937e+01
7.250153293375961994e+01
5.922652798230284077e+01
3.353101329686823107e+01
1.739310247127478348e+01
1.647399816910510140e+01
5.979693765852731957e+01
3.644668531751830898e+01
1.112422893129791746e+01
2.333953206189854512e+01
8.698352160881952955e+00
2.296169548113183367e+01
4.673012454927964399e+01
3.721343640684442988e+01
2.192149222750281723e+01
3.213604770318866599e+01
2.584430085726257431e+01
2.290389840823160839e+01
6.333536405285459381e+01
3.264143564796364672e+01
1.472248172659250898e+01
2.684010135859279700e+01
2.798487218085682571e+01
3.298158156271931318e+01
4.351994276251384264e+01
5.453387220176638550e+01
4.707790756955596834e+01
2.005182817348028479e+01
2.297654793442744392e+01
3.599121056294796261e+01
5.682292526019270440e+01
3.268275307725692613e+01
2.393718556432165201e+01
3.227780873724487520e+01
2.365495303290441953e+01
2.704768493990443190e+01
2.025220712478042628e+01
1.690476911343029798e+01
2.010492263573629756e+01
1.739614031309828590e+01
2.133161406665971427e+01
2.256051533720754776e+01
1.881532963048623586e+01
2.925545342941038029e+01
7.930083079094745813e+01
4.131741247137076556e+01
3.395496663396657766e+01
2.328705025952877605e+01
2.807951915266193410e+01
4.701242709810532716e+01
2.365188121820291656e+01
8.652967319222408094e+01
2.736724697882701562e+01
2.574839812523919846e+01
3.353314577601101121e+01
3.438328111082569194e+01
4.870769595478542868e+01
1.686746841435720867e+01
1.735329351442210211e+01
3.351970140786413310e+01
1.927703684537943829e+01
1.999700301462495844e+01
2.431802182352464214e+01
2.833385972154666632e+01
5.451545671104132396e+01
3.480012806847206264e+01
2.566862979770899145e+01
1.416897245916759118e+01
3.263106717203209683e+01
5.774225403044222560e+01
2.861295523582761291e+01
2.173270058328280641e+01
1.581632351324082286e+01
1.874135095415842045e+01
2.363248471080407853e+01
1.983279937588304520e+01
3.281632107613468463e+01
1.703225864109418453e+01
3.165893929821834618e+01
3.013472573771139906e+01
2.527775948652635662e+01
3.781573624828831015e+01
4.694407962561592029e+01
1.356232579623108947e+01
3.286768985526349240e+01
4.944556600210687236e+01
3.031291831900806244e+01
2.722371455185974298e+01
3.876152273924865455e+01
2.530571196466378225e+01
2.094090929840721671e+01
2.061286955956504485e+01
2.211295590463160465e+01
2.016761456428757526e+01
2.585548748234497651e+01
3.993698213945323516e+01
4.262864389097794060e+01
2.475587666009242227e+01
2.858540193396673601e+01
1.867147722143008437e+01
2.832620930100111067e+01
1.251609810801045342e+01
1.741862463771698799e+01
2.452993113659340452e+01
1.574390478869706023e+01
9.557370777170147491e+00
2.083483290267838584e+01
2.953029803340037063e+01
7.263398124800033884e+01
1.865411288189862660e+01
4.822952582780123976e+01
3.024940204086306395e+01
1.854971020361719525e+01
2.089608646052704088e+01
2.172366908849437550e+01
1.720013003282470621e+01
2.871693023941966771e+01
1.594020444336129927e+01
2.306482115225126250e+01
3.313839228557573335e+01
3.526951924982409281e+01
2.352011813127073481e+01
2.851855781270901602e+01
2.915569611934689220e+01
8.123440678298878481e+01
3.006129220495521182e+01
5.238380866594533103e+01
4.841989060101234799e+01
1.191997511225002349e+01
2.668884708481851931e+01
3.835068929272783578e+01
1.593115870202032447e+01
1.146344369926749529e+01
5.881118363735443921e+01
1.784376668801028387e+01
4.485473167084425938e+01
9.747696003884941618e+00
1.985445168345703593e+01
4.561447433463684575e+01
1.435237928046236355e+01
4.837702448328800386e+01
4.686578096038190466e+01
2.866120644882325053e+01
2.145789198563501898e+01
3.370516668606497035e+01
3.304278091370446901e+01
4.307156769387835737e+01
2.414362588424024025e+01
3.069255237096680133e+01
1.296351210887522143e+01
1.993764867245657868e+01
2.535133331318202110e+01
1.507366758130250339e+01
3.492154101421331802e+01
1.402922555759598744e+01
2.582653221901529150e+01
4.199478212805178856e+01
3.911193792316746709e+01
1.363334360968840819e+01
6.350776206981881700e+01
1.927234848621883501e+01
4.115455570320315815e+01
9.166444176317713755e+01
1.959059619138636066e+01
5.413203877520273721e+01
2.331690448613291267e+01
1.858716136547246123e+01
2.069792274957442402e+01
5.210465527883658154e+01
1.860122184807894641e+01
1.909389376692915974e+01
2.197467387866410249e+01
1.124006557965624786e+01
2.566257114242191406e+01
1.615343727549594277e+01
7.434457535269312700e+01
7.503170966418637988e+01
2.979852453585797889e+01
3.432584914675494048e+01
5.908793910931518667e+01
2.455985700394241888e+01
1.957143999556788216e+01
2.836355502804597606e+01
1.782699589565122622e+01
1.602144354647114710e+01
2.485094719374473371e+01
4.708114800499998154e+01
2.365988361668949480e+01
2.593743365784995802e+01
1.457324338482140291e+01
7.529922840421745889e+01
3.702640071815418565e+01
3.451491409829083779e+01
1.283787303753889830e+01
2.220461369657550321e+01
2.269535629633188734e+01
2.794001415559359458e+01
1.926241170774018485e+01
4.026656468594837435e+01
5.501088201550097523e+01
2.334703207874380837e+01
2.118054405180502187e+01
7.537011727577700526e+01
1.580349165299519143e+01
1.184237895217634673e+01
2.937464004506146864e+01
8.176976135656933309e+01
4.547476030311388939e+01
7.351486782401653386e+01
2.274051849542939863e+01
2.735759159513935757e+01
1.511700407427087001e+01
2.399309619458109921e+01
4.475985033683761571e+01
1.837335699915298548e+01
6.595961855360489778e+01
3.753373497447182672e+01
2.816868761002548993e+01
3.040630535051494476e+01
2.097706519852771478e+01
2.502185587811666068e+01
1.811955897287163708e+01
1.626912828995119753e+01
3.530908355266827670e+01
2.159285663935019528e+01
3.163138428517370926e+01
2.878770414748568029e+01
1.248797383437410780e+01
1.972558978907111182e+01
1.900853920497151961e+01
1.112706040837774140e+02
1.749310374581116534e+01
2.015550698571417243e+01
5.604605098357191650e+01
3.812247720983486232e+01
3.850953429595126920e+01
3.797395790485902012e+01
2.008914017261388096e+01
5.918188397795954359e+01
4.515116065454448346e+01
3.774723424489341284e+01
2.003757188467266914e+01
2.095870334531388934e+01
4.439023375365943735e+01
2.582418931904650350e+01
3.316441731336387733e+01
4.129207814824014378e+01
2.660883414402293567e+01
4.406578153836674971e+01
3.822637097584618715e+01
5.031679265073587715e+01
3.570558145798634087e+01
3.371400642321705021e+01
1.120555793985997894e+01
4.211534303760073783e+01
1.789696929914705947e+01
5.027060388534202673e+01
1.178373554869517825e+01
3.096956300531485695e+01
1.203637007536647197e+01
2.144171846935721248e+01
5.421351561678863362e+01
9.095636546806206013e+01
7.075206777304893535e+01
2.789318196064877498e+01
5.308023037413495615e+01
2.992054555218059875e+01
5.518425718629242027e+01
2.563002354371449698e+01
3.818641508690007669e+01
2.573302109771077184e+01
3.134317411769998429e+01
3.269044894199667084e+01
2.801210391250613441e+01
2.806021407675838830e+01
4.645902532085587922e+01
4.204650210560682666e+01
7.276861415592483695e+01
7.632858991446829577e+01
2.398033251958263534e+01
2.261847326503987432e+01
5.070878374736773253e+01
1.934791752072310445e+01
1.832409028586606325e+01
2.604431338488322822e+01
4.341636141149162853e+01
3.945377453748395169e+01
2.922993733659143700e+01
3.896787144131673131e+01
4.422383909396425139e+01
4.249931946173919783e+01
2.803407234218112620e+01
1.682774210423539785e+01
1.980113863526883122e+01
1.563106066055260790e+01
2.743375034552910208e+01
5.442522849939902585e+01
1.876269615217086439e+01
2.485868331388723718e+01
3.171610512648268809e+01
4.080797291001879756e+01
3.328864918129777095e+01
3.683475483699121611e+01
2.139246047677195506e+01
1.404848015179405607e+01
2.719827114322224659e+01
5.404234203806912262e+01
2.261748958622208860e+01
3.335769218768257360e+01
4.195652660002316026e+01
2.471942132215281518e+01
3.132161236359007006e+01
2.124675092885140870e+01
6.727414744126475910e+01
1.890507622504364349e+01
3.145604589921459038e+01
7.972127126545768760e+01
3.684231382492203011e+01
9.326150241248674533e+00
6.192970903898211077e+01
