3.576540252311840362e+01
1.365800887146100173e+01
3.559196537519915893e+01
8.097901866724033226e+00
2.022288015335062639e+01
1.658038543665487197e+01
2.787334896543180918e+01
4.743805879870495090e+01
3.769819178109102609e+01
6.183021406505841355e+01
1.615591775364573834e+01
1.671207996306790733e+01
2.135239825807731862e+01
1.755079736143879288e+01
3.191691912352998628e+01
1.506285666014460745e+01
1.073287666856773015e+01
7.895053081734332068e+01
3.593277085687520866e+01
3.611209072426668598e+01
2.893237593056804968e+01
3.397276581641147430e+01
1.119782007513129329e+01
2.998493350313077599e+01
3.826097723274695994e+01
1.210238320911259251e+02
1.867656784726511177e+01
7.228187529428987013e+00
2.261647984119069221e+01
3.379169634041939219e+01
2.892003840745464771e+01
2.275983281615454956e+01
1.852545109041449223e+01
2.418976741973273192e+01
6.543266327211021860e+01
5.551700965497393980e+01
6.691071539578473448e+01
2.116392279738133553e+01
1.485465575958419393e+01
2.388542667056266922e+01
9.938547220982023589e+00
1.678199111947926880e+01
8.017923046192402481e+00
1.394820821394710997e+01
3.271700015552413987e+01
2.039468433226774025e+01
1.973236616513960939e+01
1.542248871410174438e+01
1.470209243975716973e+01
2.136530151813845535e+01
1.480284602198186583e+01
2.734028641112266200e+01
2.397845104657877613e+01
2.531703350986796863e+01
5.323312493251798827e+01
1.302559296999205429e+01
2.319109591681951343e+01
1.733571845099751130e+01
2.055362287530245879e+01
1.034563023553735128e+01
1.042268373192915831e+01
2.548714444250260414e+01
1.154446883570908611e+01
1.396618185743975715e+01
4.133698986267189213e+01
3.216909218826206995e+01
2.010753507923038441e+01
3.373929913592582608e+01
1.294798056177609524e+01
1.972252675083283080e+01
1.531162843140795538e+01
4.364664004455798363e+01
9.016091646599731746e+01
2.210386279007462562e+01
4.763866459402187559e+01
2.153385442023138552e+01
4.649874951141593016e+01
1.869844608714797474e+01
2.299437979062622261e+01
3.569894921565491330e+01
4.476049030876325219e+01
1.943156761187388781e+01
3.477172847452457916e+01
1.716406982361053224e+01
2.645394577840250960e+01
3.582141524336583416e+01
2.367805180304281976e+01
1.342533398257242716e+01
1.490614352021327882e+01
2.410650247807664570e+01
2.912047333786744119e+01
5.069281912080052166e+01
1.926587496794059717e+01
2.807189648708943253e+01
1.451977879689800233e+01
1.061024703130170899e+01
1.636740876642097930e+01
1.103909121585722453e+01
2.503964848741027538e+01
5.549982490946490543e+01
1.783408358802751081e+01
2.719828026586441894e+01
2.274675089236388104e+01
5.188012679352056011e+01
3.434133009793154656e+01
1.777004163500144429e+01
1.801318848696153907e+01
1.087636854830369693e+01
3.967087168695844213e+01
3.240257006474158885e+01
4.517148281043943570e+01
4.214310666174253583e+01
1.238901906965087818e+01
1.119245272842969996e+01
2.392464082050687324e+01
1.360478347492593798e+02
3.597824416154131200e+01
6.550833567071121877e+01
1.685591936342803976e+01
7.457192129416513637e+01
1.426732812336323519e+01
2.241622007371518066e+01
9.795125861599692030e+01
1.456629584693716772e+01
3.574749274148996392e+01
1.694527587166192362e+01
1.692142543083453532e+01
7.664504973679704847e+00
2.009905534587688081e+01
2.389185024405674085e+01
3.796960730461614730e+01
7.137684877422465490e+00
3.744247534414937206e+01
7.640373950918248624e+01
2.336801387762140081e+01
2.424513328459475758e+01
4.772513896101405351e+01
1.955785393205542277e+01
4.324865506966728645e+01
1.697835760812551342e+01
2.104677381896649280e+01
7.886631221773400036e+00
1.708910466978754528e+01
4.225564270384887067e+01
7.933365428414584031e+00
7.818771736319410692e+00
3.785736066580265913e+01
6.587578194567350920e+01
5.282299153154227866e+01
2.123677646328649260e+01
2.853972274820547739e+01
9.206400761642376551e+01
8.485086770205551687e+00
1.962442107736840313e+01
4.902979703367164177e+01
2.345013486796507252e+01
8.923286818748289662e+00
2.783952416755519010e+01
3.028821244684249336e+01
1.534198952554361028e+01
1.312034523519563756e+01
3.312439822395347022e+01
1.441800890685071046e+01
3.019849001902317553e+01
1.344617746116826140e+01
5.527481602238175640e+01
2.306491233944716868e+01
1.230626045479373865e+01
2.958328931890085656e+01
1.585646424825506706e+01
2.144217522956532562e+01
1.237736006127560628e+01
1.741001585012559261e+01
1.271060449868963182e+01
6.974468391790189514e+01
2.666735098674277538e+01
3.029530956892062932e+01
2.811685535746353892e+01
1.238498908962107805e+02
1.716510075348128339e+01
8.989422474974205102e+01
2.979597884776273986e+01
3.051386367361438445e+01
2.194506458045865926e+01
4.806645135622358112e+01
9.503562275964696937e+00
3.077548543772683942e+01
4.822681078220971784e+01
1.742164284680021424e+01
2.601704249659307777e+01
3.121442905449218230e+01
1.705192550045348199e+01
4.440768965680693015e+01
3.202699881672132420e+01
1.685492009452829265e+01
2.369614512237767201e+01
1.611758492617516580e+01
3.597288688880156826e+01
1.432656892317352515e+01
1.639912156649736019e+01
4.193337325562156082e+01
5.948468712553162874e+01
1.638183781429822972e+01
5.017974507898698810e+00
1.128231184399100329e+01
3.877180547164508440e+00
1.375471003333250231e+01
1.264113696339363280e+01
3.178008202074592248e+01
2.000924972042590255e+01
2.147374814497628748e+01
2.841725280170401646e+01
3.434589051591594711e+01
1.940177130260797611e+01
1.621911930692993451e+02
9.220862278745913443e+01
1.808292805218585499e+02
1.808992692887359510e+01
1.884400987109831505e+01
6.995128471897662337e+01
6.191856433660034753e+01
6.623301084116793902e+01
2.308130728084640637e+01
1.926261235047585103e+02
1.149705205960987442e+01
3.858482232720919569e+01
1.291443861104641400e+01
4.616983698032041872e+01
1.142238801400059245e+01
3.797939915603132732e+01
5.427512969157733380e+01
1.230265278158338873e+02
1.646383457970213016e+01
6.638101071994761071e+00
2.186687080454624876e+01
7.288234648857160991e+00
1.046099625648696652e+01
7.541658761229878394e+01
1.115482398725048654e+02
8.094095767488491688e+00
4.183888748582900519e+01
8.066308567038984023e+00
2.506809794098202815e+01
5.926296679512640964e+01
3.302088222819629237e+01
5.608853652622784125e+01
1.032268949422548587e+02
1.741442384060015414e+01
1.236988961572618706e+01
8.135949477331334379e+01
2.440426153562667366e+01
1.938636793531937741e+01
1.896745469169444931e+01
1.904503779061183977e+01
3.359947947145838043e+01
1.996994543950158985e+01
3.444623342757597584e+01
9.663452929227226207e+00
1.911360641505806157e+01
7.422623323044162191e+01
2.316756198430316971e+01
3.762611893878611369e+01
3.303907680964582738e+01
1.451999674058724743e+01
1.154551012556928669e+01
8.590549368282032106e+01
1.764652150194525504e+01
4.293830354494352974e+01
3.474619708733929713e+01
6.545061688824550572e+01
2.728339769781691970e+01
2.527013579228363227e+01
1.901771919629293350e+01
1.353692578120128509e+01
5.519289797249403051e+01
9.527556028462162985e+00
3.746043874444697508e+01
1.604095516363725693e+01
2.664317936294950329e+01
1.932155645845231362e+01
1.943296367577041295e+01
5.061406574556200866e+01
1.984093978129169500e+01
8.929824693493294774e+00
2.423806656445654539e+01
1.591725598609516723e+01
1.805248063125425162e+01
5.272034087002914760e+01
5.848022956117449667e+01
4.474340641603701130e+01
6.538464390685128080e+01
2.090185028260832212e+01
5.252715510034193791e+00
3.551883586322854569e+01
2.415973013084162346e+01
2.774058168580406303e+01
1.563971834189110410e+01
1.939186036418228554e+01
6.483456219891094463e+01
8.994582024970060985e+00
3.015454016754411981e+01
2.105555371849950319e+01
1.937059757279436312e+01
1.143494457678702325e+01
1.973900677160242623e+01
1.999568019832453913e+01
2.231502973593435968e+01
1.147416766417982714e+01
2.089084148358154280e+01
6.339955833339946878e+01
7.111907076958858909e+01
8.158092786301436661e+01
2.354672052976225061e+01
1.523330196174651618e+01
1.141921274071146115e+02
1.903978419571708969e+01
1.295162037426982771e+01
4.518471981025351170e+01
1.955583773923204305e+01
5.118062217033865835e+01
5.933590625971194754e+01
2.479222912595881212e+01
9.295384553647350501e+00
2.595304529128287641e+01
4.683508470611872099e+01
1.863048854085347372e+01
1.178878350901032057e+01
1.005341629261151581e+02
1.606571877406354076e+01
2.578806340259320606e+01
7.073359930471386292e+01
1.096787181445426995e+02
1.742421698438415234e+01
6.623790010745010193e+01
4.026329789995863706e+01
1.513321212814097194e+01
1.496289106848768746e+01
2.886224401519017846e+01
6.828834278864898977e+01
8.114894249764320477e+01
3.037639904617096320e+01
1.193382844334414727e+01
2.689061795229968510e+01
2.037684005433438728e+01
4.070010176371507526e+01
3.111133283107378844e+01
1.022967729164123796e+02
2.942144413667766401e+01
2.705846817415365280e+01
7.070868582044226969e+00
2.933253253416845041e+01
2.411192742524456989e+01
1.347945982638439233e+01
2.195693333020264504e+01
1.330557057318902281e+01
3.681180148241867300e+01
2.118763217320403314e+01
1.231048365492496899e+01
4.248142309023431551e+01
1.217383958720388293e+01
2.517327787271165107e+01
3.942093224705946586e+00
1.720072189901970461e+01
1.655236907520921008e+01
3.700612861132879772e+01
9.993415465435409928e+00
9.109539835679727915e+00
1.231355273983709608e+01
2.845294583879118022e+01
2.017589614519490837e+01
8.512311585801583647e+00
9.461025378832606236e+01
3.239612529974152011e+01
2.244304016735779896e+02
1.689073950663449182e+02
9.110002395483830284e+00
2.526855916062438112e+01
1.154670148509182468e+02
2.158185795803531093e+01
5.743559972789002899e+01
9.406099253071010580e+00
8.684188993541340551e+00
6.127596402755838767e+01
6.095008027145234308e+01
1.373858262702558086e+01
1.588406541727026138e+02
3.946197941178072455e+01
3.398556529876469767e+01
2.733010213941174626e+01
1.081617727826381703e+01
6.361597843602381452e+00
1.698480099014665257e+01
1.314598513345493735e+01
4.412193070939006034e+00
3.590344968958696370e+01
2.999151497309930647e+01
1.436343619862802790e+01
6.338876911970771744e+01
1.545724055409642794e+01
1.705605184313601086e+01
2.091572090648607229e+01
2.568246753462981857e+01
3.439805077601291572e+01
3.341610077397429279e+01
2.104003673531230589e+01
1.905444045474644454e+01
3.905856582057803195e+01
1.709555928221149301e+01
8.472589731940890090e+01
3.377865315964637460e+01
1.458800705402905464e+02
2.575976982463915377e+01
1.303137152465280302e+01
6.905424975940167087e+01
2.797923314272044237e+01
2.335485531167853424e+01
7.521187483160079523e+01
5.943882010168446328e+01
2.452563978317158089e+01
1.609681291246977608e+01
1.572369780107395698e+01
1.844488460564465271e+01
4.374702745245115665e+01
2.229407930635231594e+01
1.127352430047521992e+01
5.607310596920283885e+00
2.447321719370988902e+01
4.604215337519247697e+01
3.103810190842370176e+01
4.690343504380820860e+01
2.906434942882052042e+01
1.438750981476907214e+02
1.995053988533426548e+01
1.842815797517256016e+01
3.893054697409659326e+01
2.617284181755957562e+01
2.358562955628675439e+01
4.575795909641912118e+01
2.159448454335602818e+01
6.553012380793538760e+00
5.876906569989891693e+00
5.324978284818667618e+01
6.409881074673297974e+01
1.278108064238519503e+01
9.935313182352970784e+00
3.384946769659645582e+01
4.024818783778669484e+01
4.554957304550944031e+01
2.528243840006986787e+01
1.730090623570091424e+01
1.024227618238240645e+01
2.053704306738269381e+01
4.045727990080368386e+01
1.365688238080867478e+01
1.273087171914062488e+01
5.095948020726708450e+01
6.749517801838278785e+01
1.005366786576025362e+01
3.065945002255866925e+01
7.372530654154974172e+01
4.597218952927369173e+01
1.733216877738643902e+01
2.439030051380913733e+01
4.626022752181811626e+01
3.165253494532741385e+01
2.717498223890047626e+01
1.544152057095930708e+01
1.265366904968314188e+01
2.762751320190629656e+01
6.855744149143228583e+01
5.492391071066302999e+01
1.084880681264242952e+01
2.096798292308970701e+01
8.831467088879522365e+00
9.905301105922855953e+00
4.761488151348980580e+01
1.557137242650641795e+01
1.688567491206771010e+01
8.448633949260724307e+01
2.685042225389624093e+01
4.352663888764854505e+01
1.700690464528835832e+01
1.732796451207579480e+01
1.648487481221270627e+02
3.556976387933420369e+01
2.105275483852311780e+01
3.339946971447222523e+01
3.756658887923815371e+01
3.770522526585355649e+01
9.678991595083934030e+00
3.412786947988943353e+01
1.419120383720332370e+02
2.355965583474873881e+01
4.230860238513760407e+01
7.922751523168994936e+01
2.076182057131213554e+01
5.088662357551107362e+01
2.943396099866972548e+01
3.056859574925255174e+01
2.730681958897139694e+01
3.532195208279244270e+01
