1.732913304780274188e+01
2.089176131222779631e+01
1.575601206795079356e+01
1.130067444450575742e+01
9.867270605941223849e+00
4.642544865753981753e+01
1.052300664318460477e+01
2.772844218220747692e+01
3.386518155015140508e+01
3.822861005902664999e+01
5.585263188195880701e+01
1.272119126657940313e+01
1.088412639357819245e+01
1.342027713067904138e+01
6.484761114183944741e+00
1.119058499940190288e+01
2.789354906414357771e+01
6.420413321955472874e+00
6.114961750628611981e+01
5.068490275044297277e+01
1.127601242021797034e+01
2.955238255432055539e+01
4.051156453774461852e+01
1.276362223253758366e+01
1.188022852874229329e+01
9.530662792136334716e+00
8.353247076074052302e+01
9.593558421646404710e+00
7.291771433930456681e+01
3.815634140149482079e+01
6.473162079201382824e+01
1.074459377069329769e+01
1.152667881611200862e+01
3.476411319938886635e+01
7.826836699201408010e+00
2.039101162439241577e+01
5.947366608991529802e+00
5.857749836970076984e+01
4.179411995372453781e+00
1.337598284728374232e+01
6.452901394861774165e+00
2.467657876650390492e+01
1.963009637867715185e+01
1.929805900220497472e+00
4.421713703665871265e+01
2.965791818331343421e+01
4.106136678301207610e+01
3.127349354198211628e+01
2.105260549876436116e+01
6.897762594358817445e+00
3.060070288178592790e+01
5.680379218468811331e+00
1.690108630776764898e+01
2.027534530879695041e+01
1.399143563787793809e+01
9.816504027140863897e+00
1.564118258563392949e+01
1.736353905898099725e+01
4.589471771278329726e+01
6.098235978426354897e+00
3.128176760452804928e+01
7.051088461891814063e+01
2.625448246165549904e+01
3.800108377856633268e+01
2.325194640040150773e+01
7.819754544309960309e+00
3.881919673536209814e+01
1.901134200478691838e+01
1.809867761986297552e+01
2.183350297349499769e+01
4.354856067631642702e+01
3.688884328531182888e+01
1.004072511526331724e+01
1.997554034392592470e+01
1.752209784350803190e+01
1.491075168848424681e+01
1.791778888080609988e+01
1.105461357289002500e+01
8.629064124220887422e+00
8.003473697914023077e+00
2.186347535047847757e+01
1.633391711825431258e+01
1.841361764561823477e+01
1.017480291133082204e+01
5.314324653235307494e+01
6.513460676925884485e+00
2.592009857060455502e+01
1.349896198852587226e+01
1.941940714653203415e+01
9.737040262127875323e+00
3.474461775839711919e+01
2.766127200931484609e+01
1.385886880348619954e+01
1.738785107851407474e+01
1.362513884402815023e+01
1.175287455371614342e+01
3.594873453271685282e+00
1.001059783367439415e+01
1.956664313555401691e+01
1.445326347197285521e+01
2.852325857494020056e+01
8.004667928985605840e+01
1.239548657121368223e+02
1.677970408243771061e+01
1.872010271208387877e+01
2.341900360285492511e+01
5.973134894054032529e+00
1.081356602776044618e+01
2.534857537907387837e+01
1.273720320073887713e+01
6.932892476505617019e+00
1.248877837180933525e+01
1.731285653609370812e+01
9.121766034127444911e+00
6.943266212436138396e+00
5.116575262761813292e+01
7.263744133563904803e+00
1.829013391564647506e+01
6.950855651406778968e+00
2.266918227668470109e+01
1.077183509538269135e+01
1.821503849942547149e+01
2.940143271919400547e+01
7.631538295423678342e+00
1.750569556028121099e+01
6.174898450985683951e+01
1.551922041643622130e+01
1.363677452933485057e+01
6.538521423354022311e+00
1.777967179330392611e+01
1.749230827850071890e+01
5.399337916412005001e+00
2.910937925658593528e+01
4.618620995917384064e+00
3.181059020370918589e+01
1.250844990357404818e+01
3.543370050227556334e+01
2.706056096763605012e+01
1.362165226252213657e+01
4.569710806105690182e+01
2.990130284519982595e+01
2.133975410923611093e+01
1.358260436463033649e+01
2.635429582219564537e+01
2.225028809511555750e+01
1.355379219885461417e+01
5.204156215404023555e+01
2.149252384247923331e+01
4.251078842032272043e+00
3.240914155350668580e+01
8.664246196963157232e+00
3.667497003781955556e+01
1.607954904037039512e+01
3.561403721755160490e+01
9.200107113184126106e+00
1.385247376764294636e+01
2.595897872131282114e+01
1.618071487418711740e+01
1.285742997275812805e+01
2.161002577260918400e+01
2.998432674263877828e+01
1.238770403127413573e+02
1.038677100288179922e+01
1.917754320651922484e+01
1.497134070746298207e+01
9.177996833621749673e+00
9.567615415789314071e+00
1.848268218136904650e+01
8.435975706192026635e+00
2.501327926115277478e+01
2.772155914664232768e+01
2.280073207559423309e+01
5.643307284839143456e+00
9.004304015233923053e+01
1.530610677543512566e+01
4.164812107014980391e+00
1.840670082552388820e+01
1.356035423235729631e+01
2.534628137955571603e+01
2.451404142997158431e+01
3.985664374840192892e+01
2.809462325910865133e+01
7.156766655787118125e+00
4.186259267461129241e+01
1.451761865487523266e+02
6.314572009052822565e+00
4.953326821982899197e+00
6.742608731888648066e+00
2.219753600546252059e+01
6.862709763014651188e+00
2.281016065882318955e+01
6.987572731078430799e+00
2.509675573242930824e+01
2.671723595507055649e+01
1.327281545333449309e+01
3.192658885186459372e+01
2.112487308418321845e+02
2.212172643868879263e+01
1.206131751116493867e+01
8.126760569734276629e+00
1.650629508001415502e+01
3.143349739650903274e+01
1.217533518844812868e+01
3.389035592886992987e+01
1.563050138163818303e+01
2.420379511025459607e+01
1.212138071457849264e+01
1.535803053825607378e+01
1.443286232788068446e+01
1.061024500332018938e+01
9.066695322790357636e+01
2.018907423518953337e+01
5.209174865408520105e+01
4.026178162162104002e+01
2.694321756762778719e+01
1.381877595358877109e+01
1.030128343149228343e+01
1.101044442918374600e+01
1.361194469648732763e+01
3.971955800686688320e+01
1.811848678345427643e+01
1.789375276861937181e+01
1.779115406143669276e+01
4.516930347562242076e+01
7.479360406245474735e+01
1.061376575726517224e+01
3.203526255858583482e+01
4.488771400910670195e+01
7.414174754731983619e+00
3.239482631313213545e+01
1.282242377963335223e+01
1.317386145318529600e+02
1.901939748061183622e+01
6.555443254283728649e+00
2.280977121879413971e+01
6.691014295388033162e+00
1.332321146181524085e+01
4.519747522611613277e+00
1.259579750669355036e+01
1.628152363469805408e+01
6.134756935777102882e+01
2.537895197989454488e+01
1.259670487476271283e+01
1.809828096188474689e+01
3.350013516736393626e+01
6.867265610082318616e+00
1.920783906880836867e+01
2.383249448375734403e+01
8.043982204442647443e+00
1.851796540442997596e+01
1.274171551938131230e+01
1.417402985104684987e+01
2.725392747087463619e+01
1.125041661075233179e+01
2.056276868072028918e+01
2.644037586415078778e+01
2.330336288881690265e+01
7.503451600474880578e+00
2.192261406835486071e+01
9.232939497642050242e+00
9.106895554165710394e+00
3.510481153022649181e+01
2.432639987014811922e+01
2.873651455649093833e+01
2.013126757203096773e+01
8.529092643469670776e+00
8.798379514986168104e+00
1.226801825863189066e+01
8.375361828631543659e+00
6.440436481826414195e+01
2.880711235078320342e+01
4.934837766481327748e+01
1.000358479570362746e+01
3.515933170969820765e+01
1.351289332949316169e+01
1.314047649313564392e+01
2.430586138852516243e+01
2.206052968167990258e+01
1.114587654642609493e+01
3.053887163418108486e+01
1.220555993601277578e+01
1.977610685756491904e+01
1.420401913657107400e+02
2.533185644645986301e+01
6.318969554075113848e+00
3.023417698501394568e+01
2.012972186961988186e+01
2.957515293139580592e+01
3.620760859062584558e+01
5.273725817128238447e+01
2.113990107298427645e+01
9.312712501738362292e+00
3.682008794206059576e+01
1.587032000502486540e+01
9.918691390669797769e+00
2.920860936133338370e+01
1.372646262894143909e+01
5.778188830537364318e+00
1.661522777748973212e+01
1.484029726524152615e+01
2.362519302724684778e+01
1.295279638456010218e+01
5.335070215485902878e+01
1.543921372916020474e+01
1.869797889839961158e+01
3.832709186759543485e+01
2.882179981482831366e+01
8.976166483489471659e+00
1.027713173174432981e+01
1.733471242840334980e+02
2.703194855615720016e+01
1.315741361008311650e+01
1.426164599964037016e+01
1.793785546542292408e+01
4.476413143910744452e+01
2.239628659844424163e+01
3.964068853054264707e+01
1.532307369535735475e+01
2.599452972811972629e+01
4.317707378661819462e+01
3.328904907659612178e+01
1.743719810483253241e+01
1.538876680819974929e+01
7.947049639937318943e+00
4.829125742289676282e+01
7.447404165834155876e+00
1.100304025396265040e+01
1.137340001441071102e+01
6.600452508872273860e+00
1.064554539308111103e+01
5.407410344224186538e+00
1.213062331136908156e+01
4.874793416155123538e+01
3.288311521123115710e+01
1.589497197221852431e+01
6.227069302351508640e+01
2.509794723632279911e+01
2.675136930507866495e+01
6.665731287138069838e+00
1.271530128302198293e+01
2.266272802658968999e+01
5.219716843400315298e+01
1.054404435021963593e+01
2.370311459696188905e+01
3.422789397477379225e+01
2.960003613005166301e+01
1.997244234663124374e+01
5.342739686333718652e+01
7.725391329053748812e+00
2.083189351187209581e+01
1.771360113745687315e+01
1.289847650792684952e+01
2.797813489489245953e+01
2.016192389055761325e+01
1.973220526742627356e+01
4.998507940101129776e+01
1.410318241971604891e+01
2.387652923813761063e+01
2.642235444020020907e+01
1.212311946302743593e+01
3.261210323407984557e+00
1.973971034154150317e+01
1.685278459249260408e+01
2.952227805090491586e+01
4.173679244694813661e+01
2.034806104968055962e+01
2.833206085544672703e+01
1.385639091926433331e+01
5.136365878940465279e+01
2.752078008083667271e+01
1.732609954534661156e+01
1.402119116000139520e+01
1.423978981546254730e+01
2.083820885592491834e+01
1.690879742775430827e+01
2.076007777457171599e+01
5.031171546367921366e+01
5.034532743569815949e+00
2.248240497693197426e+01
5.601848808550992942e+01
1.674865786390521549e+01
3.632615410272325107e+01
3.936313595582010549e+01
2.389564293053589239e+01
3.842115096992566237e+01
6.868205804905373668e+01
1.429154203585614802e+01
1.007048337791830406e+01
1.006892440041535686e+01
7.254265831942301013e+00
4.144132074710306313e+01
1.278766594047752037e+01
8.042578427265185681e+00
2.748909056474035850e+01
3.705651695375212995e+01
1.920248415980147527e+01
2.568865420395329480e+01
1.428736747124761735e+02
1.966433022220016369e+01
2.032468461227438894e+01
6.097503694100280569e+01
1.689598464009217338e+01
1.366414765288243771e+01
1.298217823791519621e+01
2.459056567928893244e+01
2.073082290877916378e+01
1.183341997346895091e+01
1.090883563277543367e+01
8.979459056015652862e+00
1.462822794777405377e+01
2.598783319349053045e+01
1.053133881756369483e+01
1.706078526879930024e+01
1.868805431592687327e+01
2.856247011464984453e+01
1.871979731354396392e+01
2.245065656802153597e+01
2.847675118433796726e+01
8.955934469126988873e+00
9.128550916877648191e+00
2.728939436598495050e+01
2.059762437278920544e+01
7.214185224515944128e+00
6.330962298937968313e+01
1.388512875953175651e+01
1.056329375319167241e+01
9.339186723896007791e+00
8.495610390569318326e+00
2.002870023043281478e+01
1.335028212301852868e+01
3.708273089457843241e+01
2.566133146813554333e+01
1.929187682296831596e+01
1.610745826516755841e+01
1.748963088386813780e+01
1.204586062293196136e+01
3.159504506098610577e+01
1.959919759171136988e+01
3.120264258057407858e+01
4.041191667305920276e+00
7.025189555947401132e+00
3.691086133830970617e+00
6.145022706343699959e+00
3.739517215662708338e+01
1.050215720714640071e+02
4.188241293944230392e+01
1.203596564426456084e+01
1.423761804943311837e+01
1.297348700389215459e+01
1.153354057698828683e+01
8.196824307731791492e+00
1.798198813168143673e+01
1.033966716750299675e+01
1.682770136030464414e+01
5.241316070403518523e+01
2.726795147792214635e+01
1.021142294241261261e+01
2.044685007088915540e+01
2.503262169869032050e+01
1.548401791488634593e+01
1.930663117167106080e+01
6.535927740991311907e+00
1.121753953198581399e+01
6.953822252929515280e+00
1.394310758624054074e+02
1.084773314847075376e+01
2.118861923393424718e+01
1.659290988888768936e+01
4.056737389143800776e+00
1.084494910721698524e+01
2.484940479177952710e+01
1.296621980325419088e+01
8.667278208360722047e+00
1.611930647333654676e+01
3.842766204255724460e+01
5.414780072477520356e+00
4.003060999685270360e+01
9.831441863280732107e+00
1.296466125266652369e+01
2.643892014475229857e+01
3.394928936836832634e+01
1.331868739647265265e+01
1.219282513543002011e+01
1.763293451473518303e+01
1.498523062293064001e+01
9.962475097444851713e+00
3.734056054994402629e+00
1.985711259561307429e+01
2.473519705348233444e+01
2.317268982850943004e+01
2.377990463058626958e+01
2.862027942798750502e+01
1.914342701103405275e+01
6.185448481947970123e+01
1.591373054290944999e+01
1.688407540155055742e+01
6.676337784948307430e+00
3.673278446832782862e+01
4.685846128035522185e+01
1.291023828324157208e+01
1.505449942387465967e+01
