1.960947060597672120e+01
2.410177444496740762e+01
8.640101210571968693e+01
1.268026861444126929e+01
2.002078943506941044e+01
8.213655297081640327e+00
4.937038104920423365e+01
2.396522493162683887e+01
1.331259896681110533e+01
2.273650310892603699e+01
1.904727378256159653e+01
2.380982859465908064e+01
3.494955652067082497e+01
4.571645469778979276e+01
1.204895594023387773e+01
4.697854009232293038e+01
3.439732479613921612e+01
1.520043368530462580e+01
6.147779317209181471e+01
2.196542002674116034e+01
1.395400999408424880e+01
2.148727191304779893e+01
1.296910405299403379e+01
1.860738311268015011e+01
1.401425706161653579e+02
1.348180464598846307e+01
2.550514635941358321e+01
1.562925272964532653e+01
2.276187688878707860e+01
6.438684134496899958e+01
3.150077088021351912e+01
1.986223843759441365e+01
4.343232323140871642e+01
8.169403136733241411e+01
4.083214898570854956e+01
1.010911679610785718e+01
3.929463455260785310e+01
1.602683650274940774e+01
5.385721635697459675e+01
5.353982635026373771e+01
2.604627648878958723e+01
2.686598341491274411e+01
1.351328928600091928e+01
8.632949485472062534e+00
4.069561593909609343e+01
2.032638919652478648e+01
2.394321653537094718e+01
1.792362271153153230e+01
1.516640091176510197e+01
2.293257518519128269e+01
6.680203074719754497e+00
7.707160934621674286e+00
1.903881980118556783e+01
1.479357156699915166e+01
2.736234256651520980e+01
3.402727201950708746e+01
1.467877391229545836e+01
1.264388164919133573e+01
2.485655902260030459e+01
2.227241610563094198e+01
3.439626642151236524e+01
8.627535644968695294e+01
1.755471361945516762e+01
1.774513480324765524e+01
2.102710335795676144e+01
1.067645661180904604e+01
2.064121436011631516e+01
4.336665906154696160e+00
1.886487427819050211e+01
4.326056904775551004e+01
4.462550814013362555e+01
4.037256423500950575e+01
2.007368009277451222e+02
8.642094960441569640e+01
2.299777915309912046e+01
2.370329911722195249e+01
2.249905258731477531e+01
3.658558036024334115e+01
3.100059642335224908e+01
3.070778553029229840e+01
1.006070635580333494e+01
1.104037901494773166e+01
1.472950303983737719e+01
3.512388236575807099e+01
1.619173736272431441e+01
3.598922939368003426e+01
1.094050383189782671e+01
2.968662696538105905e+01
1.140312420219298062e+01
1.240908842178550842e+01
2.615873338654813551e+01
4.151499417923015756e+01
3.829507718835512264e+01
1.354545935489200836e+01
1.990215636010261235e+01
1.250228744794242530e+01
7.819821489552014171e+00
2.685599780953189963e+01
2.768698009185010989e+01
1.794837661126506845e+01
4.127741886606387567e+01
7.755827451364757508e+01
3.885698002361195336e+01
4.751313885724962915e+01
8.378699576485640677e+00
8.589995981773680001e+01
1.997366513425661338e+01
1.000060788123171740e+01
1.824715876003827830e+01
4.191807825478789340e+01
3.422954577566990508e+01
1.200475827495334968e+01
3.791751714213234692e+01
5.887803276460003588e+01
1.858104247879942506e+01
8.121770589274193597e+00
6.136869684226191168e+01
1.997141188146826707e+01
1.902913460909940113e+01
1.729918132897977401e+01
2.244259384205385643e+01
2.051901640044734165e+01
3.119582144871856855e+01
6.461830160457523675e+01
1.086993272139099531e+01
1.255857475070783025e+01
1.188514695154173850e+01
1.395547127036351043e+01
2.692373098833954970e+01
1.704961231253347975e+01
9.486598184659303712e+00
1.442745277416112870e+01
1.322084452301926660e+01
1.030089888386475572e+01
2.692110064784563050e+01
1.378321752508391107e+01
2.931654468574209105e+01
8.532411727288081948e+00
3.522490807344047425e+01
2.291786212274389456e+01
2.896770031354597208e+01
1.040536966409353248e+01
4.213831636184951179e+01
1.254440941541196963e+01
4.626375769214681810e+01
1.051239372349290235e+01
2.988994338145120722e+01
3.709367882699460495e+01
7.430493829083210322e+00
1.475049691587954825e+01
1.665190859671359291e+01
3.561946223145530865e+01
8.439480876294970457e+00
2.664138803013347712e+01
1.561523296209424672e+01
3.294766246712222113e+01
1.520067985439678004e+01
4.173300544846473059e+01
2.871791289099088829e+01
1.484201137003888604e+01
1.296631404514123354e+01
2.121653844798235511e+01
3.132785902049155879e+01
5.503669232364160280e+01
1.960290615167974337e+01
4.065765908867282263e+01
2.323145959354722478e+01
2.035628100232821680e+01
2.280194235246132095e+01
7.823208088636341095e+00
2.639441620875779293e+01
2.605524736554383480e+01
4.275102636595640604e+01
7.769629548349651316e+01
1.646734670121072952e+01
1.549151894904527005e+01
2.376095755705005885e+01
2.914162739197027818e+01
6.016944906136625804e+00
4.452695747711062779e+01
1.102151424627820475e+01
1.802387472291280091e+01
4.551234990664080549e+00
1.497674731392888603e+01
1.688392866476437959e+01
6.863362220781782597e+00
1.418436033870681001e+01
1.805000869077429826e+01
2.470761874420550086e+01
2.322901460800627049e+01
1.181216264986844244e+01
3.966252332439353978e+01
2.995817882186521430e+01
1.311770608073925537e+01
9.607325864805075000e+00
4.523422374743649499e+01
1.723696848037192808e+01
8.355507137707894216e+00
1.022423940172407697e+01
4.570884768485160343e+00
2.195883603903893899e+01
1.730328090674636954e+01
1.667515103243756514e+01
1.432021336974594306e+01
2.032240992269714042e+01
5.412255514898335207e+01
1.232771748351610519e+01
8.432782148693096502e+00
1.301757961240697981e+01
5.558230959483085343e+01
2.775302297489581349e+01
1.533716475282416170e+01
3.789877081405700920e+01
3.704225438288325734e+01
2.208696593133429786e+01
8.123483331075557601e+01
4.012172277312916435e+01
1.632744596026319428e+01
3.676370931580357393e+01
1.880709162066644069e+01
3.992324703782349360e+01
1.453097268662966179e+01
6.326819760672824344e+01
2.882619211883388743e+01
4.978441643485246004e+01
2.006922223021538088e+01
2.416129259733451917e+01
4.191341104930611294e+01
4.717204834681847103e+01
6.861222791143858579e+00
9.392980542772685126e+00
4.483825424433334206e+01
2.357085646340410534e+01
3.385129251271303730e+01
2.113511013537367589e+01
2.294483638520576818e+01
1.284073494175165919e+01
1.410786993682588708e+01
9.527460506227672710e+00
3.527676466646102682e+01
1.901605235310140074e+01
3.155971188019256957e+01
3.495341776638463216e+01
1.602770919596023447e+01
1.831794562186989594e+01
1.454274790598781664e+01
2.407453300924881745e+01
1.680971617081959124e+01
2.431683795999543563e+01
1.480739034677808341e+01
2.216371247641177433e+01
2.528930701872125297e+01
6.248847996068143829e+01
1.324260499311385786e+01
1.037840848977758768e+01
3.284359740352174839e+01
4.015023597106615938e+01
1.962442509528233714e+01
1.874233972249487223e+01
5.676087506861463794e+01
2.782437939656010784e+01
2.366417781108733820e+01
1.799381751147027586e+01
1.532883456542348100e+01
2.572136368351883107e+01
2.303321105845826011e+01
9.324761194199632897e+00
2.469397929449375795e+01
6.218663884511392403e+00
9.419801911781497950e+00
3.147406812028964396e+01
1.210194279167140508e+01
3.777811237860019844e+01
7.101157671292926921e+01
8.157105483607836049e+00
9.350065574803071655e+00
2.308283078630993401e+01
3.101200906068582697e+01
4.348332916247108670e+01
3.142211311169497634e+01
2.665635949996409337e+01
1.857834659976303726e+01
2.753178565399597133e+01
2.360129983268769394e+01
6.022498430460628782e+01
4.062476418144965606e+01
2.753476092842796419e+01
7.564241206140700946e+00
1.269936689185363576e+01
8.443807021362391652e+01
5.318709590007695454e+01
1.124361455770944573e+01
1.991388171975520649e+01
2.716981021582150646e+01
1.745518578549955890e+01
1.506082456929500069e+01
1.090765097810436934e+01
3.582710830306927363e+01
1.324582511426647713e+01
5.720242861429507109e+00
3.562453636963322623e+01
1.452736562368806617e+01
4.117359960687517528e+00
1.632045863369675942e+01
2.456499876368006596e+01
3.370591340178577866e+01
1.837056027344832643e+01
1.542595084056999077e+01
2.872830756431367405e+01
3.111099371437767047e+01
1.012073773549935218e+01
7.280258986855939440e+01
3.562873849920893576e+01
1.686316518665604391e+01
1.725742763607355457e+01
9.786050826733575292e+00
6.220723453438301576e+00
1.056199667981745272e+01
3.048673736785526955e+01
3.491956773875307363e+01
1.289891537425550894e+01
3.731966098005302257e+01
2.304944287483430188e+01
7.395535956810594946e+00
2.047919569580489707e+01
1.523136961654619981e+01
1.052287272363445148e+01
2.737162981057265299e+01
2.434980212124636978e+01
1.424241028095751105e+01
1.699573226405084014e+01
1.594566318008535433e+01
7.942116612700279354e+00
1.517263803933799871e+01
1.086437456173433880e+01
7.624557882241703055e+00
8.785428772141147036e+00
2.404326453210570236e+01
3.258854529758973939e+01
4.042187023142442825e+01
2.853842423398753425e+01
2.645146064990677459e+01
2.280516989961974517e+01
1.883091717169698498e+01
1.924192923402547351e+01
9.641393329871675633e+01
1.267560161851764278e+01
2.186663182455636090e+01
2.078013266711942464e+01
1.302895966465833233e+01
1.814621026134932436e+01
1.726101421829501348e+01
4.617989794793514591e+01
1.720957693777226893e+01
1.466960522855688964e+01
2.409659057941920679e+01
5.537180335808007214e+01
1.490134060322671061e+01
4.978870479593724951e+01
8.037463078171702691e+00
2.611449216747813296e+01
1.912926859618322339e+01
9.844344698577192077e+00
2.059988995971061243e+01
1.862163469385614434e+01
1.604348554944759542e+01
1.739066899375026409e+01
3.608558297749515020e+01
2.837624671194369697e+01
1.032829994580428412e+01
8.213162574042433661e+00
1.489435767446306080e+01
2.658655956111661567e+01
1.214615459901814809e+01
3.238843170267746530e+01
4.707658749430430589e+01
3.040162016734175410e+01
1.389578353425955548e+01
9.642571318884336051e+00
2.191620164195424181e+01
7.865956053100637391e+00
2.393669570780619082e+01
8.043360022926213659e+00
3.409144309455879807e+01
4.352854807289399730e+01
8.109302995331905350e+00
2.949139398282993341e+01
1.532928355119765840e+01
1.965478032739059344e+01
2.155161902910909433e+01
1.055745499486240035e+01
9.006261430457685435e+01
2.977857273548622885e+01
2.260240905281979451e+01
2.417413428470740655e+01
2.537686747622194616e+01
9.070099083878947255e+00
2.019237958973991454e+01
2.571820203234682367e+01
3.032882596768325101e+01
9.182270256097242012e+00
1.955904721797171675e+01
9.230370220179963781e+00
7.457838231303713883e+01
1.669508130032011550e+01
1.796403701215037785e+01
2.591671193341014501e+01
1.728351645541332005e+01
3.464336413500216594e+01
6.036715296046632595e+00
1.342978117862364407e+01
7.190275813783481240e+00
2.335388150765235693e+01
1.234622329353401327e+01
8.241518697921067726e+00
3.851361478412135853e+01
1.853119930803214288e+01
1.348392166359747613e+01
1.196656442768403394e+01
3.690457177911054032e+01
4.146989295689436261e+01
6.259133167478758963e+01
3.547209138851306420e+01
1.186234163301222644e+01
1.042838278472479274e+01
2.903521192248396332e+01
1.895348574620783566e+01
3.385055389573758333e+01
3.078468156471884853e+01
1.986204757252015440e+01
1.549925385559202873e+01
2.388619699568464938e+01
3.097816869253678362e+01
1.023707779019783182e+01
1.923403395007903782e+01
3.628343117162462761e+01
3.879659510034709058e+01
2.165484072419230444e+01
3.867679204880288779e+01
6.382467840272769877e+01
8.687187154851702786e+00
1.138378576432956990e+01
1.238671063441673859e+01
4.758267425115401750e+01
9.001642170123837161e+00
7.744239124829013576e+01
1.093929221586701317e+01
5.644478958369389510e+00
2.239505925445702417e+01
9.075056341869323973e+00
1.041877558970747586e+01
1.609031268614045018e+01
2.301107025807609574e+01
2.978161034559749609e+01
2.225363477845818139e+01
4.828760389339016257e+01
4.020839703648596242e+01
4.993787416579066729e+01
2.010228000323891706e+01
4.320629305900342665e+00
1.299153808375363717e+01
3.304456398189077504e+01
2.183113395423157854e+01
1.626342885994652931e+01
5.408390296659828067e+01
1.585446585821493848e+01
1.615192830116680867e+01
1.605196555645046175e+01
3.267833541099708583e+01
5.879885989570042426e+01
1.078412713708865489e+01
2.500961369740263507e+01
1.675425304713342101e+01
1.575437935595451577e+01
2.622996626146265342e+01
9.710499142992819088e+01
1.115368547255292775e+01
6.490275629692537507e+01
1.443726672774692688e+01
1.991994737497940449e+01
1.978634313139739476e+01
1.156486514228401674e+01
1.836544189666617299e+01
1.661685854616926505e+01
1.236100783263005809e+01
1.160748907495100113e+01
1.736040288758258399e+01
3.329666350323908830e+01
2.271233907649617478e+01
2.033289209898618211e+01
2.602178864741467379e+01
2.457798250780432880e+01
1.039689884021558441e+01
2.269330914141269773e+01
1.527399648981893243e+01
3.732072569131378970e+01
2.544432210966509800e+01
2.330541467938867584e+01
2.039504079549856996e+01
1.075398489284103576e+01
1.854894963200312574e+01
