1.900863877677986835e+01
4.776767971760833120e+01
3.266647498423552065e+01
6.916655954675077211e+00
2.085363035478653870e+01
1.110398455822047303e+01
2.465979496504220947e+01
4.685699917658666891e+01
5.438697753146689706e+01
5.460876186251770292e+01
7.426583968916312983e+01
2.002868384266344748e+01
1.029776900061014544e+01
6.165264077650422081e+01
1.298665251043904689e+01
2.388500129571947994e+01
2.800243836319318547e+01
9.057280069154074909e+00
1.363268718963786164e+01
8.144446994653796068e+00
1.193399597668361167e+01
1.660623976815581671e+01
2.955679479103077512e+01
3.967172783519777823e+01
2.661311981293391682e+01
2.044126362122581142e+01
7.813668009506897327e+00
2.481421093966531899e+01
8.380491813772628973e+00
5.015434370776220163e+01
3.070790111085554486e+01
6.996751479154399078e+01
1.379894275393789016e+01
2.092537133461270216e+01
6.813354719797978909e+00
1.009144763332979799e+01
1.288159879897560423e+01
1.796195121202377720e+01
8.955898743749960644e+00
2.780065555803835053e+01
1.236814730516689309e+01
1.450226887930363340e+01
1.939511957067504255e+01
3.225047160241800270e+01
1.951484247304359343e+01
4.998486397657468672e+01
1.742923523820795495e+01
1.153167662683242511e+01
1.087204658741667629e+01
4.554822932666576207e+01
1.977123299900925701e+01
8.176747454773670043e+00
2.271498330471057159e+01
2.052364117749388939e+01
3.612687537057723830e+01
1.797965089481784062e+01
8.400740806164995078e+00
1.376361022599108885e+01
4.736123787685081510e+01
1.895455621583918315e+01
8.699723279295531242e+00
9.108197411040370639e+01
1.798454707063482516e+01
1.146517274837933442e+01
2.352910588070034592e+01
2.868460472026211505e+01
1.008339451434665079e+01
1.041527541352884256e+01
1.376953625861418473e+01
1.866214005805550968e+01
2.160022503987969600e+01
1.375960091327492663e+01
3.929480574036269047e+01
3.484278562090394615e+01
6.603164906012627000e+01
6.099800840259101875e+01
1.492764021118634510e+01
3.374226216129859779e+01
1.060428095843393237e+01
5.492513496914762428e+00
1.596634258529264727e+01
2.959382952990273097e+01
4.521918050048719806e+01
1.273619379124964723e+01
3.329353104998054391e+01
1.629322684635391028e+01
2.982641365950113510e+01
7.186394898703002809e+01
3.368426454451923036e+01
9.797747205158858108e+00
9.487735604087291108e+00
8.428697036176163948e+00
3.791441283945197682e+01
7.062481001771681122e+01
8.767752855401175438e+00
3.200474126298405508e+01
3.315990122036325261e+01
2.603094284818137893e+01
3.664902037630125164e+01
1.029825524445292118e+01
2.770722272058100799e+01
3.222630138904673203e+01
2.499011695691249457e+01
1.955016780100029905e+01
9.963723615778940257e+01
1.709876196763995893e+01
3.649886419514012914e+01
2.176468608835171281e+01
1.965649770477334002e+01
1.245323880559803520e+01
6.929537810198789316e+01
4.664375372903051442e+01
1.675709733470428375e+01
1.280593644061688963e+01
3.501277934590775942e+01
2.692730178339039426e+01
4.180596758884990294e+01
2.490333669519029769e+01
2.609101286562797384e+01
2.981390067009540346e+01
6.807764443332474968e+01
2.317401293679928642e+01
2.423032067505978304e+01
5.402930733816977416e+00
4.861888230909855935e+01
3.395627984948143308e+01
5.693878034495088514e+01
3.458525591400067611e+01
1.685275694786707845e+01
2.411125615552189672e+01
5.612958618418637258e+01
5.651021808011887693e+00
2.754367226389180701e+01
3.110303301483043015e+01
1.573962684502514975e+01
1.014068641898322554e+01
2.631158117095277760e+01
1.837059883552287332e+01
2.927968815862995910e+01
2.531064631613961424e+01
9.641873765895340398e+00
2.214373351824606218e+01
1.244735107579898958e+01
2.694247750318749723e+01
2.232686608500760883e+01
1.404811253962240691e+01
1.919060647612454673e+01
2.364282532492396172e+01
9.621361523514622149e+00
8.684279853267980798e+00
4.638554679960601845e+01
2.121355934878104321e+01
1.710251119830256883e+01
2.022006657201473701e+01
2.187303407998850346e+01
2.539395876277451336e+01
2.458429618065036948e+01
1.442499390853325458e+01
4.395753448526031093e+01
5.448231143107373953e+01
1.298583349611072713e+01
2.131562822748696817e+01
2.451308287202072833e+01
1.802865246192028437e+01
9.250011403479010852e+00
1.547536976690629373e+01
4.168245038351680876e+01
1.261138331679380258e+02
9.191165232130464346e+01
1.850405823147504947e+01
5.054845872033720156e+01
4.203067685894799865e+01
3.961797270502866297e+01
2.096388852322435170e+01
1.849647698479375180e+01
1.366082500602297323e+01
3.379070562650053944e+01
2.288625644009210447e+01
2.685502063637590098e+01
2.076790678441913585e+01
1.366261607036890702e+01
1.446634036425705858e+02
2.756073446536495908e+01
3.337077394338373892e+01
1.176377477393579518e+01
1.381319101228549862e+01
3.776906754310045500e+01
6.620689092363099881e+00
8.946269299026259603e+01
1.341744304400132748e+01
1.883236610987216864e+01
7.251037623555490086e+01
1.990961857484618136e+01
4.193447925688823830e+01
3.609317185136070805e+01
1.166459725731866470e+01
2.814306501056388399e+01
2.419255042626551244e+01
2.099409354891641044e+01
2.915423921203836599e+01
1.922690438146498337e+01
1.185009549759595870e+01
8.771798617519703356e+00
2.683107716029181233e+01
2.445175173610113717e+01
2.523762638788865686e+01
2.669018495310586658e+01
5.564069977873072759e+01
3.064195821334515202e+01
2.582602996330022549e+01
1.066907963510263713e+01
1.300737265460330505e+01
1.609304521540860478e+01
2.775407436563754970e+01
1.376862845290197690e+01
6.428787864958917453e+01
6.423488312061920169e+01
2.696973924589740079e+01
1.989848050021302939e+01
4.935631495488842546e+01
4.739818388435691077e+01
2.216585233070408378e+01
2.496967749297530048e+01
2.614751328542059738e+01
1.023923549416305789e+01
1.114869623710852764e+01
7.110157160700174117e+00
7.949325120663314692e+01
1.398610005564136749e+01
2.689074364612305601e+01
4.106285660698248563e+01
1.507925010831544377e+01
2.012680286193872092e+01
1.722458285117044241e+01
1.474196784947685401e+01
4.166515518903392490e+01
1.672698450249535540e+01
1.915351564748646851e+01
5.284197939282454115e+01
1.495319386391927097e+01
2.112666771427809920e+01
4.653517194341414154e+01
2.376813661865119798e+01
1.241319223196263799e+01
6.536963674797949864e+01
4.863669821555166806e+01
2.139344756817747850e+01
2.249694100634611971e+01
2.252009990910226733e+01
1.366407304250538779e+01
6.049322920710308438e+01
8.799590363266089454e+00
6.672677456319200928e+01
2.686948300230498532e+01
2.334863476282534123e+01
3.915189722664152328e+01
1.913103207836623199e+01
4.246980383918227631e+01
5.797009236562872303e+01
2.605717306695481383e+01
2.025102162175328857e+01
2.078436388034505811e+01
7.043544703619649283e+01
1.438396726270246617e+01
1.319518284506503925e+01
1.555648742517619532e+01
2.328410415409674528e+01
1.733649754627868589e+01
2.734862896947201349e+01
2.650138021270323563e+01
1.167412113125844009e+01
2.692944886996195208e+01
2.159939926903409102e+01
1.767244155121685978e+01
1.436548544433934715e+01
1.679930113990714347e+01
2.073381814812183066e+01
3.323724813187655780e+00
2.428544714455208009e+01
6.977131454106227260e+00
1.735027687212815550e+01
3.189056612930358980e+01
3.320873583883524560e+01
1.150584352818224154e+01
1.823211331090059417e+01
1.799842355525589710e+01
2.476564523070245727e+01
4.664333851778149409e+01
2.766669839846197476e+01
8.821896998099575171e+00
4.127183673147423093e+01
3.869089019066220203e+01
5.660781402796506967e+01
1.193647191883390768e+01
4.808791776223512215e+01
1.128990988545938556e+01
4.014190120986108212e+01
5.683348601568787473e+01
1.846642104585886202e+01
5.888639805104880942e+00
4.125292052606573279e+00
4.057878983410757456e+01
9.846253775076459647e+01
1.960130073502584125e+01
4.200097493922675795e+01
2.215411452168177320e+01
4.543140160466398214e+01
1.295458370560139016e+01
2.298524961503658659e+01
5.615471835578861004e+01
1.692888125778690167e+01
3.506724185016047102e+01
2.869973941109564564e+01
2.825683660452089541e+01
1.726047446301357269e+01
1.746594024963446401e+01
1.100058792943983299e+01
1.324141604183893683e+01
7.612658908224977594e+00
1.678597559555126040e+01
1.947218440070310663e+01
7.863660345284548825e+00
4.675752628153583146e+01
1.492123258317058898e+01
4.080578656110760960e+01
3.178247274759716490e+01
2.604037238159695988e+01
5.379110397474575933e+01
2.699799267953977733e+01
3.235409416989917730e+01
1.576070688248945295e+01
9.637592535762738777e+00
1.761679219647890804e+01
5.499655085268924992e+00
5.623272226536507823e+00
1.329368442559684915e+01
7.041684149899120371e+01
2.436089003328622837e+01
3.508820522435981815e+01
2.942275537873996072e+01
2.677833956784383673e+01
3.006529499029178254e+01
5.247908135874199331e+01
2.682791864231390377e+01
9.538689654511610883e+00
2.051936191210367255e+01
5.689325168929391907e+01
3.703713552727203506e+01
2.579304776470431548e+01
1.721865489843853680e+01
2.105422466182643504e+01
1.368127040484818124e+01
1.579680746267110258e+01
1.030986957171773888e+01
2.340108926754561836e+01
1.764073249687342226e+01
1.536549649422595998e+01
1.392676389677011706e+01
1.474373495559095559e+01
2.279847621787006062e+01
3.364022374944821792e+01
3.146505140860608307e+01
2.229393753602293415e+01
1.549005971147953886e+01
2.439066763453671882e+01
1.351268549777242711e+01
1.234081337540336065e+01
2.960800727263261933e+01
1.284137253136330870e+01
8.436532576207133260e+00
1.828973150666507763e+01
8.564773167906135853e+00
5.245949691679597748e+01
1.297099629122290310e+01
1.978645127521592428e+01
6.346251791813269705e+01
1.532623673477850623e+01
1.628064250228952758e+01
3.791738696794140395e+01
1.226517648411049421e+01
1.008098728679317446e+01
4.238681479811889119e+01
6.685754315509755941e+01
3.881342228301797803e+01
2.485180846780926700e+01
1.045406837127544186e+01
2.054332770869784852e+01
2.395585601512909335e+01
2.345099031581176874e+01
3.305551025055751779e+01
7.888260487978624447e+00
1.020086397285237645e+01
1.645703738557887874e+01
1.926840751292357368e+01
1.274345462397698014e+01
1.760419855419618784e+01
1.167771365345984691e+01
1.015699383161335945e+01
6.811575176794467446e+00
4.295101140271895446e+01
3.527784748403213655e+01
2.695379046813625834e+01
6.325657910416368601e+00
5.311483322184479050e+01
5.636250015375668276e+00
2.810787980311110346e+01
2.856595977956609644e+01
3.031124474067916452e+01
2.833839306675862346e+01
3.301592845597544112e+01
1.758696559940355542e+01
5.616279815880679394e+01
1.990098290702045958e+01
5.238231469410504815e+01
8.723864813038083810e+00
1.278103882601504893e+01
2.071590646932505919e+01
1.986688963676400022e+01
1.721375379984085185e+01
8.388182510574486273e+00
1.185637987177796049e+01
1.151234637512711956e+01
2.892844542874879465e+01
2.453046190480987221e+01
8.316848866084136205e+00
4.420971205340179466e+01
1.179041838624452865e+01
2.439472287717628873e+01
1.160480944893760658e+01
7.250938264241397313e+00
9.786583369767496876e+00
1.989776352709821694e+01
9.639486316218473405e+00
1.889453953545099552e+01
2.979423993229388046e+01
1.866422937733582899e+01
9.951711098065263883e+00
1.985521747484338562e+01
1.510190491937756363e+01
5.616597654297128983e+00
1.741284372426743587e+01
3.769172672744235086e+01
1.243868038742776427e+01
9.985313273016432234e+00
5.976929243765562560e+00
1.861259971906889987e+01
2.479151221468954347e+01
3.643024434238682829e+01
2.393501692919239332e+01
2.846403585624434029e+01
7.718278827788708440e+00
1.542463113871471769e+01
2.411239975810949687e+01
2.059543766852767277e+01
8.928153186544930620e+00
1.959546982148360073e+01
3.669077381537211124e+01
1.075923373806080896e+01
4.051899334497747418e+01
5.550516757090671405e+01
2.028039604959222686e+01
1.796565467621904588e+01
1.976536147365462170e+01
1.276153760454029040e+01
2.143042862912091095e+01
9.037244322993295498e+00
1.086629503413515074e+01
1.914310341007980654e+01
1.355184716920261145e+01
1.690028628888805784e+01
7.043521260132631134e+00
8.178806010878712840e+00
4.003942769574428517e+00
8.563654334864102324e+00
3.861826643399680137e+01
3.001294008323914042e+01
2.444544695821693736e+01
1.829152906767086506e+02
5.919114717917527457e+01
1.550512462738364583e+01
4.946352250352549618e+01
3.585798324376839474e+01
1.621068847587320505e+01
1.106630306074362835e+01
2.464945110638422676e+01
1.871235946794902461e+01
2.001830734426860658e+01
1.416733985672051688e+01
7.510416042731898756e+01
1.375045861357107668e+01
1.510664403924476318e+01
1.223331625100738052e+01
1.489754747502103882e+01
1.892952527104446503e+00
1.932775887607022014e+01
1.836284364481754494e+01
2.634007368480860478e+01
2.235171391393657458e+01
2.742784483446242305e+01
4.211856622850106646e+01
1.129773287166305451e+01
