1.268040625543766620e+00
3.326719395081470854e+00
2.099438650158670594e+00
4.361075284018331999e+00
2.330079359865780475e+01
5.497507665281911926e+00
1.637640664599731677e+00
5.571477160148911700e+00
1.032319097440406530e+01
9.964585182899160287e+00
3.383684295440889400e+01
1.382652694317269848e+01
9.521601176801475219e+00
1.523469625504871949e+01
6.959813687986235564e+00
2.140158123612381402e+01
3.965149328461362366e+00
2.425469445093458987e+01
3.924976757132535710e+01
5.113761600342678904e+00
1.416372866273373177e+01
1.520206505489803206e+01
7.372760775966732183e+00
2.693489703262866630e+00
8.933159290504963934e-01
7.427282440399013197e+00
2.098000185988456057e+00
1.703958979376841487e+00
1.753921219275561683e+01
9.773746014694840056e+00
2.310780839829726041e+00
4.135711390688224576e+00
1.426162255862864470e+01
6.640410977034067130e+00
5.082027230278467300e+01
2.477384429770689067e+01
2.302747296238076835e+00
3.361283240931855154e+00
2.660580555292909466e+01
4.697402441515762028e+00
2.902160426562090478e+01
1.705721236681870678e+01
4.409720544229052130e+00
2.699344737272923567e+00
1.290397595925217189e+01
2.082043427399583813e+00
5.447460548553891613e+00
2.742688140019863496e+01
1.730377981069803539e+01
5.989354839004047903e+01
1.389194291335467923e+01
5.628902528931075722e+01
1.340948751367358760e+01
2.269705791145748996e+00
5.545691751794478819e+00
2.004268978717722050e+01
2.774132933963036063e+00
1.842950250974784510e+01
3.965488736135896364e+00
1.940339548192464392e+01
1.356430625818580893e+01
3.680533089376590183e+00
1.600795784566411584e+01
8.056077340902659145e+00
5.790088542711491648e+00
5.312959026858961487e+00
3.203535070155825615e+00
2.454408872931398022e+01
1.835816190937116943e+01
5.574917250225421839e+00
6.549763454006935604e+00
8.378437129397816818e+00
6.463235014425178449e+00
2.282549809261129425e+01
1.472474286152338152e+01
4.250708579002158594e+00
1.861323372645959395e+01
1.899158016447774600e+01
8.825842504558270463e+00
2.544458662553553197e+01
3.231187871470225303e+01
3.059458032277481365e+00
1.721839696815501242e+01
1.507240413852882277e+01
2.890256646528499118e+01
5.991317001407082898e+00
1.638247289115550132e+01
3.006832260314447502e+00
1.297457806464476882e+01
1.095630392756760152e+01
1.304214290564264855e+00
2.133213958813200861e+00
7.788317790273828756e+00
9.098464222143945790e+00
1.329824448191451935e+01
1.235127575676085776e+00
3.078011111043183590e+01
4.718031093715315194e+01
1.546549721754626461e+01
3.705902892845797680e+01
1.491854346258554287e+01
9.742544631883642836e+00
6.279104254991429990e+00
4.723390129511294333e+00
1.087622322909819594e+01
1.468882063984996122e+01
1.176047825343396269e+01
4.061065090814530265e+01
6.864973156261839904e+00
1.211752633154779657e+00
9.557641993036543937e+00
2.627923020957707223e+01
9.689705824727079531e+00
9.798384900632425953e+00
1.319620947825200474e+01
2.111362109799150844e+01
1.228738388944511506e+01
5.940560629946149085e+00
2.347207907518033210e+01
2.826546135153500394e+00
3.996265513149185100e+00
1.953818830830700293e+01
1.769994092172376554e+01
1.251739914059703418e+00
4.428648951231719977e+00
1.114606297707330818e+01
1.381891852608785420e+01
2.138322228761893129e+01
6.657382178719780441e+00
3.064319222451761249e+01
5.191851767630871706e+01
5.162809510678662228e+00
2.148531885321854418e+01
7.694510345345807467e-01
7.643798642797912990e+00
6.943954856638219653e+00
3.121171573469936789e+01
2.298520093983549728e+01
1.764798368156908737e+01
2.101260240016642911e+00
4.111205506212231242e+00
5.555814670066683725e+00
9.296430768024581681e+00
1.745431641951021362e+01
5.623579170803134630e+00
4.350399063251169096e+00
1.986787819762207086e+00
4.615962365698525360e+00
8.986072492840619930e+00
4.193177755956385511e+01
4.197817459085094960e+00
5.528531110536219373e+00
2.118715199064134680e+01
3.967775015031926866e+00
1.295259511466469426e+01
2.166429564867307178e+01
5.617777567666901284e+00
1.903795804876103448e+00
8.359464723667072050e+00
5.684461830718496422e+00
1.477639464333545227e+01
1.005420283444675178e+01
2.446969761126881693e+00
1.279462762557213829e+01
2.354871705675957116e+01
2.662545732962369982e+01
9.088716196461037455e+00
4.921236535432045756e+00
6.019170932674600127e-01
3.830995537406022056e+00
4.614837662399957452e+01
2.139757490575076559e+01
3.692648901718244669e+00
2.497882169351938408e+00
1.092435527720977362e+01
3.545975497095239515e+00
3.606298409271039418e+01
2.167388879968212834e+00
3.849254108405714803e+00
4.393199350629878808e+01
9.797319632904974540e+00
3.427833239246502739e+00
1.167421479915922156e+01
3.352871949288517062e+00
9.100391709851022526e+00
2.210441058799414193e+01
1.040444408515982389e+01
2.857790496608154207e+00
1.659072497147236902e+01
1.708973561123018214e+01
1.132720085449940051e+01
2.542468471082774784e+01
7.100676757770351344e+00
5.205483161061072117e+00
4.851751876314191136e+00
4.794980911565387416e+00
3.239279500707605397e+00
2.624549230512729814e+00
2.069661415337280985e+00
1.594538596603175584e+01
2.827226237881912496e+01
3.491802117039871423e+00
6.903964626141313232e+00
2.992371900159051190e+00
3.232715759093927232e+01
1.244983879769149127e+01
3.306256276054964083e+00
9.898394754814475505e+00
8.303568697945300059e+00
1.908660073694416681e+01
2.948077989820562905e+01
5.122836084265530054e+00
1.014030369146005306e+01
9.806165267198425628e-01
3.436169335545739045e+01
5.153779746463586164e+00
1.429568818217624493e+00
1.080807181378703419e+01
3.311374233234955966e+01
6.350645604593323945e+00
6.998479836915226571e+00
9.676275708524464392e+00
1.023542227302380603e+01
6.496403624442730340e+00
3.063258753040164351e+01
2.480055255666264102e+01
1.837587470737071627e+00
1.223757494309712790e+01
2.796596558374032870e+00
4.599239519823881039e+01
4.670989816115746152e+00
1.683929900509668087e+01
6.059068288101171262e+00
6.847641223838434321e+00
1.285224450166117904e+01
9.405776505640270457e+00
7.435378609919326642e+00
5.060012014208300712e+01
1.468935378584727047e+01
5.523667234644135249e+01
4.770702803821723847e+00
1.136018868799862602e+01
1.479976752374817295e+01
9.881653881875092083e+00
8.606444691120946899e+00
1.227380222693067680e+01
2.711360343213787161e+01
3.269809024821854759e+00
1.470674040904478552e+01
5.524839025145374727e+00
3.003820952746326434e+00
5.964885311373967269e+00
6.366551290858073031e+00
8.539848909033889157e+00
1.206453379217686184e+01
1.492466564099699866e+01
5.345478269712486075e+00
2.233968533581847282e+01
1.377694424955850261e+00
5.862180737938196273e+00
7.182187203889629501e+00
4.782110951629116258e+00
2.942646775289861960e+00
1.551599212500289093e+00
1.666782980562658523e+01
4.547247038996591328e+00
1.237903440454328319e+01
5.335888306157714922e+00
1.030429604962110446e+01
2.216148995596156723e+01
1.407780458017022784e+00
2.302511266800525203e+00
1.127659229299397481e+01
1.347739798318765914e+01
4.788873707504291843e+01
1.263301611655627710e+01
1.946075329080637317e+01
1.027744271551279631e+01
5.375073928212627195e+00
2.282105219171086663e+00
7.031478035718903286e+00
1.884365903340339443e+01
1.075443559234941171e+00
9.183992416136948833e+00
1.033509963536946508e+01
1.477735261167068614e+01
1.129811778188054561e+01
2.683880151097997491e+00
2.059092104365128861e+01
3.091146686670914967e+00
1.974061787308184890e+01
6.511332339910357092e+00
7.153335134885496771e+00
5.133815578083196662e+00
3.951694950999287137e+00
5.457914628477315233e+00
7.856532213032620504e+00
5.821492571334401234e+00
1.882729410156073202e+00
7.115127158531693752e+00
8.517991221996242146e+00
1.191334543560670944e+01
1.232995531525018862e+01
1.426516481858922987e+02
3.794257325435629991e+00
7.235199279535267536e+00
2.314425244422128269e+00
1.555718184040330421e+01
3.468778694733939627e+00
1.665886330417943029e+01
8.673110344501520075e+00
2.082558559270495380e+01
2.182530214966494242e+00
4.633499581001805367e+00
3.318449539237306567e+01
4.440809449463351655e+00
6.270000064123733452e+00
4.715233260243965496e+00
5.862213686951597502e+00
3.059968434191762299e+01
3.393071937294029450e+00
2.555485618846773832e+01
3.537060911497566451e+01
6.133015240981201543e+00
4.850882153816803211e+00
7.295498716497187175e+00
3.555465146844169144e+00
1.477193185282045107e+01
6.054316039390368331e+00
2.468471769570360852e+00
5.804356029331690259e+00
1.376113791653493301e+01
2.480693077359480636e+00
1.859882331999292049e+01
1.137186822801703734e+01
2.557861382625928215e+00
6.886461285846984026e+00
1.201947193648796208e+01
8.393562954813301502e+00
3.336482833746544863e+00
4.902996207774795501e+00
5.763527293725280165e-01
1.145767335998649195e+01
3.244198590175822350e+00
3.489665426415466243e+01
1.513372022895520530e+00
1.523025537119430339e+01
2.062062705470971480e+00
9.014687622498520625e+00
1.291117862672386529e+01
4.292485778396236462e+00
7.559802938837801634e+00
2.086281871734389171e+01
4.249112857429833134e+00
6.636654929143412929e+00
3.058820226439553736e+01
5.797008962553218936e+01
1.611416122072975465e+00
7.181929672329517622e+00
5.204073767076740964e+00
8.266804591637615829e+00
1.250258054711726130e+00
7.681135538458110368e+00
3.425117449774791822e+00
1.625064688436824767e+01
4.244071578425818281e+00
8.287797771014437487e+00
3.857011078255088599e+00
2.246444295392163948e+00
9.459249548792563189e+01
1.019284156818367038e+01
3.624973479558079248e+00
7.713908307888019955e+00
1.648298824947699970e+01
7.028770156359410493e+00
5.783286825295574474e+00
3.490768929146582877e+01
4.533871660693144179e+00
1.060053012913605919e+01
1.822648350241376036e+01
4.039772201933297779e+00
2.940444252514928247e-01
3.937471093592136384e+01
3.104666792338665715e+00
9.994369917900385758e+00
3.614533594464327315e+00
2.264207354908026915e+01
1.765914332784813467e+01
2.682363148699704603e+00
6.698173242249874093e+00
8.511624476946751727e+00
1.130397965601152599e+01
5.816572638282673680e+00
2.809062302141057899e+01
1.399785391635423615e+01
2.149096759079380448e+01
2.512008722309074926e+01
4.282663667311098266e+00
8.369350191946093531e+00
4.217382680410683093e+00
1.758225310129332897e+01
2.007783180179630378e+01
1.212464317075874192e+02
5.977765780197387357e+00
1.074370009154944938e+01
1.526567224939817891e+01
7.786585928896024633e+00
1.055558423098058363e+01
2.934638142930858606e+01
1.493186072497535122e+01
5.740180659968120835e+01
1.452418797516195781e+01
1.736641701674819682e+00
2.580854768043411696e+01
8.933375622831189133e+00
2.190526861557795613e+01
5.363385634560613369e+01
6.353557270331885221e+00
3.869282007700335413e+01
2.572072518715419420e+00
2.327157617896052244e+01
2.762786590543659493e+00
3.591934504904610037e+01
2.552392652046794197e+01
4.684058823529103677e+01
1.023917997837571470e+01
5.054542912401925214e+00
6.469919007825794210e+00
6.274174640496805289e+00
2.259119773846304113e+01
1.705464041703117672e+01
1.200980539156840887e+00
9.185439327115078711e+00
4.056008458786549653e+01
1.223022171813727610e+01
2.627252285262184728e+01
3.094387682913182669e+00
7.323601166743829438e+00
5.091298775706455615e+00
1.060725300125922033e+01
2.301818591713685791e+01
4.136982068385790079e+00
3.244619023802535640e+00
8.628320956816221354e+00
2.382868670545288126e+01
9.424004591892474636e+00
2.796133580564135812e+01
2.179594793280021392e+01
2.271173707499019923e+00
5.185696615256892628e+00
4.268484530480154859e+00
1.048515212859895485e+01
1.503334979288528928e+01
1.006824647233172598e+01
3.875958680691921732e+00
9.685909683541709114e+00
1.910497250901515232e+00
1.328075716889619562e+00
4.447038453630463017e+00
2.949538112132005008e+00
2.555511675048820308e+01
5.418684441949366715e+00
5.560639356763626751e+00
3.269035342056115123e+00
3.840730357885901114e+00
3.173867758294522723e+00
2.735983857375065220e+00
2.532359735117764288e+01
2.495559574870535702e+00
1.667827483772032338e+01
9.186885792243469240e+00
1.213308086956562892e+00
1.070869004339812136e+01
7.279195021426641432e+00
4.394708880373149995e+00
1.168000620036452553e+01
1.365662687849987833e+01
2.274765358219291933e+00
1.202634718251444212e+01
3.410371054579699024e+00
6.818451377250851486e+00
2.471321277970986163e-01
1.512409374057548206e+01
5.240520981717436300e+00
5.844833223464870997e+00
3.075436805460726220e+01
2.037676152802187346e+01
4.293311642954280671e+01
1.923518409012664465e+00
5.344791284210076654e+00
6.662082599677044747e+00
3.079648760709255306e+00
8.756821104325240412e+00
4.223717178126340066e+00
1.364560428053377095e+01
1.694138348887318202e+01
1.093098878029494436e+01
3.914694263017386877e+00
5.745666866767646042e+00
1.404087337173274186e+01
8.065400131598757127e+00
