1.099684526290573316e+01
1.812032546792841714e+01
4.880005844803657844e+00
2.595703904518577687e+01
6.935244013609834113e+00
8.698984691172773509e+00
4.068854152006459834e+00
2.063383759090732283e+01
1.658726360622887697e+01
9.667600418929003681e+00
1.120883889834620817e+01
2.735416441915463537e+01
1.077738198373333667e+01
2.220016557648639832e+01
1.724568803975634168e+01
5.152057055224652515e+01
9.147858282744918412e+00
1.210598695080527243e+01
5.024735857964462760e+00
8.290582124171162803e+00
4.010163765863379837e+01
1.686905164343276908e+01
2.972591328437014369e+01
2.732705496314608240e+00
9.720212846052731948e+00
3.777595527861691949e+00
2.140538321419995071e+01
1.257496314059557463e+01
2.599328073950641027e+01
1.892127522299910769e+00
3.701844301452474895e+01
5.099752943647384740e+01
3.668932784547396242e+00
9.679922171902155981e+00
5.784116136015975229e+01
3.365559143840825840e+01
2.588033821627229258e+01
1.044154382073798359e+01
8.220465850248997342e+00
2.644701128036663107e+01
1.372149420391822616e+01
1.087796025057893168e+01
4.323596422933270844e+01
3.502793194060038218e+01
4.185917375517225025e+01
9.475405486428915225e+00
4.209327540596672357e+00
8.403249716044960849e+01
5.115115927876543900e+00
6.283722670914292152e+00
1.819298163290101655e+01
1.664512299599572742e+01
8.970065831963504266e+00
3.654549131338948342e+01
2.430988936387221599e+01
5.771119321279002889e+01
1.331906810761006632e+01
3.169853624259102531e+01
4.394870170557266142e+00
2.752576503648550599e+01
4.222318095717385233e+01
4.003098698997358440e+01
3.320036048454469579e+01
4.527437237662048197e+00
3.405954327635008383e+01
1.721785139817632526e+01
3.618560218065346135e+01
1.708369935638846471e+01
4.522236667833064772e+00
1.092185427410337084e+01
1.104224629193418750e+01
1.397499039433163226e+01
2.868213377113061213e+01
4.394241711553129193e+01
9.415092493039571409e+00
2.557542019193994154e+00
2.535461049826025359e+01
6.774416834047021219e+00
8.550707894126013286e+00
2.334694262645611929e+01
5.411855615392207852e+01
4.090188474076926184e+01
3.137382614154386573e+01
3.021292387297371107e+01
6.252063819309448434e+00
3.118596643379313704e+01
3.967221452694102535e+00
1.659388276133549667e+01
1.334593266816604640e+01
3.933285605216153158e+01
2.037363173315544529e+01
1.162718665792493056e+01
1.418027709293347804e+01
9.001306754096971119e+00
4.744088938127318578e+00
1.731405130565281070e+01
4.036635229673808567e+01
8.978349279576894659e+00
4.370897697262326176e+01
2.127484294836112966e+01
1.162215679235718824e+01
4.233650860810237226e+00
3.218691832018377852e+01
1.349160499806474078e+01
9.464229683598352594e+00
7.844100484746414637e+00
8.325961560985712495e+00
1.166899754073373252e+01
1.034166495970204203e+01
1.223039966643231651e+02
1.456569351362937859e+01
1.970140497089908038e+01
9.536620231225658273e+00
2.033681751954096129e+01
2.355965687117072704e+01
1.005456275261315824e+01
2.473864065681900826e+01
6.068197853122916996e+01
5.263165915551398655e+01
1.423967699475687176e+01
4.271489070464017601e+01
1.700003729632561900e+01
1.789861417187685788e+01
1.315727171816325125e+01
3.547187072478433834e+01
2.227199884752964820e+01
5.111440185486918253e+00
1.035988933712050120e+01
3.456040157492751064e+00
1.630708623395038970e+01
8.178773718564887218e+00
5.492452591651269245e+01
1.135499495111187684e+01
1.819552281308346764e+01
4.696173080996872784e+01
7.222946681153104009e+00
7.299458588242862866e+00
2.293500001456786563e+01
2.127713904855339067e+01
7.740358748284950963e+00
3.855688385743707158e+01
1.120923701407351558e+01
2.501884017531534354e+01
1.015302960371069751e+01
3.012643826139760961e+01
1.330192415428420460e+01
4.452926566780697470e+01
1.531360984205273823e+01
2.217774267108559627e+01
1.844634467373090558e+01
4.483255218856794500e+01
5.841717274361739598e+00
8.179600802442078589e+01
2.822770716766262566e+01
1.588864850993895317e+01
6.340923004581902944e+01
2.653646808458353590e+01
1.737756116281612151e+01
1.473742149131800439e+01
2.947786790738564733e+01
3.947809531578364073e+01
3.052180423141692245e+01
7.541024619341228252e+00
3.421990335933271865e+01
2.719411387004965519e+01
1.283559521984366114e+01
1.638068453291124627e+01
1.036260794208040714e+01
1.967234689126077285e+01
3.387490542929396220e+00
3.932159425371509087e+01
8.170951702319207754e+00
9.255909322210932544e+00
9.513360117000264182e+00
2.364547123671878381e+01
5.572530722920180146e+00
1.664137847982294005e+01
5.844153637360731679e+00
1.981002741384604349e+01
5.002992861478386999e+01
3.199999292769808790e+01
1.444430829947651240e+01
4.040542867222426793e+01
3.845187300945846687e+01
2.329781694369115996e+01
2.703782083472157538e+01
9.144133478765459344e+00
3.127427065935541606e+01
5.169336347602728665e+01
4.743570148462402436e+00
2.094643054543810479e+01
4.532303379899879303e+01
2.344215653354801532e+01
1.029269830170688671e+01
1.106570077188007239e+01
9.287252676302557575e+00
2.559599199598953945e+01
3.871806906575852736e+01
6.624891034781003718e+00
1.924991223520879657e+01
3.765216149882726171e+01
2.514718902954617263e+01
4.005265041400743797e+01
4.775833033254651916e+00
3.161109810994629754e+01
5.128072146858897895e+00
1.749810599771357644e+01
2.492738798158833902e+01
7.041482848562591990e+00
2.850595304189927148e+01
2.451468373713768756e+01
1.113274796788729759e+01
6.855225709080179364e+00
3.799610597304714510e+00
5.025897440118149007e+01
4.266845760814919508e+00
1.715559194315032698e+01
1.042546050643494482e+01
6.399579066132044858e+00
1.768524928550097997e+01
7.272684479742783203e+00
1.496623763342801965e+02
3.271940503288062185e+00
7.304097161073249467e+00
1.297847465236050901e+01
2.239555443369269838e+01
2.352691414507287604e+01
5.558497461791148453e+00
3.740056224417247943e+00
6.010566511177676929e+00
3.510552704350141084e+01
7.179420417491364503e+00
4.907076903858593653e+01
8.491801034439017570e+00
3.569461598794832469e+01
1.844883654193609246e+01
6.561931573436091902e+00
8.288431263579806085e+00
4.051977783246388576e+00
2.088032186961629222e+01
1.040242563844942758e+01
5.204629110188716545e+00
9.166025933023012939e+00
1.428974464529664203e+02
1.664656655149031650e+01
5.980161779347674234e+00
1.932059997332457613e+01
1.890944212309305783e+01
2.362181544690368185e+01
3.140136512743204378e+01
2.686644515625504681e+01
1.889111884720523094e+01
7.929080554097166278e+00
2.538065051882914247e+01
9.076469711956448805e+00
3.450445342790830949e+01
1.860859841563698325e+01
2.716499805181117466e+01
2.463004780538901883e+01
2.180546721040909830e+01
1.477288946746826959e+01
1.919892743174961325e+01
1.418531796808927758e+01
2.230365574075110047e+01
7.859843788297578016e+00
1.290519969327026573e+01
9.654182018787588859e+00
1.937916048829423143e+00
4.428860639151024969e+01
4.662739705336981899e+00
6.032789456508350412e+01
2.293237166064088228e+01
8.579603583376796294e+00
1.169047354661415383e+01
4.087585106276287128e+00
4.889931319936799525e+00
2.590759044143378986e+00
1.103345732220942566e+01
7.493740852138453867e+00
7.515326406125007352e+00
7.084865719348480084e+00
7.441025586246184709e+00
1.092115025260443772e+01
1.176657566613837780e+01
3.874665368466033488e+00
6.408836958731478184e+00
9.526692795651374013e+01
3.144803191203937232e+01
3.354577418652532561e+00
2.694635898292694787e+00
6.660597807219191147e+00
1.597576920727864014e+01
1.544316205130555453e+01
1.751066068193243552e+01
1.889745457540319507e+01
1.832855569529667505e+01
8.062216609551880353e+00
3.841115775786626330e+01
1.312588880456585727e+01
1.474611174419137605e+01
1.750046461375795204e+01
1.032464139106745549e+01
5.406299475687385581e+01
1.893577314307804116e+01
4.308318694549932104e+00
7.570255424053554449e+00
1.420027403766385454e+01
2.651938329978773101e+00
1.045202775370632509e+01
3.002433242185870554e+01
2.286468816673522042e+01
6.885837596065771038e+01
1.917190548866260968e+01
8.774812435883974615e+01
6.053863557167948883e+00
1.545657005193401545e+01
2.063594075730934208e+01
1.764146021606379477e+01
1.036907606143273242e+01
2.687931591115417973e+01
2.466317434451886115e+01
2.675873950019314762e+01
5.535408111931292297e+01
4.307288767027034737e+01
3.488848252443789022e+01
4.879555913861089778e+01
1.759848765984351360e+01
7.755989074053478305e+01
1.593161835752727917e+01
2.038606649613811328e+00
4.361627886579940139e+01
1.577599162473316596e+01
2.490739434358999205e+01
6.695934938725295993e+00
4.568624932818601714e+00
3.497655970239666345e+01
7.319448579023466905e+00
5.680815739211104187e+01
7.025906798572567169e+00
2.778964714658228985e+01
7.694374452393708097e+00
6.268848262853647491e+00
1.446594346263899808e+02
2.293945827974754437e+01
7.532579492239817043e+00
1.634850167516116315e+01
1.115503032424705765e+01
5.627161926012796300e+00
8.732609099490273863e+00
1.447890986954192627e+01
3.407512330113753052e+01
6.005200233361191131e+00
4.173409761885751124e+01
3.157586413990449614e+01
2.881130250278950911e+01
1.401881692486816355e+01
7.825345974198559595e+00
6.115885124399982331e+00
4.645617314078948823e+01
1.794898121424735038e+01
2.138528810225618670e+01
3.312364073268236808e+01
7.076520578116307192e+00
1.262843764797702306e+01
7.578601674657683418e+00
4.785450897311964980e+01
7.271205134648512036e+00
1.303681003182154896e+01
1.686381513329284587e+01
4.417988682018099134e+00
3.783609786572578404e+00
3.742450875202271732e+01
3.923759561327064205e+01
8.978154233732873024e+00
1.352405342103420516e+01
5.221823604577450872e+00
7.303439372555652653e+01
2.837289684957967850e+01
8.121992891766307565e+00
1.825773379177418576e+01
1.469316706097076342e+01
1.450487862607708900e+00
1.520636135843836279e+01
2.660044505132247394e+01
1.654479668394937164e+01
2.965610193040533193e+00
2.594237261588807542e+01
3.806937209653168619e+00
1.933654242814501245e+01
1.211291965927330594e+01
8.053183277837163700e+00
1.073102882418923620e+01
4.964684105401503622e+00
4.420111184095978984e+01
1.003873947458504468e+01
2.514002964694852693e+01
4.605838306273259519e+01
8.899543487531710539e+00
4.440621968789034923e+00
1.964656853845695039e+01
1.577566100059488363e+01
3.334695476092246480e+01
8.237497692683453110e+00
3.008802130155157428e+01
1.545693507220765284e+01
3.298428798155938324e+01
6.757688746926061363e+00
3.197776629133710102e+01
9.255542069483032819e+00
2.600654464442353131e+01
1.063352269443223364e+01
7.599453311853855197e+00
1.956884533604951315e+01
1.181980721252318389e+01
1.901450937188564083e+01
1.818140945019638011e+01
1.963559134756038560e+01
1.664894499366567260e+01
2.160962414458249370e+01
3.369187402961591715e+01
2.123110150297950227e+01
4.669713959400835002e+00
1.511346632428925396e+01
3.785469865414917923e+00
4.034701847263677976e+00
1.686922966255319523e+01
8.419748484856564019e+00
1.584995308845370054e+01
6.008592924537865088e+00
3.962710639725224127e+01
8.931098932159656556e+00
4.972043161627302865e+00
1.059641592520936548e+01
1.992702942984695014e+01
5.333590442218106631e+01
6.866478175237629600e+00
3.151832384444054469e+01
2.305530696506870925e+01
1.429737481429004475e+01
1.092638054876130838e+01
1.853376516346500935e+01
1.488173740699310876e+01
2.511209866481576469e+01
7.635787737576784195e+00
1.099209234432649929e+01
1.118986665666881564e+01
9.369223846902075437e+00
4.851941919256410074e+01
5.078697078813354970e+00
5.959372728230265537e+00
2.638392252425552442e+01
3.235099095574645389e+01
4.524372646592180303e+01
4.684162945686095370e+00
1.146480115138428246e+01
5.818708999649143898e+00
6.531991002128976653e+00
5.187076867683637182e+00
5.260002675429322316e+00
2.970043436071668097e+01
3.830017855343384792e+00
4.340095386365135255e+01
9.858308416299248478e+00
1.386430682564929207e+01
1.160380375374534978e+01
1.978529655855636449e+01
8.740643125165522775e+00
8.340418055231431538e+00
3.110841650389253132e+01
2.361359980841593043e+01
1.609126807683692917e+01
8.753789357701183604e+00
2.053164075579160297e+01
5.668512118559882573e+00
7.353559504154299020e+01
1.625261414058344656e+01
1.899501130285808159e+01
3.843264991722005863e+00
1.977946992547683180e+01
4.280293915476195821e+01
6.687983531742768939e+00
1.194791140741599200e+01
2.432279380384169798e+01
8.257756874657761870e+00
1.244930465425781563e+01
8.930062987094354199e+00
3.046890195795005951e+01
2.205333669127426788e+01
1.544715225154510385e+01
1.747945312617116542e+01
9.798172051740513311e+00
3.638408634226136940e+01
5.132713286865947744e+00
1.212834604143867701e+01
1.116427417519671828e+01
3.589326721641200635e+01
8.751336822790493741e+00
2.582318518730559376e+01
1.525594430287812564e+01
2.744162474769998639e+00
5.212760529221031902e+01
