1.043891784629358277e+01
3.828206844040472845e+00
1.982683709486315493e+01
1.862921446265730907e+01
2.402920889854889097e+01
1.978638303989190561e+01
2.050370101159937519e+01
2.456708274271705505e+01
8.349242165605950561e+01
1.863159959189791692e+01
5.996870856442826359e+00
2.294924467348032238e+01
1.077535071712430792e+01
1.691171430476174820e+01
1.026158575549237462e+01
2.727406804150307451e+00
5.971215428036264150e+00
1.051046264608291736e+01
2.462885925802788023e+01
4.353546296043612429e+00
1.539499383089513529e+01
1.084890204910325195e+01
1.871376233862814686e+01
4.290850084346683246e+00
1.143941707325157608e+01
1.059905985301519848e+01
5.683912706817462634e+00
5.715606510187002165e+00
3.136901203993215503e+01
1.517303498041368215e+01
1.778477450741287313e+01
8.706941510210242541e+00
1.081628286970811459e+01
2.560865934886236417e+01
3.783190669064720346e+00
2.107256457309695818e+01
1.096035458243062877e+01
3.685253745855555962e+01
1.938452327418397658e+01
2.538439555618855792e+01
1.623648156367777773e+01
3.009903372754090256e+01
1.691898669436399416e+01
9.795971310380974018e+00
3.932268566004397670e+00
9.808288266658228949e+00
3.358977157597582419e+00
1.072578314692248824e+01
1.778009315753890363e+01
9.550242898946038395e+00
8.717748354677544498e+00
1.751565098005881538e+01
3.663062191007355306e+00
3.256690867117170995e+01
3.323352303008928743e+01
7.132573764172766673e+00
7.855163685056544054e+00
1.496141892781463945e+01
2.040088297716038568e+01
2.660777149709710088e+01
2.526591800805163501e+01
1.229478647307659855e+01
1.722288100770277453e+01
6.477048426712551432e+00
8.735437335425359606e+00
1.858424925890124868e+01
4.708041175779931109e+01
5.412911195839503975e+00
2.998019928751007512e+01
9.114659057963093503e+00
8.276719289719206785e+00
2.635219650788359402e+01
1.022226190629752374e+01
4.464069127976286744e+00
1.031728015903802209e+01
7.257679632552252791e+00
2.222691579460185096e+01
1.907946400480129157e+01
1.156430230789220026e+01
2.123444684523791537e+01
1.391563924812815145e+01
1.374153464429133464e+01
9.904013831073406493e+00
6.044667347792628043e+00
5.836574225923315318e+00
6.615552992716705383e+00
9.341324657685186494e+00
2.311963663997360641e+01
2.329882952720883793e+01
1.047645518343603399e+01
1.387120383261597567e+01
8.892083992356731414e+00
7.264208019710412856e+00
3.551007391382567047e+00
8.529778789093443336e+00
3.318737889105305072e+01
7.311909105860673996e+00
3.015127618518975439e+01
1.113269756937176425e+01
1.788233216555649818e+01
4.296167099131331213e+01
7.810531038397764192e+00
6.172738056568441323e+01
3.753274547469691136e+00
3.677796427369970900e+01
3.064200006166189283e+01
3.160862281615353453e+01
3.658816151238690750e+00
1.361944911434017413e+01
1.171088959965767984e+01
1.067781945342938954e+01
2.497395555390340149e+01
3.149597093790028168e+01
7.398877716983065511e+00
7.824231379899423189e+00
5.625131966379021797e+00
5.661098097358681080e+00
7.514483557984819484e+00
5.175514672593187093e+00
2.015042309630904072e+01
2.613759805242025536e+01
1.287175750747937109e+01
7.347335412218175321e+00
2.553485589075112472e+01
7.060257125491467889e+01
1.357510892778275391e+01
1.266508137527594080e+01
5.912059019087445577e+00
7.439273196827776324e+00
3.004173281996190426e+01
1.583991007621638225e+01
9.308664050811486845e+00
1.552986706450692367e+01
8.135304655603610158e+00
3.300165354534179585e+01
1.806871636107453227e+01
7.352201917288837762e+00
2.041357646235161383e+01
1.039899131270523647e+01
9.425373688367697511e+00
9.214307831309717756e+00
2.363048266446473278e+01
1.624902657040691878e+01
3.514900035412863666e+00
4.454172312173661652e+01
4.857187301640014887e+00
3.837705554273875208e+01
4.934833861325579107e+00
5.702836767666712880e+00
3.051526310535732733e+01
9.537611933198158454e+01
4.442782600925935910e+00
1.264671246202348520e+01
3.969982164815009096e+00
9.698025247624297407e+00
8.603675347625669545e+00
1.819435114167679757e+01
1.875841951226873405e+01
2.201162506950329600e+01
2.293630617152724938e+01
7.883655139587486538e+00
2.187162819232631605e+01
2.807468977108824504e+01
1.712874865894076137e+01
4.785146720131498910e+01
4.566467818353868502e+00
3.015560947488273769e+01
7.563785726866520065e+00
1.434535594974463102e+01
7.991870139746636070e+00
1.387103469043807635e+01
1.933453138967695750e+01
1.046050845034026722e+01
1.115364642162855624e+01
8.850350936092844734e+00
1.201379953145210600e+01
2.867996100313335628e+00
1.240156062198560249e+01
1.244184456598901711e+01
1.481259367559635010e+01
2.187667426643878343e+01
1.356867786435374157e+01
8.104496047793421809e+00
1.742000373552304282e+01
3.479311585356812841e+00
9.195722645736582379e+00
3.883362552053079675e+00
1.122957294778115944e+01
7.466715169395595098e+00
1.708426224670725446e+01
1.540896717027756502e+01
2.326054859568206012e+01
2.479960907215451815e+00
7.528402707119751014e+00
3.324361065282236893e+01
1.425051994093446517e+01
7.084812204069054076e+01
6.423072668015854525e+00
4.757684404587349292e+01
1.858497439965586295e+01
3.112211971120749965e+01
6.900017671002979469e+00
3.858455923671767351e+01
2.735502987624485627e+01
1.430571274215383148e+01
4.710334471066820683e+00
1.502017458167748387e+01
4.082126542095309674e+01
4.596932120710806657e+01
1.976776426810003784e+01
9.637647563098024506e+00
4.379414430864363794e+01
5.039809166697766685e+00
2.553252660224665860e+01
1.211193278798223183e+01
1.594791499493217657e+01
6.045999991798638895e+00
5.337536647089995867e+00
4.273471977287806034e+00
2.390426491630837447e+01
1.562892131060702106e+01
6.157325803325149671e+00
1.870566552549340855e+01
3.424713238607613164e+01
4.373997953443109310e+01
3.435856293741910861e+01
1.026097485172401136e+01
1.282323140036483622e+01
9.122337867190399407e+00
5.670606220348877180e+00
4.484516687897082221e+01
3.461829059532421127e+01
2.535511165648398446e+01
1.151306744175002805e+01
5.121643340553267976e+00
2.550230993988340700e+01
1.985682317285392884e+01
1.357863986144220902e+01
1.595016300613908200e+01
9.260417683282735624e+00
1.346684310669978046e+01
4.322299171993846301e+01
1.183846842070249750e+01
3.693618923160594480e+00
2.113636460408552153e+01
5.283773234401023444e+01
1.179504558944606707e+01
1.605772127261963433e+01
9.002358128129088755e+00
1.597161946289480028e+01
1.770832606670781217e+01
5.852677378194947266e+00
8.062515804998287905e+00
8.513617526894801557e+00
1.964314298883758525e+01
2.136633201847263308e+01
3.252471052757726255e+01
1.475418447697643565e+01
1.610896222273067835e+00
1.369437967375586851e+01
1.861876175821570101e+01
1.697430283006451290e+01
1.595710394456062531e+01
4.673616954680083779e+01
8.779297699493856300e+00
8.072679478484156235e+00
5.835318432997241622e+00
7.120653331341825876e+00
3.365895840369197600e+01
8.647144300402150208e+00
5.345938961244889320e+00
3.289891054173091334e+01
2.047879148998908150e+01
8.517786895109933809e+00
1.441860290159609548e+01
1.879005288324636069e+01
1.756497302519175463e+01
4.955809903026020180e+01
7.871521837924417397e+00
2.121465919827367230e+01
6.329532296432949323e+01
2.207369260197192418e+01
2.019099412502061952e+01
8.089982954395122050e+00
2.313224456075057134e+01
1.594484488445694659e+01
5.579832448523835531e+00
9.220864857661327463e+00
1.395127764254783642e+01
1.554585463405418544e+01
1.222382434015639951e+01
3.619930122605644129e+01
2.187378197936826396e+01
2.644421077657890251e+01
3.096652795236650135e+01
1.953198797103634732e+01
3.029051870379552724e+01
4.131383291836329619e+01
4.885879972072687849e+01
4.206243301482090402e+01
1.863690312520622783e+01
1.047623726167078928e+01
9.718722920467744331e+00
3.508941637274460401e+00
1.175374587878170729e+01
3.576142414629989830e+00
1.935696725902907644e+01
5.674199069879164448e+00
2.597829460638479659e+01
1.689275902513789163e+01
1.032614593921843849e+01
1.285138158517167817e+01
2.340404360437425879e+01
4.453377216225623414e+01
9.729586003545790618e+00
8.510243675732191093e+00
1.272550952307619809e+01
6.559974912884226406e+00
7.604623293655803806e+00
6.594791715143978550e+00
5.701521768798077261e+00
1.203681492063871339e+01
4.959978458283728742e+00
1.061770315009287735e+01
2.109722131697700576e+01
9.652458871717854549e+00
2.262729158336923874e+01
1.274053014809598672e+01
4.420340421513640372e+00
1.334828174591065597e+01
2.159330684468500294e+01
6.589012748931621033e+00
1.194777782772466246e+01
1.417770867170676574e+01
1.348390746640279403e+01
5.800051867160790131e+00
2.518631572874289404e+01
2.702212048770789021e+00
2.495275776743497431e+01
6.934460750242105398e+00
1.167985359293465919e+01
2.688706469114263697e+01
4.125077533965934151e+01
1.050105398147847602e+01
4.447719479944754362e+00
3.343541629972585127e+01
2.345241281177742465e+01
7.340949978114689145e+01
3.772760731209407226e+01
3.261414206585423692e+00
1.682679810900423334e+01
2.095761544818772038e+01
5.676315842735817796e+00
1.203324078838451250e+01
4.127998084151934677e+01
1.060987709195214634e+01
3.032244959277158980e+00
1.715742864076588958e+01
1.482951797868609978e+00
9.254738119782372152e+00
2.978987908143215346e+00
1.569408381329089153e+01
4.635022091593661742e+01
4.055121988054194659e+00
8.544025193709295252e+00
1.969685778322666181e+01
1.341793994605604290e+01
3.102020917944561873e+01
2.827588973550641782e+01
8.674493290988456451e+00
1.211265507228419303e+01
9.082180343351945240e+00
1.491583931223736670e+01
2.631257469311822916e+01
1.186563109944566818e+01
1.351054338694231660e+01
2.832296315562174271e+01
1.917102982849573323e+01
1.654843499577195232e+01
1.079896669876351289e+01
1.347221733694740564e+01
6.121730181309942509e+00
1.208310145681954317e+01
1.052489839527559390e+01
1.482820101061522511e+00
4.430537556018369116e+01
4.104438351645568162e+01
8.115870501133112214e+01
3.161199841757550288e+01
1.289655791891809677e+01
3.828126444045787480e+01
1.485654790518543500e+01
2.360456122602725415e+01
2.331884160703103603e+01
2.352668895653415504e+01
1.220413616067733642e+01
7.304959177785153912e+00
7.285517684313798092e+00
6.451600562226181168e+00
1.037666343583293305e+01
7.432841848011486618e+00
3.890995799027936641e+01
1.491505680479709994e+01
1.617619872106846657e+01
8.667108905709984157e+00
2.780183949798165699e+01
7.089774121047879518e+00
1.723420598134615744e+01
1.310849639861582894e+01
2.024134636618940775e+01
7.062160059424146041e+00
3.600429768737220115e+01
1.839912517775441003e+01
5.852379390083655863e+01
3.510830980781977217e+01
7.763460876958158785e+00
1.084738711650108911e+01
2.888924454444147116e+01
1.132428479823098577e+01
1.499495224337098875e+01
7.166078350369470940e+00
1.427024988700621400e+01
1.061606062880307100e+01
4.508654823507237808e+01
1.126862874567448003e+01
7.640016732082115070e+00
2.540812628193399547e+01
1.568144028200219964e+01
1.133280956550068197e+01
5.954888916419908185e+01
1.595911804655180255e+01
1.815020958829680708e+01
1.966350347038505220e+01
3.508752399679122647e+01
2.177049087910545921e+01
2.230174221768498910e+01
1.887649796024173554e+01
2.221054980012086588e+01
1.081655338178222792e+01
2.108681691017171289e+01
1.219458807876333140e+01
3.353480942865446934e+01
7.621927925399002213e+00
2.130656659983175061e+01
9.114936050687298064e+00
1.023317117331439441e+01
6.735337487027512005e+00
1.574184255356704654e+01
1.627992938007809798e+01
1.802532622024055797e+01
5.529268506640536884e+01
1.524814299204828671e+01
6.499004373709560411e+00
8.441013665978640290e+01
4.633297834163380458e+01
4.619266119496957756e+00
2.693343647326472379e+01
2.822998002957019636e+01
8.454134028296113712e+00
1.165235044075166115e+01
9.709787743870164078e+00
1.878783951172198385e+01
4.216017415471963403e+00
9.381124767157844602e+00
1.094512606169718616e+01
7.277271844775535570e+00
1.859235069763241555e+01
5.548004102141430138e+00
2.024844766586163303e+01
2.403541842244348103e+01
1.293943771415619537e+01
1.003905191154007426e+01
1.016623330497239053e+01
1.043172026575116718e+01
1.911363879193308080e+01
4.388511000446830224e+01
2.477766605155470980e+00
3.101516317275068602e+00
2.313416195885915627e+01
9.034004653195633949e+00
4.271885979262088462e+00
2.230486073616025067e+01
1.578464102507393534e+02
4.418567305695554559e+00
1.180454511062304945e+01
9.611779612984465260e+00
1.727133236674449890e+01
1.880580879454907972e+01
1.068350676670472410e+01
6.733388358299720267e+00
9.292699244957777438e+00
8.550186382336477209e+00
9.222674269655506407e+00
1.941033350074506103e+01
4.524836368727022773e+00
3.211972180395986953e+01
1.402934290151102736e+01
2.771348193512853086e+01
1.313661964144856498e+01
2.406363284087312948e+01
2.398311848825508630e+00
