1.122655584271876705e+01
3.244925057711351002e+01
3.410787978875103654e+00
2.300515354695628290e+01
1.701689248434165336e+01
6.596654852390150481e+00
1.240405881521525977e+01
8.810821770111729734e+00
4.632430489182574007e+01
3.465742604334701493e+00
4.345774117131487913e+01
8.993380850143383398e+00
2.243728262578524024e+01
6.345855571972403908e+00
1.013268218157089429e+01
9.816992269016170169e+00
3.052273818221964774e+01
1.495415914855865580e+01
4.144022037604362829e+00
1.515162942397668289e+01
1.091976730135938567e+01
3.708790829902279285e+01
3.594617576036931439e+01
5.427796248109083344e+00
2.892926840569945313e+01
1.465815286716797594e+01
3.307587080330529261e+01
1.063585531463257183e+01
1.059522922995869365e+01
3.738339546704834593e+00
1.834564045477630145e+01
2.451167769210943259e+00
1.992639124294248987e+01
3.597184467424402232e+00
1.923413790155120395e+01
7.828462252990544101e+00
2.467075029329416580e+01
1.014815492449690915e+01
9.854397363548642375e+00
1.310431354203110743e+01
8.423857119303516328e+00
2.638909021170073856e+02
1.199276115180570024e+01
1.692482217653930832e+01
8.305188642567177482e+00
6.209241991271568395e+00
1.318207818883155547e+01
7.409562111444226495e+00
2.246056032294336902e+01
5.302831825948480571e+00
1.097442386078754417e+01
7.262181103265229254e+00
2.138193748085598855e+01
1.350705045031321738e+01
2.785318694871249612e+00
3.887371843835742169e+01
7.030899308930831815e+00
5.231779014718220822e+00
4.444143934541837204e+00
2.059643868920655763e+01
8.914140372002329116e+00
1.494350056524871029e+01
6.843685509094778752e+01
3.686553877545962621e+01
3.983579742989229455e+00
2.175257462661845409e+01
3.752354408118232065e+00
5.838994778878962677e+00
1.328288069637735447e+01
1.989996673673260474e+01
3.609183875661574348e+01
4.713191808747568601e+00
2.623844904650310639e+01
6.233515793235961056e+00
2.311972335824833991e+01
7.882869355918346699e+00
2.186669504426681954e+01
5.729372927183542963e+00
8.206237121593174422e+00
4.300972768256081480e+01
9.432128026601390047e+01
1.308427038851412583e+01
3.580792903843067165e+01
1.839881945554281373e+01
3.028584976527751493e+00
2.632647128862241281e+00
1.064875233779936892e+01
4.296294161564022218e+00
2.299633205808560277e+01
1.295951855827632038e+01
2.763982549173123004e+01
1.229564394285244866e+01
1.081404454010757235e+02
4.621499502315074892e+00
1.364752808121957806e+01
1.052466992208186980e+01
4.569283626345463034e+00
1.962947628225109398e+01
1.488069219102671603e+01
1.078252360209841676e+01
9.387801214141468620e+00
1.394977621079044638e+01
2.871481111625519489e+01
6.626651245852339223e+00
1.874685407810319759e+01
4.793173037071261966e+00
1.174637762971935473e+01
2.304296142982621376e+01
9.087650557972413168e+00
1.173605942156688364e+01
2.845925146771235603e+01
6.013497830590919691e+00
1.107453545542078110e+01
1.582260519721961955e+01
5.676808041230273716e+00
6.614193595292993777e+00
1.734428775211155482e+01
4.519051221930337903e+01
8.086309840833818896e+01
5.347263451853982019e+01
1.212656368429849962e+01
6.811728690253781693e+00
6.019872584588320308e+00
2.066302131253577912e+01
1.476326794038257084e+01
7.919775554687206842e+00
2.815349755914210661e+00
1.390892079115106839e+01
1.811135563185519715e+01
3.741624165791684220e+01
5.695107659415677759e+00
8.884460465678891694e+00
5.683941050955917618e+00
1.367438133463983796e+01
3.538199488721519792e+00
1.962892663853956421e+01
1.190242336910492149e+01
1.111372460429496556e+01
2.014422681003846805e+01
8.396575676167552515e+00
1.421022105613427655e+01
4.574293636974894994e+00
1.735680811879879926e+01
3.510009639495973488e+01
3.087866200094676827e+01
6.061097230837347638e+00
1.408002865873151421e+01
2.510118375231542842e+01
1.376706988447339342e+01
1.019221401607412858e+01
1.737770977084413104e+01
1.574646186101060685e+01
2.846192091370042476e+01
1.321376659070501347e+01
1.114849800894730514e+01
2.007186182527163254e+01
4.958950560835134524e+00
1.926165419918716637e+01
2.412318753216215583e+01
1.249874604987055271e+01
5.711468894341734881e+00
2.523778123639442228e+01
1.772233270734433574e+01
6.592647214531980993e+00
7.856074254689964675e+00
2.129981599367104295e+01
1.725081961017112064e+01
5.432920363233671779e+00
2.005670149890782383e+01
3.746143818177385398e+00
2.878933974070642776e+01
6.493169642285900522e+01
2.025795940549071261e+01
4.792679197951206049e+01
7.962285981840791749e+01
1.003663665834713115e+01
2.256524462460094327e+01
7.224900808667746865e+00
2.873503325177044765e+00
1.498290141259034591e+01
2.223639356827600366e+01
4.486085588702741767e+00
1.917559344232763863e+01
1.119730546084470646e+01
5.443284643168012416e+00
4.068815954630264287e+01
4.441414912709415574e+00
1.858253170166140933e+01
2.518049119955987436e+01
5.626462028180876018e+01
2.230396033668459310e+01
6.944420733716319738e+00
3.542876309133376367e+00
2.008769010139578626e+01
1.068925122434529662e+01
3.125949751286851708e+01
3.151588009788037770e+00
2.935971124099060248e+01
8.974835446914136483e+00
8.176613777767782310e+00
1.905980065032633064e+01
2.572564264961241776e+01
3.072223083852106740e+00
1.437758027940503780e+01
2.116005435275698687e+01
4.054840020778692633e+01
3.094029218057633202e+01
1.739732551958110918e+01
1.266187569597420826e+01
1.807438312353667342e+01
5.523009470229777840e+00
6.421976299885899664e+01
1.114450348595015861e+01
2.912885478786284921e+01
1.326621389851721133e+01
4.270924159575956480e+01
2.080668853856828093e+01
1.393879107125311201e+01
1.174898286234999034e+01
4.191765448530879290e+00
3.037964183961177511e+01
1.060922365604433892e+01
1.396323353966798386e+01
1.357213808676563005e+01
4.206089856706607399e+00
1.422921952227630626e+01
3.095874707581191387e+01
2.585325915982857836e+01
2.402395882702758811e+01
4.779911723679258273e+01
1.169825713345187701e+01
3.103911412899486777e+01
7.903180614734243647e+01
3.132299810129204332e+01
6.561900727002169198e+00
2.489854176711074629e+01
3.279813071050624806e+00
8.449801156964131366e+00
1.232188791522718496e+01
1.545881002355039691e+01
5.539562321355573715e+01
2.087333078474103942e+01
1.492001562223628675e+01
3.067299323613892170e+01
3.345550238714462665e+01
7.158302046542306840e+00
4.645154154914759026e+00
1.996135077672401437e+01
1.021161063549983439e+01
1.915367893515478670e+01
6.705103868442459536e+00
1.011206942126132269e+01
5.063648893752848323e+01
5.597367895475413135e+00
1.516071963236984743e+01
9.344462225986022830e+00
2.365082077639942781e+01
5.944063712722930326e+00
8.653423208582669446e+00
3.373730715002139391e+01
1.357034225829501395e+01
5.704795521799482572e+01
1.071983068764996538e+01
6.139685743845822330e+00
1.122914406873562143e+01
6.456500877292623564e+00
4.725265027223092318e+01
3.420771432049743055e+01
2.125773501077987149e+01
4.928765409211336213e+00
1.131958350576534755e+01
1.198663912641907459e+01
4.358654195346468896e+01
6.119897772813012615e+00
1.117342067678512585e+01
3.376254989682581709e+01
1.636389088252845525e+01
1.319860240946042040e+01
3.118174108949339107e+00
3.565767655928940627e+01
7.606852857244695620e+00
2.290455370213719988e+01
1.384164676111761594e+01
9.693453819684955874e+01
1.786491121759560841e+01
4.548507676287866985e+01
3.386792559816512949e+01
1.195152579770998713e+01
3.025873436779026093e+01
4.942068305668481543e+00
5.498763831217573284e+01
7.821947227970960981e+00
3.103894670106837239e+01
1.771796803127844555e+01
8.639181696074855310e+00
1.307575941712775425e+01
2.033622267157440433e+01
1.471008140292798316e+01
1.358082139547030387e+01
1.790211774028471581e+01
3.552020055079526628e+01
5.381720502987248800e+00
2.286024637843019036e+01
4.942365451357382256e+01
3.724941710036572484e+00
6.043757806904057617e+00
1.387992562077227099e+01
1.292286921579803227e+01
3.653565488524511462e+00
2.952270400419648411e+01
5.802974636987722867e+00
1.658120098509016671e+01
7.509070876948133133e+00
8.205337197675504513e+00
4.702527820956624360e+00
1.692388064834474193e+01
1.468768767368510808e+01
2.095386154304220128e+01
1.003970922692794865e+01
5.211006355830080317e+00
3.047828213307757217e+00
9.077908910177605151e+01
2.250682507736348370e+01
4.872669465020385360e+01
3.377794610217415894e+00
2.603057852270267247e+01
7.901514289316774864e+01
5.788212162224115609e+00
2.134676693865526786e+01
2.590475800963987751e+01
1.884806350834900712e+01
1.295023338382917544e+01
2.147860012781158900e+01
1.091057529942952975e+01
1.320812906869455849e+00
5.871644055327060130e+01
3.350775711954254632e+01
8.645690600314441809e+00
1.057004292444512217e+01
3.662534047202723286e+01
2.344988139817306205e+01
5.185114888745496131e+01
9.132176390809339850e+00
5.499857803630762731e+01
8.922276973310792059e+00
7.446783394338621243e+00
7.880435022049828930e+00
1.495424774941905888e+01
9.727984614135651853e+00
3.940806965277513285e+01
3.132554055231628354e+01
2.259489650543856598e+01
1.342241517836206199e+01
1.696812010807116167e+01
6.911362477843674412e+01
1.342270636063104838e+01
4.009504955038425855e+00
3.580929179102601001e+00
1.000273258328994608e+01
1.423807159777992659e+01
2.990749768421140597e+00
2.341621211603324682e+01
2.530806517608371919e+01
2.131837578987270732e+01
1.273774693204770259e+01
2.833739334936016618e+01
4.690547405595171249e+00
9.756833419910947214e+00
4.533856988886455497e+01
2.583545004425050529e+00
1.457577299358638356e+01
4.827804126831789944e+00
1.264645770918212797e+01
3.758850353447121151e+00
8.171438890987534620e+00
8.920760636208846961e+00
1.934162950561229977e+01
3.261239105253070036e+00
1.503392435721624487e+01
1.145830060642185266e+01
9.825205435867982118e+00
9.661640598811041869e+00
1.224545263292294806e+01
2.788476253305705299e+01
1.341851317158192813e+01
5.902461773552397517e+01
6.965682029806178832e+01
7.461594748813238809e+00
1.961845182895578077e+01
2.583608848320638529e+01
1.169897700362782089e+01
3.891869118910741498e+00
1.927118079451100741e+01
1.296361713272624883e+01
4.090140547061460907e+00
2.144798638357809040e+00
1.100861629476398029e+01
2.103737120353794054e+01
8.268910986911029326e+00
5.730801492058096613e+01
3.331265441668773519e+01
2.519996266260739137e+00
9.705155786707521770e+00
1.539739548006951431e+01
1.415305174167517634e+02
6.456373939150370944e+00
1.830308692307896479e+01
2.484458837913330242e+01
2.828936388809569102e+00
1.086617217305164473e+01
1.824828378036570342e+01
2.714043959445263354e+01
2.771890061011546535e+01
3.255114179064280933e+01
1.539010011615145146e+01
1.172917649759858705e+01
2.679582715189711806e+01
1.089274589844050567e+01
6.908829364525499450e+00
9.246500463736586184e+00
1.451191612775692974e+01
6.090897379657420885e+01
2.741388649701487878e+01
6.823604991989538071e+00
1.841480127276416212e+01
1.923490187915019689e+01
1.603845833826408196e+01
5.144009422532113263e+01
2.881140275307736687e+01
3.570167699722695431e+00
1.769460975496152599e+01
6.630513025878743250e+00
7.285649699284125091e+00
3.350849546828195802e+00
2.494987276922912756e+01
1.455039090426912196e+01
1.027044555729410469e+01
1.480421504979978842e+01
8.334620163692264327e+00
5.016959120884788348e+00
1.864996350734633879e+01
1.489289840594397063e+01
1.532761653950042735e+01
2.049068726513540994e+01
7.918967273478005886e+00
1.148318968035400012e+01
2.369349845318968306e+01
4.879855196009387441e+00
6.795601592766287169e+00
2.023943033636818711e+01
2.259341333763999771e+01
3.075367702642141765e+00
3.110386303431723931e+01
5.398351705725656302e+01
2.627293799555455678e+01
3.174860342491373899e+01
4.150070253177907631e+01
4.910568677071166732e+00
7.764336249022396608e+00
2.997357517297789187e+01
1.644068235778480513e+01
6.205517906227506764e+00
5.189915841099445259e+00
1.901773627452178772e+01
4.931510329059900499e+00
7.345886829912594784e+00
1.965172530833867270e+01
1.960303214797165339e+01
3.986796805194965998e+01
8.637721680120368006e+00
6.858653289878935766e+01
3.114905138594130918e+01
1.182479573005351448e+01
3.406897484689574185e+01
1.627469034348038335e+01
2.889107975790367888e+01
1.362690228589440267e+01
6.464682537500744175e+00
1.437599343710114042e+01
3.569464071722156007e+01
8.923300690901264431e+00
1.840841638491574628e+01
1.023293404729895961e+01
1.157528438576330032e+01
7.916932539614280451e+00
7.171086340948518156e+00
9.560123264565147494e+00
1.180365338362546979e+01
4.661852404267152750e+00
7.214000566703185235e+00
2.829641783962535584e+01
5.947637168168921740e+00
7.775052694396504194e+01
2.026230149488232257e+01
2.844579890959834323e+00
3.471528619333442833e+01
6.153539786913958665e+01
3.723087155368352086e+01
2.414808294034075598e+00
8.529064994615643158e+00
6.452770710128786114e+00
