8.799287372467015089e+00
2.409106189779885199e+01
1.504884382985505198e+01
3.821254484041983801e+01
1.016633065326205099e+01
4.797106581723024021e+01
4.779072759162232131e+01
1.621646259648267474e+01
9.737340947425551008e+01
3.710016833862230357e+01
1.285531184124337400e+01
7.485929397173411814e+01
1.146987300353050365e+01
2.317137326248113283e+01
1.241274064483805795e+01
2.351237385745335473e+01
7.842744706039715297e+00
1.088825867384815815e+01
2.370967299614499879e+01
1.492941243025008369e+01
3.403525437041148649e+01
1.398891503641054967e+01
2.447088912125107285e+01
3.681808075577434280e+00
1.826642148032203394e+01
1.907066024778561086e+01
1.438063074919780782e+01
7.797480594591765346e+00
2.216609712610047467e+01
8.819327625371801815e+00
1.710491718096297120e+01
5.520274880857708411e+01
1.040026676932778038e+01
1.624587319033341615e+01
5.370214674703681368e+01
4.335026758453655304e+01
1.124076885916628932e+01
1.154230333617877946e+01
5.637375815065324147e+00
7.238940227322922283e+01
1.048352713495360433e+01
1.350103433998974589e+00
1.205273325714290067e+01
7.623237423304251692e+00
1.779609418933411291e+01
7.991956484544960659e+00
4.123175797160283196e+01
6.361703144616252104e+01
2.454414855242974269e+01
3.060217770259351866e+01
1.859050483484410776e+01
3.479786383266274896e+01
2.063883829191682295e+01
4.415682611050553596e+00
3.774837909784275780e+01
2.806673246708361447e+01
1.751178548964515969e+01
2.851642562254605551e+01
1.579954984891064385e+01
1.159792687219940710e+01
7.469916629527288521e+00
2.682117256515466863e+01
4.020808103622100305e+01
7.102325134677850826e+01
7.667368569431889824e+00
7.472389420117833936e+01
8.335760654520503010e+01
7.568626572332130209e+00
9.494820313116772326e+00
1.254597813618547697e+01
8.262126185488606112e+00
2.493873143020497452e+01
1.233946185324092681e+01
9.071243753583470237e+00
4.634802318993109793e+00
1.768714126267332176e+01
1.754250936918399617e+01
2.170887196129594443e+01
4.413537601407479372e+01
1.467069092567639288e+01
2.601583945004829701e+00
8.913989055576021769e+01
1.760439408724878518e+01
1.795136967502315173e+01
6.519533886750956242e+00
3.079928826789813812e+01
4.299499110690182846e+01
2.438608531403487945e+01
4.638647436448611927e+01
1.261139145070984924e+01
1.508019565652813476e+01
1.272122515540815080e+01
2.245843207296212896e+01
2.603652495520017851e+01
1.567284226688825477e+01
1.650535176205253762e+01
1.890835731956911658e+01
7.944054401620250871e+01
3.723786963911951631e+01
3.230422338188688514e+01
1.174766536424557373e+01
2.835186586882165116e+01
1.172221696465798679e+01
1.172381545142266788e+02
2.373669063382569178e+01
1.157239144849070378e+01
6.271408402560913586e+00
1.045993147476230689e+01
1.602367263498691941e+01
2.215512300550188840e+01
2.634197459135213393e+01
5.491759065151700092e+00
2.051701234010484143e+01
5.790347615338098386e+00
1.081305435149154803e+01
3.379756472747911289e+01
3.262642792208283993e+01
5.171644963401312367e+01
1.896760785859496679e+01
1.242260600960409711e+01
2.118181013516468525e+01
1.335271093110871377e+01
7.999906252939007700e+00
1.607768179557744759e+01
2.892459323395452486e+01
1.930852256801538402e+01
1.825499727307440878e+01
1.231067714333181584e+01
1.294821289569178724e+01
1.587018969486577902e+01
7.228584644140455318e+00
3.702771783543747830e+01
3.119454235966095723e+01
6.242572078154423565e+01
1.993829533996462189e+01
5.648093274022982335e+00
4.238309376419917385e+01
1.468311527902135083e+01
4.578110672079208143e+01
3.523797454367588244e+01
1.132937314602375700e+01
4.411467378843305198e+01
1.886514295761055138e+01
5.100316177595036748e+00
1.734679427047962363e+01
1.700839355241292594e+01
3.337902636077162555e+01
2.061730217855013336e+01
3.969982479868319647e+00
4.765044290830245188e+01
9.023584018152622122e+00
5.929131022129020323e+00
5.117391932788773801e+00
2.425282142807062513e+01
5.386118857339953436e+00
3.390442276015691903e+01
7.040674376505240417e+00
1.769411725504830102e+01
7.038576120602349384e+00
1.253105733394265897e+01
9.879451818946302311e+00
3.445557163162805381e+01
1.205217462533694395e+01
3.127645345975596314e+01
4.426966579960253334e+00
3.505904997748096719e+01
2.518408497764174214e+01
2.112830469808782041e+01
4.340171426412221223e+01
7.380556365518053497e+01
1.409369240211197294e+01
2.635867228030256371e+01
4.694599646747521859e+01
1.063845400182619017e+01
1.271493897969630282e+01
1.232249168130343975e+01
4.290659600597470558e+01
1.798199324159627821e+01
8.353181406490692851e+00
1.050630781055877527e+01
1.740532843885749870e+01
5.871027006212871768e+00
1.007913919189144458e+01
9.844700477842697239e+01
2.894718670819714124e+00
8.159724904734288486e+01
5.904705297772069095e+00
2.858368592650663231e+01
1.812966707960059765e+01
1.278695200214177063e+01
6.474844948296922809e+00
6.013831533351845948e+00
2.646574449543174268e+01
1.710587748363905547e+01
8.413717551293236951e+00
5.637892091191091737e+01
1.398965746159182189e+01
3.007961081046821050e+01
4.082349778703298426e+01
5.160264761005355361e+00
1.713888672963175352e+01
3.070164815884761822e+01
3.937779258524695791e+01
7.419537126228454404e+00
1.743012335456586115e+01
8.250783903314054868e+00
4.783299782513530829e+00
3.181205834900965712e+01
5.978143920759511332e+01
3.005151625305500218e+01
2.525715197516886690e+01
8.260541497605789374e+00
1.873753277454112620e+01
5.110786068694687856e+01
1.274709903083398999e+01
5.839095075096827259e+01
1.102405767892775579e+01
7.695069836583088829e+01
1.708709789808654023e+01
6.557990977859481596e+00
5.037501575491900141e+00
3.969771738928686489e+01
1.040602914994352801e+01
8.519198369974269269e+00
5.486000286606135035e+00
4.531115836782817041e+01
3.377497378986810617e+01
2.051106805699109614e+01
3.588283155029861149e+01
2.612313227612546385e+01
4.402383823770960447e+01
3.080441911838403612e+01
5.034759228646689877e+01
2.380867832202905277e+01
2.633287531445135343e+01
2.940692202619355911e+01
8.485672567560012425e+00
2.297922746644514547e+01
2.756763195191426874e+01
7.649544149312080599e+00
2.661452826622837975e+01
1.232408982134781006e+01
8.963910683338385255e+00
1.658680816063766272e+01
7.061772323087372349e+00
2.807680335686023554e+01
3.547197890643996487e+01
3.839998391381128329e+01
5.588007974916494192e+01
7.677681203624813122e+01
2.101481931774528888e+01
1.498627078409354851e+01
6.407385743087148811e+00
8.711181554600710086e+00
1.194793460765731830e+01
2.376840807944535783e+01
6.619489296601103412e+00
3.455381507718737311e+01
4.848386241109074568e+00
1.113550646997764204e+01
2.112645098338255067e+01
1.549676852064815691e+01
1.478645967422768237e+01
5.616503588611505116e+00
4.161950369646686454e+01
1.036054766088797408e+01
9.954326123703427953e+00
1.281482351196590663e+01
2.381217478528222031e+01
2.436828878711352431e+01
2.887422738482094076e+01
2.849066503587993182e+01
1.431051911988786074e+01
1.849244924800874657e+01
3.442456691933691104e+01
1.213189640640607081e+01
2.199641459623997619e+01
3.846489633226099158e+01
3.214886808686623709e+01
2.643758750637581301e+01
2.157839211118982803e+01
9.107550840766359457e+00
4.028129006029564607e+01
1.393071112583480620e+01
1.190974963609578019e+01
5.218116208455848692e+01
1.829076974329488081e+01
6.591712790269938615e+00
3.858445746470513882e+01
4.088305216378443419e+01
2.590466042307092920e+01
3.881550832123681261e+01
1.699008669741911604e+01
1.646312026136828877e+01
1.128489920385340284e+01
3.711489789912685300e+00
2.638519505134086174e+01
6.938291441544939708e+00
1.331093230887607604e+01
1.307069782691649174e+01
3.603583963423228909e+01
1.499225555693085177e+01
1.055356820571582972e+02
4.125117352094906664e+01
3.696857177567566310e+01
2.780411088915718665e+01
1.245810104427649634e+01
2.337440866855348887e+01
5.942761719849183066e+01
1.779443232671379960e+01
3.576313685628979755e+01
8.435805479583883937e+00
1.991927846616981768e+01
8.115473417365276987e+01
1.159152866756710587e+01
2.755732462121637028e+01
6.368726876819853544e+01
4.161330188000107455e+00
1.125649810312407162e+01
1.346603533415470544e+01
6.468960177985171534e+00
1.864861292519168146e+01
3.379220218048340030e+01
3.016243848383373916e+01
6.836245422218091505e+01
1.146799226213394540e+01
6.234164211400750588e+01
1.847758916668984952e+01
8.940445795756035707e+00
2.176190276837091986e+01
4.578290735799122757e+01
9.438342142168144377e+00
1.735865131365691028e+01
1.337968547262717678e+01
2.287145127447776360e+01
8.173634477014452671e+00
6.577001454686896231e+00
3.699180299324882526e+01
4.752052593649232648e+01
1.899589606101223893e+01
1.092428023797791425e+01
2.023953956820073330e+01
7.245925762787115332e+01
5.399152995248533671e+01
9.659210270906003259e+00
4.675441314253600211e+01
4.727128396336134131e+01
1.299330569556094872e+01
3.507779297357853920e+01
2.025033007292224241e+01
4.859882680834291335e+01
5.146575917419485791e+01
1.628859619107691614e+01
1.161569506074087776e+01
9.373456963642880169e+00
1.943609461390568427e+01
2.255880576708781149e+01
1.017514901002103223e+01
1.137894599326278495e+02
3.890530228496381682e+01
3.943245186897891585e+01
1.099718745390104715e+02
1.941711561778825512e+01
5.615183969882741621e+01
7.282412215100078967e+00
2.152727785450673892e+01
2.928871933660743565e+01
6.883103522949843978e+01
1.432562771236202792e+01
3.326039304996518098e+01
7.856165377712520659e+00
3.404764140690041074e+01
3.818856947479397945e+01
6.502169301231826637e+01
4.025393358342133610e+01
1.334062626263035156e+01
5.872021107045542365e+00
1.774336557812388904e+01
4.817264300742677108e+01
5.246653008815983732e+00
5.623332845189774787e+01
3.657372021586400290e+00
5.517680913956554889e+01
6.775673922514013725e+01
3.862220400602870285e+01
2.772061781044270390e+01
3.814470622625603369e+01
1.298478386932334061e+01
1.801116219657065542e+01
4.403884367684243273e+01
3.604627727992831865e+01
2.252179692267032252e+01
2.242330939557264458e+01
1.869063658110979276e+01
1.106160295327047116e+01
2.351227596407740350e+01
1.861151741709922902e+01
1.559112461749130318e+01
7.565166904265733194e+01
3.828053443909961118e+01
6.029413294855704208e+01
1.318802592627465131e+01
9.466952220946255991e+00
7.445284682457577574e+00
4.131079030218976555e+01
2.260563676813832146e+01
4.703887166014469301e+01
1.082269532124763032e+02
4.373811359292596279e+01
3.912330252360562355e+01
3.040162186819289047e+01
5.296683930031481680e+01
1.055639681098658400e+01
3.318259983580462347e+01
1.218836995213683672e+01
1.466474884546724056e+01
1.947994349230574684e+01
3.555445486041413261e+01
1.010072263428046035e+01
2.480456491238097883e+01
3.130704954138997209e+01
3.928076419998642166e+01
8.391920577388127356e+01
1.231338294682392487e+01
2.162335678587484011e+01
3.553538413092145731e+01
1.772888077665619733e+01
1.049323328927360777e+01
3.593385989818885573e+00
5.490236348332695471e+00
2.952557529061207120e+01
1.127046412372258999e+01
9.730112178955790725e+00
2.097729543193433344e+01
4.240947298648807617e+01
4.536619896974222854e+00
2.676749461708462619e+01
2.592939335693348823e+01
3.430467143116244699e+01
6.239257402332452784e+01
3.384379458534164087e+01
5.922724076757246436e+00
8.842964611967211397e+00
9.074742136552792715e+00
2.312461505291384967e+01
1.256582230148530321e+01
6.151712865403149877e+00
2.818822020132699180e+01
1.007906473598647246e+01
5.454550662503987901e+00
1.578576159340861729e+01
1.006764146494618295e+01
2.957805830794232094e+01
8.716952388678757657e+00
1.149968059339910198e+01
8.177114730716001034e+00
2.672945358455141474e+01
3.685089664566235257e+01
5.723324425403269089e+01
1.993337720993575246e+01
2.047800503621343182e+01
1.468255815100769723e+01
1.272510053327344437e+01
9.314199477588681475e+01
1.481067876208754441e+01
8.290130490747266379e+00
7.585280852926843842e+00
1.278597708549616918e+01
4.735365388998473435e+01
5.094007983088801872e+00
1.939204297243473363e+01
1.496408354985304534e+01
2.901686132018570419e+01
6.175081917747977656e+00
2.845007646656965150e+01
4.209584760081779109e+01
1.736556609667504247e+01
1.320836191327843601e+01
9.782843779673880746e+00
2.304784842949301549e+01
1.804631844951743247e+01
1.785449073661774122e+01
1.509449629010305394e+01
2.588763618439634584e+01
3.862241111912166502e+01
3.247179610276595696e+01
1.770329979284493049e+01
4.049429279879471011e+01
6.278362509839489292e+01
1.068543173050255035e+02
3.611648766714286296e+01
9.503307579696691931e+00
1.822797669288216227e+01
4.645468830315655850e+01
4.562383310888152010e+01
4.005174948460359730e+01
8.464525269773895744e+00
3.598591901465054121e+01
1.017369305576428395e+01
5.404576667164930370e+01
2.563609024810557457e+01
