1.519774305611931986e+01
2.070835516895354189e+01
1.619147140602219892e+01
3.697102799091846492e+01
2.374377141649878453e+01
5.354417086805796799e+01
1.957241269273266937e+01
4.483258434586828933e+00
8.234351577639223763e+00
1.593930873754397837e+01
7.088910286751825218e+00
1.860462755828408632e+01
1.116691179014009450e+01
1.577984964223065667e+01
5.674917546710433136e+00
1.860663332075375820e+01
7.950757343359437357e+01
1.300027598450427568e+01
4.109723619221809798e+01
1.523164533665503306e+01
4.704326801824846171e+01
9.098156410317507437e+01
1.690319980226575680e+01
3.725118708108593690e+00
4.455023584057482111e+01
1.889702531279975517e+01
8.631850202959260798e+01
2.425252819765652745e+01
6.108864100061254909e+00
1.122021729789230982e+01
4.099103021122948576e+01
4.115518919107118023e+01
3.905068650244670181e+01
3.495873974101594683e+01
3.815318842937340094e+01
9.705710390899680817e+01
9.442711080470265017e+01
9.286253634305472460e+00
7.479127547970603196e+00
1.187655230977847864e+01
6.548651063029645059e+01
6.174854144911725484e+01
2.892126193551875701e+01
3.402499548496180637e+01
9.473711764529189949e+00
3.308843814416849938e+01
1.755887898514768253e+01
2.955962655033668796e+01
2.950054274791246556e+01
1.306257166358785859e+01
4.423957509538232635e+00
8.409127033376112337e+00
1.479988569451593605e+01
2.681244165402886992e+01
1.675141952622594843e+01
7.933131641186688121e+00
1.024115823872825359e+02
2.780703265395464641e+01
1.558657699321753043e+01
3.761656630452596772e+01
3.557923984736986256e+01
1.047354627066389021e+01
1.075524222550680342e+01
3.757132109598470038e+01
7.715781200650456029e+00
2.963708612970184930e+01
5.913214731502618449e+00
1.702580140344017678e+01
5.527137926250269828e+01
5.383816796721415443e+01
2.023861958724761223e+01
2.024464747818713661e+01
1.466623566787906086e+01
9.278921314594033021e+00
9.086802883355519000e+00
6.834253351347052785e+01
2.213937466263775633e+01
1.054000738325681041e+01
3.436679107524236088e+01
1.001062508247233929e+01
6.484190381148270887e+01
8.680534419278620462e+00
1.327410245172384862e+01
7.663115388227063818e+01
2.860417777005972795e+01
4.045522775103582092e+01
1.796708622779378928e+01
5.867770095281769471e+01
1.167040476743899369e+01
6.379212219036828202e+01
6.095227511289036215e+01
1.742769250213487098e+01
3.760704845738891322e+01
3.782709612078836159e+01
9.392173273542923084e+00
2.411201265820098882e+01
1.082323616208647543e+01
3.284433557015653538e+00
8.074103746547994831e+01
1.951679241219541439e+01
2.334274470131913404e+01
1.140634007784542803e+01
6.551057301469937144e+00
6.949568257448435205e+00
1.122176257165378033e+01
1.780323856084714294e+02
1.019686952412571657e+01
4.487818077137560380e+01
1.793891581237809518e+01
8.393993929721924019e+01
2.063365959350186074e+01
2.125200869341102816e+01
3.836512832758541691e+01
1.558184300383949861e+01
2.322974847479851235e+01
1.284467911070745139e+01
1.115954789402655045e+01
1.286712806964817268e+01
2.888678996558144618e+01
4.472829280785805395e+01
3.722047948886484647e+01
8.353317383403519614e+01
2.727477229829561978e+01
9.773027238826045959e+01
5.540757079913120009e+01
3.191685853061411393e+01
4.898046187205054736e+01
3.172110979166912159e+01
1.242864556793945852e+01
2.257651624139577251e+01
3.719880733416484020e+01
2.757987133383749878e+01
1.331317424303392372e+01
7.329252035821779643e+00
6.448812094833091635e+01
1.733836735297807152e+01
9.473616625929035706e+01
1.057137704821023760e+01
4.431121539360004746e+00
3.195130967036684666e+01
6.503205743456976329e+00
2.521487896195317902e+01
3.060411636002361391e+01
1.129142926323565810e+01
1.079012839475111463e+01
1.940134485378358775e+01
9.922259477163626329e+00
1.768088681607909152e+01
5.766705855983061468e+01
2.043813415441966086e+01
1.654090922478899017e+01
7.357117834597174522e+01
2.129948446840916532e+01
2.243236035182726695e+01
8.091632612498077748e+00
4.440538948346078740e+01
1.123742495811229780e+01
1.161704130743256869e+01
4.753067349168647837e+01
1.225662814134005529e+01
1.291029602719588176e+01
2.171664906479586676e+01
4.817733778424716462e+01
2.387751547232581117e+01
2.071913579150367113e+01
6.815238391809843144e+00
1.537764761975527605e+01
2.873824241354720144e+01
3.994381278456196327e+01
6.589866575930945203e+01
1.822300216481012924e+01
2.137241968620619303e+01
6.953005423554115438e+00
1.056977157669420109e+01
1.166604273156661975e+01
1.098492293845094814e+01
3.151236115710598540e+01
3.803741395766191857e+01
1.293907189088527687e+01
6.713684455860336797e+00
2.451471828272662279e+01
9.758031760548387012e+01
1.628369004191750946e+01
1.153985427152529439e+02
1.627565739612218820e+01
8.730613436257433690e+00
8.112192011005229020e+00
5.943985594191882882e+01
2.018376406012793112e+01
7.745170456154718330e+00
4.106661559825895580e+01
7.591319032803423283e+01
1.108876802123986138e+01
5.234257725709876752e+01
1.702437813931180344e+01
4.000325945830991969e+01
1.814625154577222332e+01
2.705049157857372393e+02
2.056812653945750924e+01
1.398588052591429403e+02
1.288456741521092930e+01
1.862089709578722818e+02
3.943024717756048148e+01
2.560229708142276550e+01
1.305211434616861510e+01
1.124344860625877374e+01
1.630922325952020913e+01
1.683948773464870641e+01
5.078554936627364569e+00
8.271359538219103058e+01
9.921606763166368026e+00
1.138468362736762174e+01
1.390930360235827301e+01
2.084374950172141183e+01
2.384500114210009869e+01
1.935530699760946760e+01
2.224709626933003648e+01
3.681542229466387539e+01
1.212374977241609564e+01
2.280375895843659251e+01
4.842049158454871360e+01
1.473362485625486329e+02
6.414495104581635410e+00
5.237665282416173795e+01
3.225201327244200655e+01
1.260158216143571330e+01
3.047150188032584595e+01
5.640458709802488535e+00
5.784838561399823220e+00
2.760877490390225120e+01
4.019580108838685817e+01
6.967393281944508487e+01
2.338692031531268611e+01
4.563327117810028710e+01
4.562759305541977994e+01
8.371238187656357965e+00
1.066771108865838258e+01
3.183709021904199687e+01
8.552630799515828386e+00
1.056914549620271693e+01
8.913557251588532182e+00
1.169751463687770254e+01
2.379333534936593253e+01
1.057689409506323130e+01
1.303299339059213047e+01
1.237902684068893677e+01
5.392399217261927902e+01
1.068160650671790393e+02
9.596745715861548121e+00
3.340952780757324803e+01
4.082466308601740224e+01
3.818188781395042497e+01
2.792418416827467453e+01
5.550706102497380279e+00
1.014792424384265068e+01
1.130053893496056538e+01
2.683638037119509079e+01
1.734984094453538717e+01
7.552028134943692805e+01
2.245651955375577558e+01
1.126419537664237325e+01
3.886276712306501224e+01
2.834703600625378783e+01
7.668354624714852719e+01
1.675294793084886891e+01
5.024328299858260038e+01
3.621781272090417048e+01
3.806190251708108097e+00
8.554146356653086514e+01
1.874423336194554324e+01
1.298515265964701939e+02
1.265790932490210174e+01
1.476243435043530816e+01
1.278389955730636096e+01
1.084688317241490196e+01
2.834959305587455702e+01
6.917006009656894605e+00
5.238924629484500883e+01
4.625094357406445766e+01
4.216468419192990424e+00
2.426988944738109311e+01
1.938967492444843188e+01
1.260174684757059715e+01
3.479861949666265275e+01
7.432721741193434539e+00
2.673063677099133173e+01
2.764727246227341695e+01
7.212406930727452448e+01
4.623458916530945828e+01
1.188116016913013198e+02
1.719641303268153720e+01
2.847530061125008771e+01
6.202365723878672554e+01
5.427773172464260654e+01
1.621252255475121729e+01
6.027747461680324648e+01
4.689219940985817203e+01
1.429885204335079152e+02
8.951924198601600935e+00
1.937638361931634279e+01
9.180599175236085330e+01
2.685229616582326884e+01
3.871843199082431397e+01
1.243413997128075010e+01
2.369651932187343846e+01
4.066402329805414695e+01
1.911957802223077962e+01
8.404700823274887966e+01
1.286870116938382758e+01
2.414401201962268573e+01
4.863088817286968890e+01
2.814923372481693065e+01
3.856155327397849053e+00
5.330607473627064508e+01
8.555579737639128268e+00
7.663649065016724649e+01
1.451087971749305261e+01
1.224197415037179404e+01
7.846289443132350883e+00
2.296051407270713440e+01
2.796905010960437110e+01
4.170588712971607492e+01
1.238650430731893337e+01
5.298058032997046496e+01
7.699790444838477299e+01
3.041559940791265682e+00
2.515159042237803533e+01
1.824967137028310304e+01
5.702291117203274418e+00
1.535039272941011568e+01
8.631330634663692436e+00
1.086988395438051214e+01
1.021364873287507180e+02
1.286608015196074817e+01
6.305269172871251726e+01
2.202029995500419801e+01
1.237522480796041080e+01
5.709435932505313005e+00
2.703582663695765476e+01
9.143821927104053060e+00
3.510537273196248265e+01
1.253442761862999077e+01
3.869460235266849679e+01
1.121246681459624384e+01
2.690387321998734649e+01
1.679606663104184250e+01
9.263896864722617863e+00
1.188109566942630302e+01
9.426159133378781974e+00
3.175330013472117585e+01
1.131934722177991404e+01
3.963117589590677881e+01
4.700254170028885881e+01
3.878899700998948674e+01
1.253726974935095306e+01
1.688372585697122119e+01
1.252398806008778998e+01
1.337081826913197879e+01
8.915207388941714939e+00
1.176890033489157439e+01
2.030290135938134100e+01
2.260215182683788271e+01
1.795627550697051333e+01
4.799543159934923153e+01
1.933262122902699787e+01
1.479269361521302173e+01
4.392272289999352353e+01
4.537214426410589851e+01
1.832722878903240016e+01
1.631363301161293933e+01
2.077982225992074206e+01
8.077485574020028025e+01
3.118279068382440755e+01
2.105650952254367425e+01
2.419681502761435610e+01
1.946986221801385852e+01
1.250013232396745444e+01
5.932286977351506607e+01
1.415273057402975709e+01
7.048176288057506511e+00
3.236692299537752149e+01
5.389291364836322629e+01
1.526692392533849763e+01
2.864155343245612073e+01
3.774389637307621115e+01
8.825157904973583101e+00
1.322650000984948093e+01
2.309074640013606228e+01
1.056558368952367744e+01
3.572078586323392813e+01
1.275924238519395892e+01
2.118328805599939102e+01
3.017248266981707783e+00
6.461866802767120532e+01
8.658704859937399689e+00
2.008709077967957768e+01
2.011996229771623135e+01
9.026190794186679511e+01
1.688628309977158892e+01
2.775340849507763963e+01
5.530766051635954028e+01
1.126784493640359841e+01
4.680212096039304726e+01
1.689952134922651794e+01
5.092661596869403340e+00
8.819365856631339540e+00
4.972058922903863198e+00
1.671496227642349197e+01
2.249758828934309207e+01
5.233469768238877862e+01
2.739231483486156193e+01
1.946877855227085874e+01
1.174259028529196236e+01
9.007581057216244247e+00
1.964663676165446660e+01
4.165781608117359980e+01
1.468140202825829377e+01
3.866874120635399237e+01
5.297377187629152928e+01
1.953675542422440259e+01
5.179217511544739416e+00
2.897993590607055836e+01
2.550335299424622804e+01
2.662974069236071273e+01
3.263237997065581197e+01
5.096289581528558266e+00
4.146301448022676794e+01
1.181094680262229701e+01
1.184293684868625718e+01
9.564692802206600675e+01
3.310933226645325789e+01
2.495448393936698395e+01
3.168250331633427663e+01
4.690096955760274255e+01
6.121632591508670629e+01
7.263328262747097597e+01
6.140430336974239367e+01
2.779189142541765634e+01
1.378405208601127541e+01
2.233958103231869163e+00
2.974850647624208477e+00
5.936386617523676357e+00
2.556370425188524820e+01
1.284138426344804351e+01
7.314421158569727410e+00
1.114873814506541976e+02
1.316951310298600397e+01
9.724661541614965543e+00
4.236304673269582111e+01
6.452347597147648628e+01
5.692144846371240519e+00
3.855562497636003894e+00
1.496534643483115445e+01
8.040828659687286972e+01
3.534218517322389630e+01
7.681045731339173699e+01
2.174631761994609391e+01
7.714210581718903370e+01
1.395528808224546147e+01
1.905584061633654258e+01
7.299334408485253789e+01
1.105593961038180417e+01
3.701065579254499482e+01
4.640077022565071729e+01
5.500060797196200468e+01
2.674181173369966658e+01
4.032945724473682958e+01
1.196487084352698460e+01
3.901223833628327498e+01
1.940242949609056922e+01
1.418897125787640512e+01
9.369968061646838464e+01
1.063532007589812167e+01
1.190966356886011646e+01
1.784232598290373417e+01
3.911873227248104712e+01
1.433554756943774144e+01
1.965416696504674832e+01
6.402586714937684498e+00
3.315049910695429247e+01
1.847405009530649167e+01
1.208215170419567919e+01
2.035847110631165151e+02
9.319709266254669444e+01
6.969103992247207557e+00
5.941302080202235913e+01
1.252326372782668784e+01
3.883511417087019169e+01
4.974208702517302072e+01
5.520089768302203659e+00
7.106958640240519820e+00
9.770360040819475955e+00
5.646029669274161833e+00
1.347984431838122532e+01
5.889142744164279186e+00
1.553266045433808529e+01
5.891916949409917947e+01
6.156205395857165641e+00
7.101302877478386222e+01
6.842857053337321815e+01
4.932055078513086244e+01
