1.033319092955317053e+01
3.344872585546224286e+01
6.068633073091270802e+01
2.410920050929436442e+01
2.208099940145991624e+01
4.439797673125047339e+01
2.336245360157803930e+01
1.164179569876273845e+01
1.117662581227498997e+01
5.269062037848646796e+00
2.697201336784993586e+01
8.376788433917896626e+00
1.301515404938027665e+01
3.321009444787041076e+01
1.998118567119441735e+01
5.571005199614696579e+01
1.662913073524535079e+01
5.130432558333464499e+01
5.472765325033800643e+00
6.323271258384843385e+00
4.556499629238588511e+01
2.043906248096358880e+01
1.127029065605557356e+01
9.160767600490165918e+00
2.066980449430282363e+01
8.800107848613014028e+01
8.820498107348621275e+00
1.427874024661961627e+01
4.130680754396278687e+00
3.488714965395465128e+01
1.839421294485035219e+01
1.655915220864989124e+01
1.188878897380791066e+01
7.027704594496128720e+00
1.177541033934361359e+01
4.560202607406942832e+01
2.066963878435746693e+01
8.727883129533491768e+00
3.646337564484797156e+01
1.021328882117698669e+02
1.239653680389345425e+01
1.224005801128033255e+01
2.134914176658060470e+01
7.270066629456893637e+00
2.269493379408060818e+01
6.878177975201626992e+00
1.321741036451787465e+01
1.870178072403647107e+01
1.769992024564703925e+01
4.305719384003487704e+01
5.003594218044433717e+01
1.505728783336250487e+01
2.333270840787686851e+01
3.295776445675078037e+01
1.351447486213769444e+01
1.810509027841913365e+01
8.809191642403110478e+00
2.796344550457266465e+01
3.690777816048372983e+01
3.539579101265493932e+01
1.116098388536807207e+01
3.997403433363442815e+01
2.499351486493088004e+01
2.374710737599837103e+02
1.266901217029012017e+01
1.699868669616761849e+02
1.000512949521737660e+01
5.951391889209774355e+00
4.246115409212681158e+01
1.585398485505188937e+01
1.953474348548933648e+01
1.048004979433592965e+01
1.494463466590325140e+01
8.377803581687077283e+00
4.305555894632566805e+01
2.771262711361213604e+01
3.212550539944508188e+01
5.973528720202779141e+01
1.190362280415618912e+01
1.266714136128351953e+01
2.638799347439436360e+01
2.616128851718095305e+01
1.506618324265350850e+01
1.825630411617342475e+01
8.583870177611146346e+01
1.195841704434162800e+01
5.094637412270096632e+01
6.644193833836199303e+01
6.785913964390895892e+00
4.903019739472821925e+01
3.374546548643152022e+01
2.296848560070832690e+01
4.589003672618872542e+00
6.707047685245476032e+01
7.491010951184391331e+01
1.400540736715508139e+01
9.873837241742273818e+01
8.206743609623179836e+00
9.030677220163738639e+00
1.434486891623800808e+01
6.190946627068055541e+00
1.272183407302621028e+01
9.353250893730720605e+00
8.735733822838623652e+00
3.342741456195676619e+01
2.058920795613242305e+01
3.998511102720735266e+01
7.950519138174058753e+01
9.815072720241463600e+00
2.087350458765523697e+01
2.004644109565313670e+01
7.758509933772340617e+01
2.450314221471740339e+01
2.021137896792731681e+01
3.920902992895657135e+00
3.960224639140594860e+01
6.238398504132969435e+01
4.029506086852290281e+01
4.554809299651986265e+01
1.394467593059264665e+01
5.498159715268921666e+00
1.732391946651038594e+01
8.258190052025867089e+00
1.013867708377017962e+01
8.650885157289302185e+00
5.411349456717319484e+00
1.272097970370456999e+01
6.898577861362765518e+00
3.117113232244146914e+01
1.800584448849756924e+01
7.516346789954327257e+00
1.613679938997201546e+01
1.950319258865361292e+02
2.950186809576865343e+01
7.132185969671086312e+00
1.379713999264752999e+01
2.019742932393650037e+01
1.130310366392435917e+01
1.729460882810237266e+01
1.426428279219453721e+01
2.866918926586583183e+01
5.095889858094786007e+01
3.298366800284659917e+01
1.990844219173273899e+01
5.152857262084155110e+01
1.541704044216000113e+01
1.660714846348643192e+01
1.290258990489042112e+01
9.449091232697485054e+01
9.307517599290751065e+00
2.655394454009612204e+01
7.741521720177541255e+00
1.140440034863483731e+01
1.403499426085083179e+01
2.506369133122816706e+01
3.319270849609196006e+01
2.859779444308899343e+01
3.247176102469314429e+01
2.976045496437452798e+01
8.829694185394855310e+01
5.664364107791530500e+01
2.363386295527478254e+01
7.619619559927798491e+01
8.099097088450692539e+00
1.613565542358267990e+01
1.701717738430100368e+01
4.268009436327681705e+00
1.623561240510090187e+01
1.154154499034711634e+01
1.601391963229233895e+01
3.195184293634515527e+01
1.970515686172358016e+01
1.691599353154602170e+01
2.371820500404156462e+01
2.456251545840035533e+01
1.602656896739424752e+01
7.839571856595298094e+00
3.636267715615692619e+00
4.492452075864561323e+01
8.921586206181132184e+01
6.802937154348620652e+01
1.983107286988891005e+01
1.171529005704611670e+01
8.080811805510116130e+00
1.682605335034877569e+01
6.932032092260017464e+01
2.344143704399837702e+01
3.781923168033149096e+01
5.153323462437501234e+01
1.444560526663333988e+01
1.934983614729344481e+01
3.157717188318067514e+01
1.229185043709689040e+01
4.580599210329064874e+01
2.266007324569255488e+01
2.659913192579150731e+01
1.031556392394289219e+02
3.741243201623149162e+01
1.666742987236752427e+01
8.048053906097361931e+00
2.013231788218027063e+01
1.377836751424151274e+01
4.047264145659700496e+00
2.098694505516486686e+01
1.805092941218102354e+01
3.460322474748572574e+01
1.160974449565081557e+02
1.796662175080951229e+01
2.988404195209239589e+01
9.503626754490630546e+00
5.198500140020892957e+01
1.137523146556938158e+01
1.489328585669792204e+01
1.784676099115196024e+01
8.958653787242043975e+00
2.000162842753362824e+01
5.014085506747104404e+01
9.229602016001365428e+00
1.066569761469692779e+01
1.536295335924352834e+01
6.109542268322636005e+01
5.393661547224715491e+01
2.212924267297934833e+01
3.328816464737308678e+01
4.280768695624310993e+01
3.296588804351952717e+01
1.637827437241619677e+01
1.765711650628820450e+01
1.452415609891220782e+01
1.695542224363632400e+01
4.894406741293037655e+00
1.448678138010207306e+01
5.012346113153222760e+00
2.915671093679397430e+01
7.456497635856585759e+00
6.244146973012920654e+01
4.890515721107587588e+00
1.202959557425943871e+01
2.953833422578378887e+01
2.900396521327733623e+01
7.761391021632677578e+00
1.544689276665081756e+01
7.484320158090288722e+00
1.787132336412095768e+01
3.048622306115911229e+01
2.376348550237185009e+01
2.012618266618341778e+01
1.123325283214994741e+01
8.958039029321303914e+00
1.067435681855664953e+01
8.935512082530530975e+00
3.453967315638076485e+01
6.724813319696478331e+00
1.793858624986664552e+01
7.216765389716022128e+01
4.981126945488477986e+01
2.121519546338371498e+01
2.315940514114644344e+01
1.878184914849228448e+01
1.939289362424044683e+01
1.218923707483621754e+01
2.862790766496265604e+01
3.392205551625279725e+01
6.254370314601327863e+00
4.000851003628204694e+01
2.256353806726752609e+01
6.467714411671678931e+01
1.491443641289206035e+01
5.724035876200775697e+00
2.450207161207418238e+01
1.092565938610634646e+01
2.007180814819247416e+01
1.212543316562666362e+01
4.972438509186548394e+00
1.254695200143072320e+01
2.883927204262160426e+00
1.085123699204635273e+01
7.015407656019699623e+00
1.674018561019736140e+01
1.076980760049284314e+01
4.268871058790828954e+00
4.670565361109542124e+00
7.306270054141377202e+00
1.946865674299319693e+01
1.015905873045948127e+01
1.113989220832197802e+01
3.068812611681422808e+01
4.202742115552209867e+01
1.338592960154592504e+01
9.793723224868502442e+00
1.361609753015980573e+01
5.614524395839188031e+01
2.203988510638678378e+01
6.166071110501894381e+00
1.902229247479175456e+01
2.401393174771774142e+01
2.139661190926157985e+01
5.400198480199157558e+01
3.719984461647975138e+01
5.273859021073092634e+01
3.990528519369921145e+00
2.704876127814945619e+01
1.729818840843296357e+01
4.274963407742836452e+00
9.214223715229683975e+00
4.076324494377127650e+01
4.936373862000912993e+00
2.592687817258902960e+00
4.846851677012674031e+01
1.713506727074683411e+01
3.245954048176272977e+01
1.179329765381310580e+01
3.792172614246316442e+01
2.780200165647838517e+01
1.703858003655778930e+01
2.135807577361083531e+01
9.412039218304740018e+01
1.293904939691852363e+01
6.935844539633258421e+01
3.655640003176610264e+01
5.359523318362285238e+01
2.520941485972404905e+01
9.657122393096980062e+00
1.305006679428777616e+01
1.302025669006759045e+01
1.591229096071598725e+01
1.138608690924896649e+01
9.218632490860994722e+01
4.089482134280834202e+01
1.315504238240351498e+01
3.128393464882602970e+01
7.992086036703955898e+00
6.091030892913163797e+00
5.877311401506359800e+01
5.770801264471074887e+01
2.570756928886260440e+01
7.983670504151183955e+00
1.315234514479732475e+01
8.144572441925124906e+01
8.209438973305434928e+00
4.318626172950898479e+01
1.326544242261124751e+01
2.563721132218235610e+01
1.359739926509828223e+01
7.232698725722866762e+00
1.000444903697072334e+02
2.478426424973247322e+01
2.776671278320730352e+01
7.206010589980755832e+00
2.293529332125994813e+01
2.435711844583853392e+01
1.137230464590949452e+01
3.525514657362280246e+01
1.618616573070929476e+01
7.700665607963895987e+00
1.807397103761301338e+01
2.893977972627541249e+02
3.021440266680304632e+01
1.806232660413196456e+01
1.552212790987120528e+01
1.309031788277180475e+01
1.573981342388628235e+01
9.937726990480667766e+00
4.228214751669840155e+01
2.034296991042567981e+01
3.472694346101799567e+01
2.013183882742183073e+01
4.127347125730970845e+01
3.017155351491174642e+01
8.431028669403588083e+00
6.956149947679828749e+00
7.463774754243200960e+01
3.294560284714218312e+01
1.127406354632943675e+01
9.110489494562749258e+00
2.862161371384346609e+01
3.097772736748466826e+01
1.308831686604322897e+01
1.273577102818957307e+01
7.096324928620491690e+00
2.111799504617949097e+01
2.312403679504125620e+01
3.071326018901487487e+01
1.276395326061020086e+01
5.814110269324775260e+01
1.469228872743235037e+01
8.881627245973561458e+00
1.864045236446892417e+01
5.234642563874066212e+01
8.087299252035460739e+00
2.312002192858277638e+01
9.019496874826794297e+00
1.372692352600311239e+01
8.347516287396867085e+01
8.790278304579484114e+00
2.371624260207891766e+01
1.940233986242623843e+01
1.927074032227708855e+01
9.610822857070598246e+00
5.514581305485065599e+01
4.021596529306123102e+01
2.507987371586074943e+01
9.365316189663058566e+00
1.164656438767970670e+01
3.573336606381151626e+01
2.948897870301134461e+01
2.511080306277230179e+01
9.174186042501194294e+00
6.954921112138727324e+00
1.509944336441310497e+02
2.596179044491949384e+01
1.953050302009319950e+01
2.922822175531769773e+01
1.944116322107525008e+01
4.429060168141709397e+01
3.146174981744602661e+01
6.390344617881581257e+01
2.463077873719738875e+01
8.156673368127286494e+00
1.083287326569093523e+02
5.545930504745556533e+01
6.188823240312225415e+00
2.956615505745770278e+01
1.593230815803606681e+01
9.084053158808966089e+01
3.408918261695845331e+01
3.863842262742647904e+01
7.815210542645729674e+01
6.962827506033272584e+01
2.358740361772114724e+01
2.996143179498241693e+01
5.159296575901677073e+01
6.949609414741469315e+00
1.470289146512919665e+01
2.883122474373622524e+01
5.443737993294926802e+00
2.774381608294813972e+01
3.296729045767959576e+01
5.931260847439296668e+01
2.087919438085511104e+01
8.625378031195756634e+00
5.833148942744916354e+00
3.553149783999579370e+01
2.153825041496372350e+01
5.090217419154783762e+00
1.111106916277340950e+01
1.238273510841871605e+01
1.658861305805383068e+01
3.061236677356742675e+01
4.485240089204332037e+01
2.078094121801696659e+01
4.382484810881102533e+00
6.911673616243679596e+00
3.624001860643866024e+01
1.278031639148358423e+01
1.251219678034338756e+01
1.979021871411082145e+01
3.866962848549063381e+01
1.558517589038213913e+01
1.096099629457372941e+02
7.627376207202856584e+00
1.388915429132964974e+01
1.285888780641014861e+01
6.326983916004032871e+00
1.574888026247972483e+01
2.064401971600584673e+01
3.072874511650381280e+01
3.452512984902916315e+01
4.813150348662959743e+01
4.924934443790370864e+01
1.015518455062142955e+01
3.559776076204579454e+01
1.435400135199552096e+01
6.986236116823071995e+00
1.103591143691839349e+01
1.914566819628601024e+01
8.683473497571503330e+00
3.960540165817987202e+01
9.499863006941804855e+00
2.450258087915666039e+01
1.299632999601788264e+01
2.864022213753271018e+01
1.751136988606591771e+01
2.950987085775852137e+01
2.389556190233347976e+01
4.423675810910172856e+01
1.197370444706151282e+01
2.096025000351225742e+01
1.941036702171596318e+01
1.646243792317048005e+01
2.446895064576080259e+01
8.090254502223421795e+00
6.809066796443484115e+00
9.786521860016529573e+00
9.171535481090163699e+00
2.285730989190708584e+01
2.288682241172243792e+01
1.745090068739928313e+01
1.433916582748067903e+01
3.216481210040699068e+01
1.173239355895269043e+01
