8.366784479913873085e+00
1.252799787270484444e+01
9.580074464005882362e+01
2.699438131005806696e+01
1.614596760912278128e+01
3.452661276082203301e+01
1.317676521041298443e+01
5.595484542268032158e+01
1.911662931331498072e+01
8.636908606876133376e+00
1.249524744172163437e+01
1.892442323159752249e+01
3.028961729207123099e+01
3.986023662392225475e+01
2.695486636366750233e+01
6.283342833714260500e+00
6.409615832057191653e+01
8.404259991451269229e+00
7.023585574085987560e+01
1.068143570235820050e+01
1.365980007447854483e+01
6.238257950340405422e+00
2.026104494427100633e+01
1.577298501429806521e+01
1.390748388890914455e+01
1.855233864973330071e+01
2.166774311929392027e+01
9.722706532380046340e+00
6.591315973620940127e+00
1.529810427794836691e+01
2.539832387070497788e+01
1.593888304406527467e+01
5.022056991120496861e+01
1.101229015537676581e+01
2.018971459437683080e+01
2.707044095158025243e+01
1.379341774946093402e+01
2.048877020331150334e+01
6.435956654612435557e+01
1.213767761672284706e+02
1.420588108104275804e+01
1.931720013024398597e+01
1.606252874180990631e+01
5.867603410060718261e+01
1.211636307241242072e+01
9.481610203890170396e+00
2.408739192070751400e+01
2.709961488628228210e+01
5.221942419349748832e+01
2.785887142827391472e+01
5.027338229778644774e+01
1.758573093069306736e+01
1.467591877011322055e+01
4.074681525607348931e+01
1.692697666413954494e+01
1.226881425256557634e+01
2.083131062406512868e+01
5.659268011218427041e+00
1.155625844234393362e+01
2.103020030920346173e+01
1.680215960209722326e+01
2.679017809956872753e+01
2.496213741935039820e+01
1.910091915758582104e+01
5.458372763863251009e+01
1.640859226679915750e+01
2.308609289748942572e+01
3.492322221927797443e+01
4.060273933657121859e+01
7.271184105424916666e+00
5.084615272339243575e+01
3.625554447441245998e+01
8.144229000372696703e+00
4.557146526577524170e+00
1.722331074661513028e+01
2.432008377921548359e+01
1.449960346731567284e+01
2.760668501781935191e+01
4.805444530179417484e+01
1.059163136820418885e+02
1.313462600645476464e+01
2.022932484796965724e+01
4.647278169041034346e+01
3.117209335539741843e+01
3.306294346873799839e+01
1.151277593906018382e+01
6.277934710869152113e+00
2.064479624198989782e+01
2.212742738261272279e+01
2.432179150819185054e+01
2.771999008146308441e+01
2.693960831801835454e+01
3.648373171784471936e+01
1.916235870441263955e+01
3.478258212162547380e+01
6.083368076981520289e+01
8.877273012664250729e+00
9.786910030406298588e+00
7.217218748559264263e+00
6.952190115391957193e+00
1.474111058134747054e+01
2.558155400951115510e+01
1.524833983904154344e+01
1.522281709898376434e+01
2.337254634647876372e+01
5.493062153966209138e+01
2.690285975530318652e+01
9.795144220343878771e+00
1.498110261677383725e+01
1.466339108404566005e+01
1.381318895342063868e+01
1.237505733756292514e+01
4.775594749502764103e+01
2.122991885272652013e+01
2.360114889303137886e+01
8.355660681863882644e+01
1.323572877235079090e+02
1.636235364425470706e+01
2.663670101998234685e+01
2.590914828423397154e+01
1.329654958306017321e+01
3.520113214446598704e+01
1.468757261801944836e+01
1.046869249591495787e+01
1.882385045174920890e+01
2.282291280466808558e+01
2.019779361482696345e+01
1.816197039755535769e+01
6.233916685599796637e+01
1.892815074267911868e+01
9.657784566590869701e+00
1.715410043279052843e+01
2.430141464758887437e+01
4.736724972215675677e+00
6.180428551142078675e+01
2.575489425346686545e+01
1.937817967013735654e+01
3.640800282895264672e+01
2.826010142993671792e+01
1.391050812594352593e+01
2.133064573789757645e+01
1.845134891056079596e+01
2.822445021647483543e+01
1.456496803531628359e+01
1.734484744050604021e+01
1.797919655720166077e+01
6.519894349999036365e+01
2.482128906594149242e+01
1.290788459018535583e+01
8.366195307144660376e+01
1.575725030526514203e+01
1.350833120067866844e+02
1.836120618900736190e+01
1.999098767931541687e+01
1.720827325470773417e+01
3.178761416187359856e+01
4.755579323697800476e+01
2.622162901103585142e+01
1.154619121319032260e+01
9.949653784379242083e+00
1.809398504123100793e+01
2.924543159676643000e+01
2.786222755555895247e+01
3.796522032295783333e+01
1.804343743566855096e+01
1.587556503750442438e+01
4.021063670420618053e+01
1.288388409270062951e+01
1.428868066056281272e+01
3.666731660249523372e+01
1.282984239782156521e+01
3.508009094360393476e+01
3.225088226906458289e+01
2.450827476757250523e+01
1.803208315560360475e+01
2.744477088117766073e+01
2.529015356381999169e+01
1.077599582019447588e+01
1.508986483472764029e+01
4.340722977562909080e+01
1.100593343970777305e+01
1.223474846528949911e+01
3.007267405317758957e+01
4.253998082033010775e+00
1.452717305534967807e+01
1.897217433839888656e+01
7.377734308215213588e+00
7.010353007825482763e+00
4.183318511181244759e+01
2.059062084995929354e+01
1.806256776416335796e+01
2.329220510238500097e+01
4.026112288225539260e+01
1.635457274131073291e+01
2.791305787326589893e+01
1.378623384148266418e+01
2.777678356142998339e+01
7.872783439916386783e+01
2.632141424670886209e+01
2.340713688871825227e+01
1.544632599784608828e+01
1.392123049167639692e+01
3.286700116005449956e+01
8.125234841982674538e+00
8.224341956903840511e+00
1.610683721807059499e+01
5.009738880561378949e+00
4.186414758050140961e+01
1.511495662626974479e+01
2.842889199836651670e+01
1.276449272978141636e+01
3.204863138238029308e+01
9.188207121254400533e+00
2.991924990114453919e+01
7.573369059364614486e+01
1.867539780435159003e+01
2.596748119035056135e+01
3.446716598734863624e+01
2.981367368367318349e+01
3.397572085871172476e+01
2.378386305786160548e+01
1.595438130963079715e+01
6.386857345473098135e+00
2.512945376245372842e+01
8.591969866757533936e+00
1.688820092458365707e+01
1.680924926599761804e+01
3.678768231639202924e+01
1.601323622657163526e+01
3.293867446694541457e+01
1.474587330572195576e+01
1.525818408772645363e+01
3.520349415169359020e+01
1.397278486834804490e+01
8.193450769485817631e+00
4.891652474137818274e+01
8.239981606792806446e+00
1.541427625342464758e+01
1.050944872078093510e+02
5.271013173287932574e+01
1.025025208199417648e+01
1.901073610769005739e+01
1.250062375705414297e+01
7.168763396439432611e+00
2.593161235621644423e+01
3.507041276633179194e+01
1.507109725773541875e+01
6.951095146309614847e+01
3.655496933315414765e+01
1.915330523466206714e+01
2.369974460331599175e+01
1.774824004384875309e+01
2.585816249224916419e+01
5.003138146119725604e+01
3.708932402482887625e+01
2.362783369612917994e+01
1.357563876079356113e+01
2.467652449652052127e+01
1.538040868018758545e+01
3.503619206594788693e+01
1.907979559211232257e+01
3.450331352549873287e+01
7.844185112638935919e+00
1.188676084487649653e+01
5.770767503689337730e+01
6.358078241898162730e+00
1.397490442703622904e+01
5.308341969396572324e+01
1.567269425212227496e+01
6.968588092698240644e+01
1.063595751055467353e+01
1.055707187972375216e+01
7.577723520152147785e+01
3.487043028936475508e+01
7.753797639745835113e+01
6.896160633153913366e+00
6.957815433791121329e+00
2.704483876215841320e+01
1.000268034190729516e+01
5.079369471269697556e+01
3.217208473450006601e+00
2.103826833537658558e+01
3.569810505409509460e+01
2.532071152285518423e+01
5.943324446867762845e+00
1.400200006268655173e+01
1.250717491675657911e+01
3.318848598350498236e+01
4.720617855515020267e+01
1.398458224372572190e+01
1.417894838158375670e+01
2.144740393450153348e+01
4.286329706542332474e+00
1.235986920681976642e+01
9.594472707645479659e+00
3.429393850763530338e+01
1.795914479194986413e+01
3.428222408492980833e+01
2.123364580168069438e+01
2.861539915441075976e+01
8.377999471096066131e+00
2.163817901305731795e+01
9.961525697620864150e+00
7.021549545271414061e+00
4.708770887248316228e+01
9.700095153613483490e+01
8.749675291596975768e+00
8.460554367342442106e+01
1.320202009190277792e+01
3.535697457305933966e+01
2.243552764320933690e+01
1.205188953354418047e+01
1.231195478042254976e+01
1.365550878933702883e+01
2.669306177488582676e+01
6.941785996725460706e+00
2.275606542520565867e+01
1.816649262157446287e+01
1.274115851987456161e+01
1.533480728455184021e+02
4.597563022469805638e+00
2.655502353007716110e+01
2.036610055171597722e+01
1.003527411615269749e+01
4.233577071096661371e+01
4.884578752038651572e+01
2.360024334907093646e+01
6.907157804625569497e+00
1.907667458869757482e+01
4.346574552174818962e+01
1.156582893310793736e+01
1.054932021433483769e+01
1.741843624958266190e+01
4.042055524407401634e+01
1.739969615315597906e+01
2.162816135480624880e+01
4.173375362494370222e+01
8.376768805195483836e+00
7.331559757726623161e+00
7.344465701838304383e+00
2.597817774444079930e+01
3.278927975687993523e+01
2.496350434627672854e+01
1.197636806826366751e+01
1.252229722711390281e+01
1.049313603876520062e+01
9.811686807102647379e+01
4.730081153246161563e+01
1.306728429360077115e+01
2.107080655239263578e+01
9.486366267801347618e+00
1.575354344725394640e+01
4.106564100331662104e+01
1.582779345367626789e+01
3.755557556980662781e+01
1.054327138694768280e+02
3.334681836296574886e+01
1.356207014090501772e+01
8.366738738316399804e+00
2.311722492822248753e+01
2.757134925995926267e+01
3.050771204105337731e+01
4.941020775647993801e+00
1.570082250933238299e+01
2.247961898892554444e+01
3.078431905384652367e+01
2.106737313740912398e+01
2.774588694367569985e+01
2.323205901946066732e+01
1.308289277533220485e+01
1.650634200255430883e+01
1.771790125847170572e+01
1.165402755935207857e+01
1.253719892993886731e+01
2.496656964936353518e+01
1.567775822211525849e+01
1.051571790620112878e+01
3.256826994004416065e+01
1.051449553977722218e+01
1.303198144630733069e+01
2.576417834224477232e+00
4.905653292929005715e+01
3.084127227096948687e+01
1.894720620269601952e+01
4.888885112217843165e+00
3.242145380689517253e+01
9.240813890777204165e+00
4.536823990787389249e+01
1.337942545943715444e+01
2.809265324124643826e+01
1.732467910312010773e+01
5.658209486442976299e+01
7.824299397107441045e+00
6.345053961577909796e+00
7.654474949475644330e+00
1.154148324429483985e+01
8.491911200842313434e+00
1.926529616837245840e+01
2.934908863779439514e+01
1.110229077918131324e+01
5.231278196067304975e+01
4.947572467806722329e+01
5.698402568155434267e+01
2.344740519549882407e+01
1.081285074661029810e+01
1.972313163217831544e+01
2.958736783871405152e+01
2.143933754342706521e+01
1.273346946309946226e+01
5.567873391319662524e+00
9.147730858964372658e+00
3.221622526157730704e+01
8.771015995615433880e+00
7.526171284778508941e+00
1.655682880258221701e+01
2.322568669341031367e+01
5.045659879199183351e+00
1.493124433146159191e+01
5.458490474829316952e+01
1.138503837253967816e+02
9.729915346140245447e+00
4.423745930944237870e+01
8.746605366704798712e+00
2.305315946185644549e+01
7.464086458326134377e+00
2.277452243363871887e+01
1.850580136985756496e+01
2.609518663300889330e+01
1.427110623036134562e+01
2.253148235670715138e+01
3.016528104582585357e+01
1.996021613945763562e+01
1.942380100838779100e+01
2.211370902624156187e+01
2.666328267439529043e+01
4.334080751710565949e+01
9.438663761338231595e+00
8.673078831813402445e+00
7.521743893736871911e+00
1.614221041630008102e+01
1.234265279671100046e+01
7.411380108845017389e+01
1.985557333256573997e+01
7.898425821278985737e+00
4.630858623990631173e+01
2.657707291157296936e+01
2.382397459415657437e+01
1.547184217410068108e+01
5.518153574697542751e+01
5.325226671492625030e+01
4.528597782892946100e+01
2.208254674326093436e+01
1.142270446944457696e+01
1.815533332609114225e+01
2.385152781151932544e+01
8.565104094559090697e+01
1.443499437185037415e+01
3.937871212513147867e+01
2.251889355674860482e+01
2.505860438161116122e+01
6.529922563504936761e+01
7.298396323552805143e+01
1.769070715747722033e+01
2.425826100327124024e+01
1.826243044065167354e+01
1.786957126368369586e+01
6.054585244874697736e+00
3.411046825442311814e+01
3.505762161494634199e+01
9.930753807258844290e+01
2.025455696353772694e+01
2.900431477190943852e+00
2.227604353045966690e+01
1.058350000483328657e+01
1.790562537515037533e+01
1.079298508268250245e+01
1.540245823975156370e+01
1.265720895021690495e+01
2.452308464780681163e+01
1.089387151817892097e+01
1.994584481832000122e+01
2.368683358199016453e+01
7.923916846184908103e+00
1.454541801771828702e+01
3.539442222614260913e+01
1.197678128382796814e+01
3.830366371985689966e+01
2.883821307145870705e+01
2.700934554349360184e+01
2.761485257312147468e+01
1.205364029022379810e+02
2.655437459342685713e+01
2.413891633504326251e+01
1.205053995442489878e+01
5.808803805524080488e+00
1.822908708240384712e+01
1.161380541422356494e+01
7.378185935472645340e+00
3.165749953933477201e+01
5.865943838394880316e+00
6.661046896245194304e+00
