1.053637265600017869e+01
1.927483606950956840e+01
1.131587377456747490e+01
2.567159716446830942e+01
1.518174665220030128e+01
3.381702686813302705e+01
1.151451617818567996e+01
2.290051987274565448e+01
6.204058930144412898e+01
9.848560876834813627e+00
2.781070902360605857e+01
7.334450925707029612e+00
6.266177510179088017e+01
6.974983488210577320e+01
1.486464273184606455e+01
9.170051720214324575e+00
1.037950317191716110e+01
2.453744594199485718e+01
2.695766098117035980e+01
5.168996154399390974e+01
9.904050466924738316e+01
3.912432841296726593e+01
1.389438827297383838e+01
1.175816596332918351e+01
3.927302935038379417e+01
3.792010026973942871e+01
1.463419286509876649e+01
1.699090389985803640e+01
1.629158146744402558e+01
6.273679252304425802e+00
7.449034236206212967e+00
2.039213352280280844e+01
1.958797936894960046e+01
2.593555438406866287e+01
4.598895306048230935e+00
5.993911510555657429e+01
3.860851651851621114e+01
1.052946214176972184e+01
4.416181783019089835e+01
3.037206447638604345e+01
1.305338026567033438e+01
1.312583015523376240e+01
1.086184498294647938e+01
3.620982109847005859e+01
2.422963486213368256e+01
6.833785790141730487e+00
1.109093033563418373e+01
1.189509347234620691e+02
9.905292163134721051e+00
3.980010788506125863e+01
4.109943595672435634e+01
1.610291595370797069e+01
2.371092273873086853e+01
6.188611042972089749e+00
9.186988473488478135e+00
7.061173586663528567e+01
2.787015870855272937e+01
3.961434027434683003e+01
4.944118148196377405e+01
6.579118018359078945e+00
1.331716838243095857e+01
1.002474083518001535e+01
1.444451135666657748e+01
2.996743319893688451e+01
1.296111182552058239e+01
2.534347526549450436e+01
1.875929758531508895e+01
1.729595298047766505e+01
2.024625603186520095e+01
1.467322615766156879e+01
1.102996821139552175e+01
4.068348127561861105e+01
3.350577808359581411e+01
2.594862101050107839e+01
1.875949602017984930e+01
1.529742860925820835e+01
3.904671316207620180e+01
7.244862181590213446e+00
2.702396495098737361e+01
1.121736347159890812e+01
1.354901770712404030e+01
2.529338608274549216e+01
6.257128709900122487e+00
3.913432299138086279e+01
1.206349331579768425e+01
6.980629425375305175e+00
3.711350656251792657e+01
4.209687712097179002e+01
1.327908908945598654e+01
1.261105598918597437e+01
2.862472895681850815e+01
4.089209560045129876e+01
7.626962897307126354e+01
4.165540196948877849e+01
4.751694834677811485e+01
8.678699263479652259e+00
3.770776883408990443e+01
2.455076443919806195e+01
2.962523016089584615e+01
5.887938986576945410e+01
1.578755774117733779e+01
4.136679457259197079e+01
2.293737881391495392e+01
2.985133758464808196e+01
2.307616254079122342e+01
3.628279277081428944e+01
2.000265747614727729e+01
2.666003272472473640e+01
1.404728544172717193e+02
2.007097315151433392e+01
7.806152313399755016e+00
1.387479004608978350e+01
5.821376423975713976e+01
1.513304520493415239e+01
4.096309629404552055e+01
3.749153167422160493e+01
1.807831084565072643e+01
5.465503099834954526e+01
8.632971135981058808e+00
2.977671560973238485e+01
1.536533707060493370e+01
3.394677964500816358e+01
1.637999571959369405e+01
2.214033363543644839e+01
1.163280787323441245e+01
8.131508643844689743e+00
3.223542189205777930e+01
4.143117240344740537e+01
4.461396220726141948e+00
6.909504779710567313e+00
2.625205796595894014e+01
1.377548902550021381e+01
8.372959790521472101e+00
1.314247492740863343e+01
2.922316828301677560e+01
2.257125923471708262e+01
3.390000772173971200e+01
4.515558920181008773e+01
2.106173370634093089e+01
1.247217540931266022e+01
1.913965134158388182e+01
1.759067397704568947e+01
8.301411133246681118e+01
4.230280737876885411e+01
1.411073426591711666e+01
1.454511881755153624e+01
3.866839669646008559e+01
1.338888998828943144e+01
1.818343890511497563e+01
2.429253551772426789e+01
1.427577455665341333e+01
1.691555550366064509e+01
1.885044731470713941e+01
8.178743828014685135e+00
7.015242397466801449e+00
1.086565789679831440e+01
1.169896178961039190e+01
2.286819434055676226e+01
1.564393000304234604e+01
7.307048033186634939e+01
1.209771696527516838e+02
3.535264253528347922e+01
2.974845835212215661e+01
1.081526312752115970e+01
8.934385037657760265e+00
1.448736022614157370e+01
1.903536731664943105e+01
2.764029651611161142e+01
5.302919820298131981e+01
2.828057412593382125e+01
1.558870639910208133e+01
2.222116644335892488e+01
2.766957170851442527e+01
1.826937021631118085e+01
1.441064517837773096e+01
2.925062819836252714e+01
5.036587501388642529e+00
2.982020779971202629e+01
2.808237903073307606e+01
1.756246587748547938e+01
5.945849702747359800e+01
2.182223628539285798e+01
1.391338227440875031e+01
3.668300947140284052e+01
1.355983722792787205e+01
1.415024392691060129e+01
3.323552844204562007e+01
1.218507484643294347e+01
1.991988254345498532e+01
1.146522409292408362e+01
4.881104983971825106e+01
4.252666847738058209e+01
2.355991313603482240e+01
1.929723481447045685e+01
8.833139163057829535e+00
8.710122878262160029e+00
6.909671304738846942e+00
4.016095063753702732e+01
5.039844478912493031e+01
4.030944000645166625e+01
1.943648746297132490e+01
2.798108667858348753e+01
1.167226857728960709e+01
1.171914324354309400e+01
9.607479269300052138e+00
3.300279386130966230e+01
5.802135591487974153e+01
2.586448795725070937e+01
1.102391927215193945e+01
1.306054962124013841e+01
3.460303223451208510e+01
2.969450288740865318e+01
3.797089696123180858e+01
1.193110060411420470e+01
3.126112966096451373e+01
6.108582934614802618e+00
2.154191264796970628e+01
1.749295747099696996e+01
1.944476489869664704e+01
7.194613187964233703e+01
6.550061493850439120e+00
1.911149063912559143e+01
8.581090411466846035e+00
2.325617318226051680e+02
7.363484444750363878e+01
1.038671615950728899e+01
1.337654021483413658e+01
2.933299046274498068e+01
1.004488400238663282e+01
1.494071106904734414e+01
2.448320701774629526e+01
1.353421770758203380e+01
6.586991611869743224e+01
2.242279467684487315e+01
3.675521389229857050e+01
2.029795518068404192e+01
9.898171907657907553e+00
3.985655999788842507e+01
9.274808211431773586e+00
3.432258621828068357e+01
1.398372238455041661e+01
2.106600961889450474e+01
2.245185608175815872e+01
3.875682825378355290e+01
1.876910165048109036e+01
1.338712878066226253e+01
3.115712560258166519e+01
7.698816635433703937e+01
2.367667021947730888e+01
1.143190187954589021e+01
5.936863748996168511e+01
7.443112042744076007e+01
4.349823577923388029e+01
4.274568114778730887e+01
2.324824177018003724e+01
2.053944560980717426e+01
7.437147387721750214e+00
2.409498181148338958e+01
3.649685874208376646e+01
1.620943050871047930e+01
4.812700395125295927e+01
1.429591336736464768e+01
1.339444521778371566e+01
2.079805659363945836e+01
4.394049378629250668e+01
1.675753477378971823e+01
7.653251414220483184e+01
2.265080523275800672e+01
3.485508967062767027e+01
1.153457488338311165e+01
5.371990393312696455e+01
7.682506545625848560e+00
1.350405448446940504e+01
3.208043277280862640e+02
1.531444179777627568e+01
4.109244450943668170e+01
3.910800869361020204e+01
2.512323083462273843e+01
2.108849785820341367e+02
1.525414940384630569e+01
2.395440740489054932e+01
6.533042775295885463e+01
1.278416171376713351e+01
1.316972612948262622e+01
1.454341592275616790e+01
2.238577147965506242e+01
9.531763104174153511e+00
3.172864083475784014e+01
4.709368598765758307e+00
6.080595065525083243e+01
1.263528460796531050e+01
3.015523535141108269e+01
2.664822942762042501e+01
3.285484926945880346e+01
2.166814890972086971e+01
1.994068104136373520e+01
1.607852199603156151e+01
3.208054976091622734e+01
3.622010281444270419e+01
3.682767342846232594e+01
2.403540318807790044e+01
2.485306333504170340e+01
1.955063135550690134e+01
2.015156053705755923e+01
3.041280747633387804e+01
1.855488115513033165e+01
2.320758137482170369e+01
2.511236347244519251e+01
3.146483100708837455e+01
3.901547800970316615e+01
3.480420983802380874e+01
5.898566042306853774e+01
1.428177318097250215e+01
4.189641314369499270e+01
1.384643094261853591e+01
1.186742639600328530e+01
1.312904509341049319e+01
1.420018924079995415e+01
1.740166892197913029e+01
4.615576281405948578e+01
6.759062326681624100e+00
2.772638634854179074e+01
1.543539626070956494e+01
4.231226059091052605e+01
2.001905878100441072e+01
6.048104752501837211e+00
1.132283538800238354e+01
4.727165700089249611e+01
1.691483522039846932e+01
4.070891953165769905e+01
4.834461092098685953e+01
1.071484291892586960e+01
3.829122684948708155e+01
7.884590027032904125e+00
1.267382700865296741e+01
5.748534340266953535e+01
1.315558439456298601e+01
7.024689671771673716e+01
3.392090732409876352e+01
3.134334661521519649e+01
1.622999919176112940e+02
1.827962898513123946e+01
2.853820809523527657e+01
6.583377839885720562e+01
3.260760914805636190e+01
1.818338126085701134e+01
1.818673116440858450e+01
2.168741247401801786e+01
8.416310244245753580e+00
2.672092507965339436e+01
4.226465042900508706e+01
7.754951734737989710e+00
2.519214244681189285e+01
2.145953337460005983e+01
1.088770839399159129e+01
2.988207772358660463e+01
1.175249099907282258e+01
2.718041092273904269e+01
2.228957676379953412e+01
1.192639880925752038e+01
9.937372506278029505e+01
8.607678872797256631e+00
1.159870850524257868e+01
4.856561607332685604e+00
2.934335307995764452e+01
1.459030846553187288e+01
1.694310273583132087e+01
1.536360035981953942e+01
4.873017488455685253e+01
1.648245946180468025e+01
6.531873065931358724e+01
2.013760287625817114e+01
2.871688972175283538e+01
9.327890150066919261e+01
4.934214207213446457e+01
1.368966488152897654e+01
5.103527567716578517e+01
3.567375586503598583e+01
2.175175549565661726e+01
3.110377871314054943e+01
2.838356970941049440e+01
1.126261461888378257e+01
7.669568846201684664e+00
1.314488190375046273e+01
6.642793899164502136e+00
2.146966437012310536e+01
3.734812757644983350e+01
1.371074092992418159e+01
8.703029271508409437e+00
6.851435122056968474e+00
4.095435237015035312e+01
3.996613101401672452e+01
1.568278079032727845e+01
2.462583158701104225e+01
1.401290231272964526e+01
3.564318323014715517e+00
1.518618668795864224e+01
8.952925285100855390e+00
1.908882177193424923e+01
9.824831165098713370e+01
4.300540048117916569e+01
9.123186290743927174e+00
5.105389959810285916e+01
2.391818532947979747e+01
3.447456348379806457e+01
1.441621434526592260e+01
3.628770482820188192e+01
6.026517147707697575e+01
7.168477845365801571e+00
2.777624948352504219e+01
3.086059263411304343e+01
3.849497508857241712e+01
9.111247698591277810e+00
3.722987415252630683e+01
1.234903115674087992e+01
7.315913934558126641e+01
4.571520735713861683e+01
3.541278880122590067e+01
2.631684547956700015e+01
1.454785857361715706e+01
2.299863012943447060e+01
3.117808017611078952e+01
1.071969201777764447e+01
1.751277579057780187e+01
7.298200451917000464e+01
2.440319778333197931e+01
1.848702170753794860e+01
9.472651500261203950e+00
1.845051674256403018e+01
2.132141790904201173e+01
1.205046134773903077e+01
2.678722143754814766e+01
1.995135466266513191e+01
1.255258764906983160e+01
3.404920307959361025e+01
1.947016227773796260e+01
7.464167413520965511e+01
1.286162473622405500e+01
4.439734892494146123e+01
1.527706193669045298e+01
9.258533536919083318e+00
3.958653029968935755e+01
2.122010843126254187e+01
1.260249141562662167e+01
3.585503731362361179e+01
8.748764310113725173e+01
6.172963550512137232e+01
3.068811375016623444e+01
4.703912024913041989e+01
9.394864802699469664e+00
2.512098533467807471e+01
2.277063435727633234e+01
4.094597074749926691e+01
1.921658523457102064e+01
1.225005695550302320e+01
2.835967707315957398e+01
7.399443881843317250e+00
3.023691654870992807e+01
3.352631930139984462e+01
1.051370791151924777e+01
1.295711783900043379e+01
4.104164329911716180e+01
2.557682573198162856e+01
3.395696380855919472e+01
1.449216763427737220e+01
1.729090028999290851e+01
1.766839858201145574e+01
2.736894574812393088e+01
4.819178112203226050e+01
4.793633763869615905e+01
5.168473273498085518e+01
4.690099056596903182e+01
2.767996508011143675e+01
3.343226643083289673e+01
2.301394231782455790e+01
3.790260764347051747e+01
7.820192056525357316e+00
2.271013962139219089e+01
3.122635626896381567e+01
3.349948734375172421e+01
4.373235427692464583e+01
3.905115941112425304e+01
1.131807257136964751e+01
2.319521215908380896e+01
2.244700981851902100e+01
3.415356400749857357e+01
1.534511915535060034e+01
1.413066670969112515e+01
7.030768805610276218e+01
1.320758276072676907e+01
7.062639442270970846e+00
1.251491783353291254e+01
2.052161108814665624e+01
2.073771011601800751e+01
2.180266481912601506e+01
3.465078635828568565e+01
1.387066238584724509e+01
1.218427172914788947e+01
3.932516739333105704e+01
5.513564944684222979e+00
4.127699214111894221e+00
