1.048893013961006204e+01
8.303272006932658655e+00
7.595965478729279852e+00
2.557032377710960347e+01
3.770917195475303174e+01
2.715335669036046795e+01
2.437960135818183716e+01
2.120408855726271469e+01
3.793344494410365542e+01
3.279337054414827435e+01
8.471095903505194258e+00
1.638508220435054596e+01
9.060355854867616188e+00
3.060356607029905263e+01
2.121689226998936562e+01
1.925824847424122765e+01
4.058825285764516622e+01
4.267695922666992914e+01
8.355039742032989381e+00
1.041603821793283657e+01
2.363072759948349244e+01
2.910136779939130491e+01
2.586235529855134985e+01
1.092735732051137276e+01
2.943487270817064783e+01
3.605074936261402740e+01
1.262984545411274340e+01
1.555838918006075566e+01
5.790790606981635946e+00
8.386549934940173756e+00
1.674279733869405362e+01
1.687939449705126904e+01
6.721799580132985952e+00
2.936715469326528449e+01
1.846501509115321582e+01
2.740701887596963360e+01
1.420223364492515117e+01
3.989357539991150503e+01
5.567157230735122475e+00
1.351713063858622377e+01
1.001393352061055353e+01
1.585309720071975903e+01
2.121789826654860178e+01
8.993119484271243635e+00
1.638465821746249418e+01
9.012791868213319901e+00
2.874517249157522514e+01
4.213328476268767986e+01
1.208537220127556822e+01
2.970824375776462389e+01
6.723547589572268635e+01
2.624111478344029535e+01
9.872663504912242161e+01
1.112132506878491256e+01
2.899694015011878179e+01
4.439209063079496786e+01
1.448676485519383483e+01
2.066349182781919325e+01
4.899509759488295657e+01
2.727767045097921539e+01
1.455882384322126555e+01
1.996585287349962456e+01
2.058477701545714922e+01
3.129590763600463532e+01
2.166863643857974964e+01
3.137713375943021177e+01
2.523029265474961313e+00
9.216150111091216957e+00
2.517435576111891748e+01
4.563845914503342271e+01
1.531652820146478433e+01
1.149681932604469203e+01
3.540609588246378081e+01
2.298121462100392520e+01
1.224932019458847066e+01
5.251149876202175548e+00
1.666873731919216084e+01
6.152285083307833702e+01
1.552319587289344227e+01
1.291314352705509805e+01
4.876199641309801081e+01
7.783378293746268994e+00
3.277081855961328216e+01
1.642556669712518058e+01
5.867830427481376177e+00
1.870304585317897050e+01
1.626308601755593131e+01
4.620340042984772566e+01
4.085149453237752937e+01
2.032671187509766142e+01
2.098624677483162770e+01
1.816716421412341376e+01
4.364021475922743321e+01
1.657163524592128567e+01
4.488618324878805765e+01
3.187740899800583705e+01
3.138498001280751026e+01
3.230207418067132608e+01
2.309241909472451226e+01
1.286825912511279491e+01
3.499282009249005654e+01
1.118345585615490734e+01
3.991341721486712402e+01
2.748050633925391040e+01
7.243155385435079197e+00
2.190381364671872078e+01
3.681102059872014998e+00
9.927768668191884416e+00
1.484272588278539828e+01
2.773363088807904830e+01
1.353287816042233871e+01
3.599292399320701463e+01
3.650943661991395572e+01
3.789735462608634009e+01
3.245088570423704510e+01
1.669335998285867007e+01
2.108679205899254328e+01
1.518798245466593499e+01
2.406995796537667687e+01
4.090720789679032521e+01
1.114220214345318816e+01
3.563333673927478173e+01
3.382801286722153122e+01
5.084355668451962629e+01
2.734855697581751954e+01
1.033904885400499829e+01
2.318134961048730602e+01
1.624085828685912247e+01
2.341154664897061366e+01
2.209817922744289120e+01
5.659153783098184398e+00
7.166787215190018046e+00
6.045880893345491813e+01
2.932977027876022547e+01
3.635528000729111398e+01
4.036906134004590996e+01
2.562589968358484782e+01
1.947395607382143368e+01
1.019540026245788766e+01
1.259893379173098715e+01
1.756465966830869263e+01
1.058817834678816183e+01
3.504521011783688778e+01
5.072444686881797793e+01
1.152374895006918010e+01
3.897747338692968810e+01
1.280328639469790453e+01
2.903500040619990159e+02
2.221961069952288170e+01
5.612121785926687068e+01
2.518427399558536806e+01
3.394190409612019721e+01
9.639621319713555181e+00
4.571751100497317566e+01
1.724354447197185181e+01
1.918681573257344652e+01
1.066424171297943602e+01
1.805664016371783731e+01
1.015555091565503076e+01
2.633214646958418470e+01
3.688660436809803933e+00
9.136173952520403319e+00
1.546526642448523248e+01
6.749018797585809182e+01
4.493851594530200444e+00
1.955200181052029151e+01
1.942553063760044196e+01
3.665547409829832759e+01
1.228809657064423533e+01
1.994824852295037587e+01
1.564148490845865958e+01
1.134921665935884150e+01
2.141229621631251234e+01
2.428367973588969164e+01
3.328604272199048353e+01
3.586740252892909986e+00
2.189099991106817811e+01
6.909636835290149293e+01
3.974870077371851806e+01
4.988176701130392843e+01
1.990605730584901067e+01
2.932360048351397808e+01
2.420634445811219493e+01
1.601690785365153857e+01
4.684300279599118255e+01
2.997069963148032912e+01
1.990131976738967978e+01
3.478393631985746026e+01
6.726210628606430930e+00
1.446609000534379064e+01
7.618878698580419950e+01
1.774476395534110296e+01
3.006196185145263655e+01
3.989225579384758191e+01
6.944175399234394419e+00
1.558851335968400598e+01
2.436244288457677953e+01
4.805149884854350262e+01
1.214091940775733569e+01
5.831373364752177935e+00
3.899895088534147902e+01
4.192157483648834670e+01
1.046384903978466951e+01
3.893757804307485060e+01
4.130523132673019404e+01
1.518793433701699058e+01
2.098642885446561195e+02
1.853304807881871952e+01
6.164289351461435018e+01
8.013017165747520210e+01
2.705303208131553561e+01
5.940136527498064822e+01
3.008131909888456335e+01
9.644525414003132013e+00
2.262947953807331913e+01
2.212071081059864497e+01
1.410416393702741544e+01
1.311953684882257321e+01
1.331718161509182963e+01
2.097192896656574135e+01
3.150604396539012342e+01
3.119376080088837355e+01
2.249227822515144481e+01
1.424909650374962311e+01
1.645519077779347583e+01
1.309815450606668463e+01
1.511967427597238611e+01
1.727773394523970012e+02
4.455301272083249842e+01
6.610445755173616078e+01
3.052143542449925206e+01
7.198833182387604168e+00
3.144153792148114945e+01
2.296547380249459636e+01
8.352833667395001882e+00
1.455974179385852096e+02
3.679263366219583986e+01
1.035412100876716224e+01
6.539238318662496852e+01
6.012361973274018823e+01
8.361368759546667917e+00
1.627637679693609840e+01
1.209096979917554648e+01
3.064680714725762911e+01
1.918267201084154294e+01
1.008111913419612904e+01
3.579850156391703564e+01
1.135336559158764835e+01
1.419305602775341058e+01
4.289025344267895434e+01
1.640297193365883288e+01
3.687042264165942385e+01
2.158880608837104731e+01
3.528153065213300010e+01
1.751156131427244844e+01
4.952094333975806961e+01
3.569553859123774942e+01
7.078853803793895061e+00
1.326107320519751198e+01
2.395326335344332591e+01
1.500654036290407056e+01
2.789226410587035687e+01
1.073225818091363593e+01
2.482341384567174458e+01
2.664756716662163427e+01
4.355636894983832264e+01
2.670258330406235814e+01
2.117834447159203393e+01
1.903700271131387822e+01
3.038130831730071790e+01
1.877291899979334033e+01
9.479067607074838975e+01
2.977161817896639207e+01
6.677907981550589511e+01
1.711966049529692313e+01
1.204783322505017296e+01
2.332642019341182760e+01
5.270316986804711057e+00
2.428905983352888143e+01
1.171247370925434517e+01
4.781195807125953934e+01
2.854588653356818284e+01
3.395917082831363842e+01
2.950976141541290332e+01
2.018314394125615863e+01
2.466764360905978037e+01
2.152199630957343146e+01
2.029281791505745147e+01
5.941717972938380221e+00
1.228319076942574206e+01
8.954000512379366228e+01
5.990367795572218768e+01
2.053360746414188043e+01
1.920929990700558676e+01
3.415083932716491688e+01
2.895886575890100545e+01
1.505380507670692758e+01
3.028177283752894766e+01
5.490860886722254008e+01
2.392262421500108971e+01
1.745130727585916830e+01
2.428627757751763738e+01
2.262380101810844479e+01
2.159687844472557572e+01
6.562340384548193128e+01
7.535428748486722839e+01
8.703574672731434703e+00
3.558239648144453326e+01
3.232038008387039696e+01
2.609325296348466594e+01
4.948190245386538066e+01
3.259416547290009447e+01
8.687319255816805708e+01
1.178418060764893660e+01
1.888196589019684524e+01
3.793347599570888917e+01
3.166895315922988630e+01
2.297775540225445212e+01
9.944053672565269508e+00
5.806951916790038126e+01
1.141266112458535886e+01
1.211406710632855166e+01
2.840130971792881809e+01
3.098926578664393361e+01
1.606751004075487543e+01
4.862978284534406015e+01
1.602876702481403726e+01
3.424889139132262983e+01
1.243691077713422288e+01
2.057478544649173458e+01
2.879311987612562262e+01
9.837922501367039274e+00
1.236309121066577710e+01
8.446335164186527322e+01
7.338148894923095966e+00
1.578677427520483079e+01
2.964609941174407481e+01
1.024647925814417704e+01
3.675944164149591575e+00
4.800305623496942076e+01
3.511610474321939535e+01
1.690300089872805245e+01
9.313903696134682164e+00
1.275414905413645350e+01
7.558685833436969403e+01
1.865281787429095317e+01
3.187628710775735286e+01
1.193343874833434981e+01
1.281735088686358495e+02
1.060224057428987443e+01
1.184664684448244110e+01
9.146425589068481088e+01
2.643194430345803170e+01
7.852676743337815424e+01
1.969231795013401509e+01
2.718828831920038880e+01
2.613801680516694148e+01
1.024752603939097106e+01
2.112448781292336264e+01
7.075256900343543975e+01
4.726875431633522417e+00
1.201693294732247175e+01
6.851113974278595720e+01
8.434148822323109584e+00
3.221264302400055612e+01
5.201301055861664935e+01
1.877744006238489760e+01
1.653863027534530161e+01
4.961839407941971558e+01
2.922948695949843412e+01
5.588031464162220630e+00
2.603178030485081607e+01
1.270656360854831490e+01
8.962450612467318223e+00
8.557517225421941021e+01
5.153421400162504540e+01
1.455192734291565415e+01
1.375492602297922140e+01
1.258283281375142337e+01
1.913932810536534390e+01
1.362566210741860573e+01
9.630483167100335251e+00
2.069805543313907137e+01
2.618657084013346292e+01
2.057522018369942884e+01
4.321281426932389991e+01
1.418890589090096022e+01
2.401792231642975040e+01
5.338796351307042443e+00
3.804031778171717804e+01
1.476500080373442714e+01
2.399383963382097562e+01
1.016493660916757236e+01
4.496995299917044520e+01
1.483307297888437226e+01
4.152906896214050647e+01
4.732518835438224869e+01
7.640938223065926849e+00
6.203954918097416282e+01
1.880094421745040378e+01
5.143618232537062340e+01
2.410845639303472865e+01
9.820918425828294218e+00
1.164673075835565719e+01
8.883948393444249803e+00
2.743629741566489599e+01
1.976993828851862745e+01
1.011353747642453982e+01
5.511864063070706266e+01
1.058317258448548692e+01
2.125734730417737950e+01
1.268115205813633217e+01
5.667972005306640426e+01
5.888857428159978724e+01
1.770583845766987707e+01
2.215132295326426970e+01
1.022557958621026231e+01
1.675321470200399077e+01
9.227906455723957180e+00
1.321327864848760214e+01
2.114448029082119973e+01
9.377264620617435043e+00
9.464394250561710464e+00
4.092372475448759417e+01
1.054659477513238386e+01
1.667439978631085751e+01
8.191136037210075216e+00
2.293788407545841324e+01
3.469610727774175274e+01
6.486441443886764802e+00
1.273156750630786682e+01
1.584369439847036176e+01
1.212909573685294262e+01
1.454394395263859785e+01
3.154714563934526339e+01
8.477982577730145408e+00
1.613041539877046304e+01
1.114363579808915361e+01
7.380325392891898595e+00
1.360044031996415548e+01
4.055226133781583542e+01
1.798448404044479432e+01
2.804012196500720933e+01
8.299375216978299719e+00
2.658025883070143891e+01
1.529663869030801848e+01
9.529447069965543804e+00
3.016697861998657260e+01
6.034126914243011619e+00
1.477215868128011067e+01
3.326287423656474118e+01
2.916083137513399137e+01
1.779772219887038887e+01
1.072020623976312415e+01
1.729684378625430696e+01
1.008254487669091048e+01
6.576813443492184774e+00
1.032632435544380556e+01
2.299718546384551843e+01
9.768086049484871580e+00
2.091385913994778178e+01
6.338858565252631649e+01
7.905184429490493869e+01
2.513071030894946389e+01
4.892366780338699073e+01
3.921114926742156115e+01
2.262887256710116191e+01
1.511218171775387731e+01
3.085807326435720555e+01
2.834921566374150714e+01
1.023998140768881626e+02
2.590422435487457875e+01
8.662251296193284489e+00
4.727330523689536790e+01
3.196564068948606518e+01
5.670485687539589748e+01
1.252097389318081078e+01
2.638411442604903101e+01
1.818768588915617812e+01
1.741058573354897732e+01
9.526365517846812736e+01
1.456714737519312663e+01
3.661397393593055938e+01
2.417355845845905904e+01
2.494752609821339107e+01
2.003890315996024185e+01
2.519796774204492706e+01
1.674127553403469193e+01
3.369884227295759160e+01
1.566297406134702896e+01
1.411586310715352965e+01
1.796702707176647777e+02
2.094978534895035693e+01
3.162393030556386719e+01
2.964886552675520903e+01
2.801240295244148371e+01
8.125683716947359869e+01
1.412679260011703377e+02
6.884570431542455538e+01
1.965275441810677748e+01
3.772127149407944557e+01
