2.024311921675608161e+01
5.137423377910818090e+01
2.094951662038218387e+01
2.707519337999245224e+01
2.266914952137421579e+01
1.518026121492695957e+01
2.525374603650261562e+01
2.904443199672032350e+00
1.152107653292129008e+01
1.336698895259074504e+01
2.606160616306543076e+01
1.526492275262492626e+01
1.452629183047571715e+01
4.700657513914058505e+00
2.761361825398220660e+01
1.669213657908981929e+01
1.064239660427448442e+01
5.965723056739233954e+01
1.600811175714839152e+01
1.281239256688144579e+01
3.986555394778780936e+01
3.326115579945346212e+01
2.310191764041435647e+01
1.481331962088582799e+01
2.030250113563438319e+01
7.992942456667593731e+00
4.609449210150707898e+01
4.835046677232980983e+00
2.959485912413878594e+01
5.388053345827061946e+01
1.952709793308972763e+01
5.376905654832407677e+00
1.066505799906803986e+01
3.205056583185870522e+01
1.851861165466484493e+01
2.853702528291244533e+01
9.883539291256921544e+00
7.952074983077227266e+00
2.545052229408983280e+01
1.588913223723065826e+01
9.326224361042681821e+00
3.313405065194314858e+01
2.799733220814867707e+01
5.903996500093183109e+00
1.042793616959941971e+01
3.815286051116850707e+00
7.026455618156012051e+00
4.459589645952783599e+01
7.452602049415123275e+00
3.746456469123287114e+00
4.864659369364476404e+00
1.530706409202706375e+01
7.648989396635171545e+01
6.136105579796424792e+00
6.311839098308331231e+00
7.061274422215004343e+00
3.152841022312077524e+00
1.644689543232449580e+01
7.628601724865932354e+00
3.194026541170000044e+01
5.679885414925038134e+01
8.326647162626876764e+00
6.712228296258893501e+00
2.724592764274546042e+01
1.735828803588016811e+01
1.081686338576130346e+01
3.231088429737456380e+01
4.971779207423029590e+00
6.402272269364008395e+00
3.176336531518782635e+01
6.029878504403564676e+01
9.510424223475492767e+00
7.018754498292287280e+01
1.422688771043518052e+01
1.209167693057211856e+01
4.251924874572859281e+00
1.450930533566524616e+01
1.451823384664478844e+01
2.187556951055097088e+01
3.486477278504486321e+01
4.518496063067777158e+01
9.687609177326958587e+00
1.543832221831195639e+01
9.317649451932037863e+00
1.840645468104427351e+01
1.945869285502689650e+01
1.333945522690863505e+01
7.737050142817354370e+00
5.616705757501155638e+00
1.912335155508003481e+01
1.748895863221838809e+01
1.049332581062989078e+01
1.285937864744336245e+01
3.798823076730574400e+01
6.820322554944321780e+01
6.468065465077855514e+00
1.180049951421584531e+01
2.944578049405454934e+01
5.740468181428883376e+00
7.622378310870205453e+00
2.374068597659131896e+01
1.452821613212453400e+01
1.406259320290871884e+01
5.103621816182645432e+00
1.996942499161425033e+01
1.686259816536308520e+01
1.533965281457793139e+01
4.787058007286712602e+00
9.342396316649034915e+00
2.979091600915814197e+01
1.076649028402870911e+01
5.221571896636836740e+00
1.549928403604968530e+01
1.164659995675670530e+02
2.299225491787150588e+01
4.270763969951464567e+00
2.493955043324500664e+01
3.427538192639234182e+01
1.277036309550858917e+01
2.375196478101283049e+01
5.679340440569286130e+01
3.593566062204785538e+01
1.027635405365416865e+01
7.953114494875075380e+00
6.698369193813920219e+01
1.649407862872097041e+01
7.253831538099825949e+00
1.435424432501008773e+01
2.169253068437029341e+01
3.743080814710334892e+01
1.189037446418317145e+01
1.103423138910487467e+01
1.726135797087575341e+01
4.438854526819345558e+00
4.650843387071699198e+00
3.795233969087465908e+01
9.782057793705785542e+00
2.530599276441054712e+01
3.017545684582462329e+01
8.083151921647186100e+00
5.711588909799725400e+01
2.549112886938131872e+00
1.429745855125595178e+01
1.613506179102063243e+01
2.257062297721417110e+01
6.171041868639794536e+00
1.873718001619954165e+01
1.635939504914635023e+01
8.979840475683880996e+00
8.796174322449278549e+00
1.060783720803341978e+01
1.377056258468486760e+01
6.568361596966404647e+00
6.516357523739264934e+01
1.714953777818931613e+01
6.945714275405697968e+00
2.244716138047059317e+01
4.275932070452871159e+01
1.085925306861499884e+01
2.564176379153512642e+01
2.939996130664995633e+01
3.918070597415950118e+01
1.295216572469558081e+01
9.268278708917000230e+00
1.446160929431039577e+01
3.952839108815964408e+01
6.254847366625297944e+00
6.023881088501259029e+00
2.440854310304597519e+01
2.087547790758359056e+01
1.515882307914065485e+01
1.261920364144545559e+01
3.687135828760146694e+01
1.803434703758892681e+02
1.900164227755294633e+01
5.721364081419676495e+01
4.069700092699702765e+01
7.807103810962329860e+00
2.149223569767386977e+01
9.533757455561607586e+00
1.025003274874030446e+01
8.722610595914606080e+00
7.685591527700409209e+00
1.078564321216026300e+01
9.083632413471425693e+00
1.104175118639615683e+01
3.574598977086883167e+01
1.576078136715264577e+01
1.614153554854327766e+01
3.945271297980116287e+01
6.455719716468244052e+00
7.555305415799858793e+01
1.528583915297646989e+01
5.778031076939790900e+00
1.449508881928449711e+01
1.551984574807042883e+01
1.520419530271790975e+01
2.501123264911392141e+01
1.472362875982375918e+01
1.628597029082651204e+01
2.125473067236269387e+01
1.009940683902692449e+01
4.608118422776656509e+00
3.213846743954613316e+01
1.265354687479844387e+01
1.260506145113612462e+02
1.157087880526237278e+01
1.605794553444068384e+01
9.425255814218154171e+00
2.515096706455255315e+01
9.890343311310724417e+00
1.547775711977064717e+01
3.809791400520707327e+01
1.067506427520430989e+01
5.156770946051460136e+00
1.067164829904931267e+01
3.123301832803750955e+01
9.758445027634083502e+00
1.530456390818604362e+01
1.158071016562607625e+01
3.427262583555776843e+01
1.100753941438513905e+01
4.769907299923615085e+01
1.119674366641710250e+01
4.218894664277844697e+01
1.961709774195229627e+01
3.558323612394830526e+00
4.013746420418828009e+00
1.204500486924998270e+01
4.865644340711095417e+00
3.324582905470755634e+01
1.422538739916103090e+01
1.393688948432437513e+01
9.721768292787619004e+00
1.124265267811812841e+01
2.724633100889898429e+01
1.048918073072765011e+01
2.742178934835799708e+01
8.075577875042368703e+01
4.344275583470937896e+00
3.717989892333476121e+01
8.207323475711211458e+00
9.482790066549391383e+00
1.204762994754264760e+01
3.693637634636995415e+01
2.769880219661391152e+01
1.904725584160877361e+01
1.713811442349719982e+01
1.252678662845082158e+01
6.108465121546568355e+01
7.053661239910780978e+00
4.491569317622731816e+00
3.352408344715099986e+01
1.847015743785464181e+01
4.739748102677221908e+01
2.406807019618679533e+01
2.880547832195768976e+01
4.769105027971685118e+00
4.178159307888467566e+01
1.892635382887714002e+01
6.618589811763263242e+01
3.278549716805998315e+01
2.461685663583851280e+01
1.541930791843733317e+01
9.179839997881114044e+00
1.475925001271736647e+01
4.356972236309009539e+00
3.724505393478046500e+01
4.465052551759885802e+00
1.749507130423581103e+01
3.253266987870198079e+01
3.047584816877096703e+00
2.212991241277233101e+01
2.601224807092145852e+01
6.395170237394490975e+00
1.097461422633340433e+01
1.053873906376022163e+01
6.538323084906437543e+00
2.669928826441530845e+01
7.256499623923799547e+00
5.570056158022559600e+01
3.290485690738760383e+01
3.388389247168439766e+01
2.914198617053850882e+01
5.653155563961100682e+01
5.419354568714892295e+00
4.343922699860867453e+01
7.533500424314296673e+00
3.919847019236057406e+01
4.524148535630565959e+00
4.853981987392480768e+00
6.896564373968424810e+00
9.256356333742774112e+00
1.429195291468590945e+01
3.050642219857944326e+01
3.690194506281632147e+00
4.340040081402565697e+00
1.113810437941823750e+01
1.845703084205281996e+01
4.438459929934364112e+01
3.555563976150416750e+01
5.282079982756386904e+00
2.339991323305954296e+01
9.996020314899435988e+00
1.756317642466992268e+01
6.104929391286170848e+00
2.836705133785429922e+01
1.103299270803732313e+01
2.669365134282985963e+01
1.472700678379652928e+01
6.615108960016288897e+00
3.041251319928714381e+01
1.277225319479170373e+01
2.215335109726375151e+01
2.356982159074419414e+01
1.841815224169299370e+01
3.440140270324242522e+01
1.611331675072329617e+01
1.147003889680616950e+01
1.620012456472601059e+01
6.651596893837464108e+01
4.847259856419850621e+01
6.338639748586434308e+00
2.026511774095053298e+01
4.468845443755576952e+01
7.714617611035210487e+00
3.940380529196101378e+01
1.421930234849130770e+01
7.877431596576831119e+00
3.535675550469778017e+01
2.776917007469321419e+01
2.537861851010091740e+01
4.578928680182099420e+00
2.536901387319774059e+01
3.278488060377123503e+01
1.842605694907025793e+01
1.621166579753962722e+01
6.192378752488774118e+00
2.294664464365159873e+01
1.400830944128458810e+01
3.291697867045990478e+01
3.533751061473309196e+00
9.954224654961761232e+00
4.628539040595865828e+01
8.141112172942511549e+00
8.321520057348017474e+01
1.741751906050329879e+01
2.924816679687005916e+01
3.376584619990462333e+00
3.831118590745293773e+01
2.432876986364118466e+01
1.338714957921361837e+01
1.734398351157152547e+02
9.656971716751279189e+00
2.173543807331717304e+01
1.188863758818559013e+01
3.927403250991486061e+01
9.598382764765020170e+01
8.085302022523038090e+00
1.000444874611237189e+01
6.136322671035485676e+00
2.294319251826943074e+01
6.746685686174863861e+00
1.817415680830990610e+01
1.069643090491263848e+01
3.921570813000478051e+00
1.253793644390525230e+01
2.215275387831561460e+01
7.599848067176804278e+00
1.152925158374586516e+02
3.250696311706060726e+01
3.942154690110263004e+01
1.314188539088440564e+02
4.418718773058444960e+00
1.478879239535999979e+01
1.987610103031880016e+01
1.603576698217010943e+01
1.137277687418229455e+01
2.928873218204775597e+01
2.285058256959423062e+01
1.064005445255137872e+01
2.797764459985457819e+01
4.969118389927361434e+00
6.695388404120533821e+00
2.006199190744743532e+01
1.668937828411391422e+01
5.305307508170381325e+00
4.016628137907196638e+00
8.716411516996743103e+00
9.586429663236586407e+00
1.012830799171617002e+01
3.889215007151847203e+01
3.162565951372912298e+00
9.053303697574634157e+00
9.824181777820777839e+00
1.316481234470172090e+01
1.269208049245926304e+02
1.570468146236304996e+01
1.691390251763857222e+01
1.981988544271030150e+01
7.099010317569840467e+00
1.837751354134276482e+01
5.128254440276580617e+00
1.982035088369241649e+01
3.404871952737739793e+00
1.330342056792021666e+01
5.338746338696321203e+00
5.680285645878148770e+00
3.379358106603695688e+01
2.002734719019331422e+01
1.802141595577190358e+01
1.031299985683377329e+01
3.136118774969979484e+01
1.547258050235511462e+01
1.505362432263653716e+01
1.392574493230767452e+01
1.233438602448819310e+01
1.489703819381178285e+01
7.318258244028320370e+00
1.630753189859841612e+01
1.243380998116276892e+01
6.594581010304816360e+00
3.677747410279300055e+01
3.195558896762894818e+01
2.074222571093132572e+01
1.305373959199996747e+01
1.283059183767326950e+01
3.266905544708296816e+01
1.870029655760171039e+01
2.218515159795533975e+01
1.142664118386966088e+01
2.304573586848192335e+01
1.123181726498817667e+01
8.879415705596080954e+00
8.458447925343858032e+00
3.713006327282536034e+01
2.019490297586336425e+01
2.023844124808898215e+01
1.429181176608564741e+01
2.856474989295406886e+01
1.701565355762210174e+01
1.860577167384811403e+01
7.426390136721575885e+00
1.151845003717109250e+01
3.523713481322826624e+01
2.337807334552402594e+01
1.975656563830255052e+01
2.610611812367883999e+01
1.558674156695493807e+00
1.486201931929290154e+01
7.265716781078414499e+01
1.663680932537715051e+01
4.258243253129195693e+01
1.044823472934335129e+01
5.696467797785109255e+00
6.000189114749850283e+00
1.214273196399679655e+01
1.979995318081051892e+01
1.536807398169811378e+01
3.905357539950145007e+00
1.124860001186871017e+01
1.425618849023875079e+01
3.099296521310169084e+00
1.706605198610602514e+01
6.931724701588573012e+00
1.979542174165315771e+01
1.394245070793547256e+02
4.278368339244055107e+01
5.362837489494657994e+00
3.090859541225576024e+01
2.594265194651737261e+01
2.373633377230232000e+01
8.564090864117522628e+00
2.135693172524376848e+01
1.509047169519321763e+01
1.492795158945102330e+01
5.430672468222034865e+00
2.091116366788924452e+01
9.775773341108703107e+00
1.855484774221611985e+02
1.094898257746163495e+01
8.808056129951136626e+00
2.090379728325923736e+01
1.168225206650338954e+01
1.490513507886825018e+01
5.963369444912872019e+00
7.326120542123944368e+00
9.282479186960809869e+00
8.372991175911562323e+01
1.018938895685922930e+01
2.418159159131101887e+01
1.127737514245375472e+01
4.856713954105892128e+01
6.427035412603480324e+01
3.490861661292035478e+01
3.102607702658660216e+01
1.142470189203290687e+01
2.846670673837834897e+01
7.293224408808298165e+01
8.940973787359697056e+00
7.435079225824360094e+01
