2.338206484085363712e+01
1.225860335264147523e+02
5.057861417863072973e+00
1.611708293337867204e+01
5.579541935534269470e+00
6.229075629212104559e+01
1.040256607826449198e+01
1.722430143686347392e+01
1.365464548015575552e+01
1.633980599789173738e+01
9.722305502584136505e+00
3.337913161100600234e+01
1.039680815884426934e+01
5.092839699494147609e+00
9.779558381059754169e+00
6.124752686586264261e+00
1.531653436954158849e+02
8.398656281488227293e+00
8.304926653195085606e+00
5.137869914855087927e+00
1.280987180068086673e+01
1.610781754901715956e+01
2.414245937985853985e+01
2.018150725520661126e+01
1.273550976488413333e+01
3.992399101564757302e+00
2.686510706286454564e+01
1.724528584952064136e+01
3.655865727429948642e+00
3.605534568786214145e+00
3.430944341303064959e+01
4.064266459574933599e+00
2.335091199424610764e+01
3.766193378268857117e+01
3.160906333648250310e+01
8.312392677448450229e+00
2.509915472616946275e+01
5.374697898280757613e+01
1.526822842685082549e+01
3.397664652481380188e+01
3.773321358363956790e+01
4.579173501448494932e+01
2.259073266600978158e+01
1.669812727706180056e+01
2.696680997796742218e+01
4.680160931750389608e+01
3.242295423777848384e+01
7.545212188934517172e+00
3.013177295627993502e+01
1.108640373143725633e+01
8.267460523233545189e+00
2.439214934670387436e+01
6.135540098182821112e+01
9.616300094308112989e+01
7.440012847626344694e+01
7.072794536811659150e+00
1.928692881501101297e+01
1.279134749434999385e+01
6.382719331019546694e+00
1.901673722637959330e+01
1.536658875826499582e+01
2.433478520644694498e+01
1.045546102931171717e+01
3.425611956208891229e+01
1.241402655200563920e+01
8.193938807646607358e+01
1.388772041859287043e+01
6.932676724709421023e+01
6.396542332788358820e+00
2.636132360577103206e+00
1.268815695110133035e+01
2.031373398842254119e+01
5.742958926447796486e+00
3.386888626559810689e+01
2.708850649086823381e+01
5.445231665021594836e+00
1.519847955273788820e+01
1.185352476431091340e+01
2.327829591199026638e+01
7.550412750861628552e+00
4.227033033023789521e+00
1.191290993668130938e+01
1.052882963866302291e+01
1.925391199698505318e+01
1.955849719509326690e+01
1.271664441773770449e+02
1.224011082210918211e+01
4.843355778334102979e+01
1.587864250460742710e+01
1.256430000416108150e+01
1.343300454904170138e+01
1.328109117140607509e+01
8.153865922383326392e+01
1.002459766540946973e+01
5.738975460208181723e+00
2.006405055773621271e+01
1.141742357002797092e+01
1.385978997484336972e+01
4.167566596056833816e+01
6.328620254888457453e+01
6.385124589142269258e+01
8.460491511048488178e+00
1.272536861479516013e+01
6.784655533406946049e+00
2.594358856423773574e+01
1.813036414663081786e+01
4.950676738891528039e+00
3.138015247431823695e+01
2.144420752165737909e+01
5.171609749624859376e+01
7.804647114951093201e+00
1.291736676051623967e+01
4.110130444550692985e+00
2.592982030101025614e+01
4.147667765149181918e+01
2.253809934621764199e+01
1.742606326886730272e+01
6.786569946550356391e+00
6.069734664471209129e+01
1.129450661834207814e+01
1.568850003428504003e+01
9.593727101967170157e+00
1.875810086305457602e+01
1.719386016226440006e+01
2.112929072969734534e+01
3.706392795962232611e+01
8.481344621957521923e+00
2.218555896597342780e+01
2.498207532125847408e+01
9.609426204180790521e+00
7.234995530404533248e+00
6.817542083550502063e+00
4.952137413246765618e+01
1.083163230687790346e+01
5.157307290340071404e+00
6.366976517804224578e+00
3.029318562803660342e+01
9.371521193117192894e+00
1.594802301227691821e+01
3.112245533912301454e+01
1.880159204217931546e+01
1.087322924866433560e+01
7.731892105028379980e+00
1.427699082774497086e+01
5.692829875044433052e+00
2.060075654655999955e+01
1.621229443886033295e+01
1.029971843360086226e+01
1.843791009538307435e+01
7.503251049695835562e+00
1.516840047612574338e+01
3.436301666927775500e+01
1.724619385409208761e+01
7.454159946345879462e+01
1.199212663036165516e+01
7.224962018993408286e+00
1.812397230383703928e+01
1.537750532441654450e+01
1.790942589098075999e+01
4.311660427731565903e+01
4.643196174337322901e+01
1.717179310585121144e+01
1.115656470260369559e+01
5.890087075589746313e+00
2.457390591082595321e+01
9.694701316583941519e+00
3.788219632394360659e+00
2.286776562050660644e+01
1.088286897015126620e+01
2.286873431882062491e+01
3.147298439313639662e+01
2.934894631621962091e+01
9.536944917873169558e+00
5.182348276798669495e+00
1.340661689520658939e+01
4.856243603772498751e+00
1.057626850247725514e+01
1.094969726574256441e+01
6.491972519078649384e+01
1.708120359789641540e+01
1.749206868964627759e+01
2.106777998259677886e+01
8.427058606416823139e+00
7.412476012521087121e+00
5.299535182671480271e+00
6.758414344642225124e+00
6.823957478166958524e+00
1.550657752902864672e+01
2.856643625825704902e+01
1.451218238856457887e+01
9.823202878941668104e+00
2.785730845471892536e+01
2.747872146438911756e+01
2.450038859411070646e+01
6.041865457759169722e+00
8.484610397967558981e+01
6.865751820019137419e+00
8.631109538245627988e+00
2.504778446884385090e+01
1.172433248671341843e+01
9.516515117249584321e+00
1.955316624793718105e+01
5.871718788561057778e+00
1.077682708070823914e+01
1.509935752224768279e+01
2.368810318630822209e+01
2.608520794196777715e+01
2.641016250602474713e+01
8.188094519102426361e+00
1.583514887240202285e+01
1.845573166434450574e+00
2.346144300044987929e+01
1.199854912292565245e+01
8.063527377973407795e+00
4.070497611957785722e+01
9.956267708376529413e+00
1.976015974293435118e+00
1.350629684377761386e+01
3.896966556850304642e+01
1.063334465858306288e+01
5.469318224492060843e+00
1.229027486492805465e+01
1.255379750524411264e+01
1.598109526656313228e+01
1.188592429374440762e+01
5.293676931947378428e+00
1.395831649236228600e+01
9.408422261084769644e+00
2.576345876506371724e+01
1.376718469639201636e+01
1.229398725643521395e+01
3.672582701659715099e+01
9.946914601515247867e+00
4.191324845499607932e+00
4.232167717630918702e+00
3.313472633358246355e+01
2.248301260212347330e+01
2.302921781428993597e+01
3.153720731123754462e+01
1.996585527521971315e+01
2.523345565394588164e+01
1.026296684928015139e+02
1.815724786732343787e+01
1.275530554781728121e+01
1.447724646023145922e+01
2.262955088315120733e+01
1.315662250364843189e+01
3.357116057251501928e+01
2.722537263077882130e+01
7.087731554219727670e+00
3.074919050984284752e+01
2.504327964545607088e+01
7.321967864680642535e+00
1.152793277468273203e+01
7.281171735203288975e+00
6.760212905376373982e+00
2.966917201443878049e+00
5.495898130463489650e+01
1.342347606488626433e+01
3.025190942584808695e+01
1.123535977912733408e+01
7.616064452260901341e+00
1.479367094754035605e+01
4.702708402770134910e+00
2.284487509720750964e+01
1.835462730218527483e+01
9.786486722766063906e+00
1.857156297824551672e+01
1.133210084051843758e+01
1.217602798721310897e+01
1.525126647608841957e+01
6.589894236409239170e+01
3.085338612434841110e+01
4.528003674548480184e+00
4.278231062266965523e+01
2.985090295815403394e+01
1.026244501411913213e+01
1.263200970714254190e+01
2.121163661042947268e+01
3.729870851858616021e+01
5.117605627668544344e+01
5.560538982331707558e+01
3.696634168218943017e+01
3.551538245141909300e+01
1.838902600686036237e+01
2.211443207413008594e+01
2.252337567065395163e+01
3.698143705001162118e+01
7.983933385608861677e+00
6.467368892742863196e+00
7.290199705605410863e+00
1.395549409022462761e+01
1.052728871046709003e+01
7.615418950188736602e+00
6.482294977331166663e+00
5.227750654060201008e+00
9.413639196121255992e+00
2.181072596605581637e+01
2.537329991695823139e+01
1.278440788793702687e+01
1.822205408934800630e+01
2.590974999470105189e+01
5.534860505693471211e+00
1.072971849117791443e+01
3.164653308005792098e+01
7.795699403536875138e+01
2.116285749164402930e+01
5.867023502897426468e+00
2.548266064059247160e+00
7.779074253024758079e+00
3.043167039081760805e+01
1.283901155296802443e+01
3.163315217139367874e+01
2.409330775446466077e+01
2.596137008615146158e+01
2.892890616514721902e+00
3.132346217032210234e+01
8.052052074688981520e+01
1.203883135954351324e+01
2.889536037556550241e+01
7.537455428229152155e+00
2.519943297920601211e+01
1.057492568197626071e+01
3.992911029440814108e+00
1.145635698510872658e+01
3.358510700449107933e+00
1.788156032153258934e+01
1.057377360635732444e+01
7.655912740348297163e+00
2.998066496243141188e+01
7.112067573227163209e+00
1.687940931709595560e+01
5.970411271243387219e+00
2.780732174559897985e+01
6.858932874645240041e+00
6.072417682252760684e+00
8.588142334356549057e+00
1.095895274474949055e+01
7.916682340460419631e+00
1.172343812503591032e+01
2.882457524508002855e+00
1.713111163948446602e+01
1.345601922415862894e+01
1.468736785506907694e+01
1.336606215870614633e+01
9.798854036726506678e+00
2.070614564146896441e+01
6.194275054177794004e+00
4.362281361542436287e+01
1.889025962193312580e+01
8.147630146991957645e+00
8.932294548339145379e+00
8.495121089726634267e+00
1.973502019774941374e+01
1.102257442410994770e+01
1.358492063700622765e+01
9.597693240686698601e+00
1.910338156031518864e+01
2.312615264609850030e+01
3.827893024905985442e+01
2.113439988809967574e+01
1.824540638228367584e+01
8.697698871443243718e+00
1.369915407879738645e+01
1.260416695244830976e+01
2.925585666670557572e+01
1.467478809313602994e+01
7.846822596618547863e+00
1.499754991246142311e+01
8.231936457824179598e+00
3.162792089561183673e+01
2.205192233810876346e+01
2.035607401688268681e+01
1.561141682780571394e+01
2.760215780595098423e+01
1.709485596123140994e+01
1.060731648016329842e+02
1.186851972217298012e+01
6.431094900984467344e+00
1.197756852534934602e+01
4.107247524379368286e+01
2.625296380426654252e+01
9.925733669577146756e+00
1.667344743633027448e+01
3.160673768457401067e+01
3.719250966318848128e+01
5.836797232842179994e+00
3.083361656970029507e+00
7.568750960610306322e+01
1.274037392425724668e+01
1.460409755163232326e+01
4.292623850734461399e+00
5.770252799129961474e+00
5.902780204572101397e+00
2.174624685617586195e+01
1.243808778346659949e+01
3.156285967296187422e+01
2.537061181355184658e+01
1.631696629907106910e+01
1.294676230305127085e+01
1.110626559079081233e+01
1.026712527077296500e+01
2.316441260392645418e+01
2.015015336536476553e+01
7.127951731247937062e+01
2.950495943251284459e+01
1.288566423549043236e+02
5.600514595067405565e+01
2.272672103811516564e+01
2.182024320071301560e+01
1.465828856571663330e+01
2.439513672914880260e+01
2.443145625983669333e+01
3.423442274554417963e+01
1.718726202409983017e+01
9.158747702325200635e+00
2.105448356630711970e+01
3.169088216082188580e+01
3.458588254641866477e+00
2.052000588663629088e+01
4.259527099173331521e+01
7.441367200652675429e+00
6.378467360465386093e+00
7.470940417599639893e+00
4.765482551788425525e+01
1.338832597828320026e+01
2.793508776793001047e+01
6.631071022285446759e+01
9.648591820053693979e+00
1.126007551015715258e+01
2.399131183147903812e+01
1.935638159669254321e+01
3.366721360572149546e+00
5.408242109378337403e+01
8.586816384702823157e+00
7.248078503521663940e+00
5.138850548532470697e+00
1.715282189360644338e+01
2.884134629123717275e+01
1.077489350507007870e+01
1.358881202754947637e+01
1.186449750134454106e+01
3.894355865817981766e+01
7.669883106948506502e+00
8.007034977130743414e+00
1.205473234797549686e+01
7.867139104442505015e+01
9.743778568350672131e+00
1.323983993693695460e+01
9.202143265156113472e+00
7.742959244981038935e+00
5.180910129506441919e+00
6.522803112823173599e+00
4.632014690649263855e+01
4.334779550482001476e+00
2.068113704152565546e+01
1.689954556199012714e+01
1.820960432074735635e+01
6.368431597096203767e+00
1.589548542752680937e+01
7.027279628824351754e+00
3.007066719029948132e+01
2.637408011542377295e+01
5.855747871816661565e+00
9.889883320616807083e+00
4.509930503225913867e+01
1.563699159145038031e+01
1.517475176417960547e+01
2.502862792253053925e+01
3.102051410149128330e+01
5.623081129936267075e+00
1.826596572613882685e+01
1.519816629645108286e+01
1.045107977060344773e+01
1.203099726292657046e+01
1.539156373812387990e+01
2.774125262873059050e+00
1.305812750693917224e+01
9.922729656501120488e+00
2.595829678331401169e+01
6.833319168253390252e+00
1.453123713114159443e+01
3.275469621568092293e+01
4.413713674772419893e+01
8.524269216154831241e+00
1.740418387037317771e+01
8.397611704214028805e+01
7.062455905509193776e+00
1.497890232071793370e+01
5.219915868381131752e+00
4.472204469871022781e+01
9.034445042847623597e+01
5.008523920032050114e+01
1.498164689198424249e+01
8.826593319283746908e+00
2.494835187823250067e+01
1.450801478717864512e+01
1.344013426345074969e+01
1.701985184430733966e+01
3.194910128853420161e+01
3.718723395339207372e+01
