1.719283973808772004e+01
4.160411945865584471e+01
1.966764951012526197e+01
1.220974160141140175e+01
4.286547674290090981e+01
5.654643183196751721e+01
7.739428511304494052e+00
1.736065768054877623e+01
4.485855405836297649e+01
1.754962338091393548e+01
2.106098786667699585e+01
3.217871877982064888e+01
6.796521061649983153e+01
6.117222078809106733e+00
7.152483168082198084e+00
5.902549630536499947e+00
2.498204318342360253e+01
1.232756157289930599e+01
5.278063044974834384e+01
2.678731529822074009e+01
5.701439472093817784e+01
3.722323125159507384e+01
4.644272626104189783e+00
1.140954687553977287e+01
2.344205768150722946e+01
9.257228608577724671e+00
3.381382392200802656e+01
1.489706888586516875e+01
3.186843648607431589e+01
2.837990584761978852e+00
1.279985745345634029e+01
4.575818947901727718e+00
2.337331245202134511e+01
7.622474569568659319e+00
5.053633322865161759e+00
3.630511149888797462e+01
1.102545140719968586e+01
2.158952945156753955e+01
3.537000431697404856e+00
2.665016571096824549e+01
5.629177175519406440e+00
8.022465748881611347e+00
1.791218651160374264e+01
2.406503943143165003e+01
1.576185123083911677e+01
1.318368760198080381e+01
9.503265219816089626e+00
1.987051428353158400e+01
2.767506537493894214e+01
3.169254491362772708e+00
8.874718704201901787e+00
3.203924956010177283e+01
1.726744334352563470e+01
8.068443724424877672e+00
1.628384100706237803e+01
7.150114784800049250e+00
1.540060177663874441e+01
6.828501943363836801e+01
4.368527989477948736e+00
4.629707588787590922e+00
7.408221380654674171e+00
8.656094653293244789e+00
4.132603702981676008e+01
1.488973052668119124e+01
1.070395247110082870e+01
1.659718285022683304e+01
1.681763725451271796e+01
2.848561540328783792e+01
4.083878353384926108e+00
8.012536897533088620e+00
9.495803358042707032e+00
4.018916405949592274e+01
3.080971508224157063e+01
1.633992962128466786e+01
1.016357435716105684e+01
2.984233995594346922e+01
1.471122252277226217e+01
1.689342776636868848e+01
1.234224168665816634e+01
4.049128068507036993e+00
5.336601321049494473e+00
2.474543004965538273e+01
4.373437544030855406e+01
3.131327714766736037e+01
5.108226553529649294e+01
5.885157455446530683e+00
2.522751328550179917e+00
4.239216339060362770e+01
4.570328981250008304e+00
4.608435473971665175e+01
1.295652578340372685e+01
3.110058832956669761e+01
1.339603762144763621e+01
6.648497722848929925e+01
8.424260128705844508e+00
8.388389046888293876e+01
2.158087501705924183e+01
8.586143522026976171e+00
7.013637663644696829e+01
2.984845878505582029e+00
1.890666452136639109e+01
8.435463048618395021e+00
1.590894140193907802e+01
5.444047186422145046e+01
1.095706455629126808e+01
1.885483838424867287e+01
2.679039233851702306e+01
7.317833822430257484e+00
8.101420933828869408e+00
1.558694506660648216e+01
8.697157001508456275e+00
1.453396192149999600e+01
1.047751867135415793e+01
1.923215079693131457e+01
9.993476624522285690e+00
5.938140950150885722e+00
7.698768693355277470e+00
6.085282868997400563e+00
1.003871403213904046e+01
4.641388857282065850e+00
4.395039073072896940e+01
1.158502289947460540e+01
1.092367909419676231e+01
9.477609946345532776e+00
7.221407221860689063e+00
4.634454826745687939e+01
1.987780814403053853e+01
1.961029737664491179e+01
1.267962153963524585e+01
1.942380054816852919e+01
2.580056836002017562e+01
2.630663412532123857e+01
3.851238873324969347e+01
1.439596155500705166e+01
5.572162117329480679e+01
1.035161538032030748e+01
4.350775121254396360e+00
1.119582131403057090e+01
6.827004407753719306e+00
1.081811669742954862e+01
3.578492188969924825e+00
1.434560972732204398e+01
1.887488806571901279e+01
1.121304295548390151e+01
1.957896742379223554e+01
1.613267851835912481e+01
2.201668987006270672e+00
1.076864281523671529e+01
1.010186028740113251e+01
4.458962764249510258e+01
2.841752126539505952e+01
1.892752987157274447e+01
7.699732940786421231e+00
1.645901998268727695e+01
7.561750566905565130e+00
1.189247143516244165e+01
2.409084799070465976e+01
3.412084713538086955e+00
5.160242305173496646e+01
1.438245166956935250e+01
1.255393934244620269e+01
6.436739766488461356e+00
1.911373248378118817e+01
1.358283822702114563e+01
9.336456572170812152e+00
1.235921652655300385e+01
4.309882615993478439e+00
3.635895692052054429e+00
2.709509325612729569e+01
1.355743199738960847e+01
5.241951194062661301e+00
6.243885713441489571e+00
8.843262914907739969e+00
2.809979877402467707e+01
2.639961751226863740e+01
4.891091914860657752e+00
6.774145534852424433e+00
2.562279059514161972e+01
1.359716512062522931e+01
2.337719723885643219e+01
2.627029377697137846e+01
1.409822424309760436e+02
9.444725758882302813e+00
4.645942399254296973e+00
3.506286148117694523e+01
2.135059348801588897e+01
9.300349255818359140e+00
2.922442813356844749e+00
7.802642326305590181e+00
2.413260427420066989e+01
1.111058329001479095e+01
2.965377069970203294e+01
2.864228894051042928e+01
1.105586775345300765e+01
1.317292840548258326e+01
4.485735610670809059e+00
1.757441135954196554e+01
1.881413047502078228e+01
6.288258053340611298e+01
2.585702290558005600e+00
1.776428463665197910e+01
8.221313107601718073e+00
5.999451787362602317e+00
5.694307237262654553e+01
2.532969974460142737e+01
1.473653251521635887e+01
8.779318039855519729e+00
4.419207611259989399e+00
1.659086835783369551e+01
2.575973180330093371e+01
9.498008348085402730e+00
9.606756823950357571e+00
3.471232143544512638e+01
7.979491239513714085e+00
4.368953110387042926e+00
1.889718945727942412e+01
6.408441963816464693e+01
3.542486873157307059e+01
2.594508641565446538e+01
1.173464392139984014e+01
2.175083916998796951e+02
2.820043176005063756e+01
5.167017151977820077e+00
4.641924335954141334e+00
6.766362702790827299e+00
2.200742790960369888e+01
1.646697205905674366e+01
5.130877490519848649e+00
1.890162368530780412e+01
1.747501952914200629e+01
2.469897331377721983e+01
6.675336884277558447e+00
1.203430993061462040e+01
1.948730961488972113e+01
1.784444562441901283e+01
1.285052498535153553e+01
2.347510477892980418e+01
1.319345581152693292e+01
8.576216877813008566e+00
1.095135524098526325e+01
4.167375941924638028e+01
8.338002077932038958e+00
4.688651509495904257e+00
2.570261487874692818e+01
2.569516770286586294e+01
2.324349387861669314e+01
4.996325395070998354e+01
1.124485995876470845e+01
2.722727565124030136e+00
3.053662703130075329e+01
6.895565896078483092e+01
1.111553374980658582e+01
2.777119512065928220e+01
4.062860069867472390e+00
1.797659839801751147e+01
2.140910350118709715e+01
1.115555527323068219e+01
7.279086397034538081e+00
9.473762355464339535e+00
1.681880981294238708e+01
1.767680905362967181e+01
1.133128611200750058e+01
1.013264483679872363e+01
1.762656379074110902e+01
5.581526948308788150e+00
1.140936565383831791e+01
7.170300487329022587e+00
1.938278505961993359e+00
1.981331790523311653e+01
1.103435863181914733e+01
7.258056754679969913e+00
1.552324727411475713e+01
3.408767701861854960e+00
2.760870572490432906e+01
1.116449911236785653e+01
5.859238833634027799e+01
1.148224246686481820e+01
2.054867595996456231e+01
1.231814137912732399e+01
1.111538030961944479e+01
2.470531947445189402e+01
1.107501655376963967e+01
2.156508455299729832e+01
1.184915692960947098e+01
1.909115574856266662e+01
9.281465019856490528e+00
2.834737994604339661e+01
1.746666796967649660e+01
1.873941055026967817e+01
3.409349050650108381e+01
1.553125830634494520e+01
3.907972939595421469e+00
7.467136266146530943e+01
3.480328075343307148e+01
1.337036601685354320e+01
1.941586074636592585e+01
1.466066808337658927e+02
2.189380358859302333e+01
1.096616232391040846e+01
1.196396026559352954e+01
8.248551786558219590e+01
3.404457057439878298e+01
6.124911589055503924e+00
8.398021373040169379e+00
2.152162100514695808e+01
2.824444573164980099e+01
8.054586983186164062e+00
1.080667262448382360e+01
6.487944126352414287e+01
4.865895706086715400e+00
5.580517658022877470e+00
1.922197738783098231e+01
3.104325065572366071e+01
2.116300969521402919e+01
1.284105801302517236e+01
7.874764981931530627e+00
2.842857721616815603e+00
1.546954908243721150e+01
9.244159454701836864e+00
8.529827348668042930e+00
1.695631688041115126e+01
1.438237378176632220e+01
2.907477996425202438e+00
2.348189805098939331e+01
1.502941267230134414e+01
4.321057853219340217e+01
1.396870680467014481e+01
1.061129864379693366e+01
4.104316484642355789e+01
1.292097226999827519e+01
1.794047519925860357e+01
2.498592595993144627e+01
2.971680678086831229e+00
1.446926275813333440e+01
5.442632966216640611e+00
8.134910649778541725e+00
5.329369054904491776e+01
2.374778570177875636e+01
1.292779028106577854e+01
6.343814013482138137e+00
9.904085347787999538e+00
1.716482156038666318e+01
1.891757530904229156e+01
1.941211850212134493e+01
4.442905339724723746e+01
4.142763377527773017e+00
1.771906770449185586e+01
2.391719287188199417e+01
1.560777792807481319e+02
6.679118763486550314e+00
3.881843271926376815e+01
1.213508330854439343e+01
2.011164766692249017e+01
1.517318923043448287e+01
1.093247801888197479e+01
4.594682394118675184e+00
6.694911943024256118e+01
3.394957366048011949e+01
3.336918722518853997e+01
3.016008605883939353e+01
8.919140582731467148e+00
2.494036537172493695e+01
1.924408551582128979e+01
1.764296430784103364e+01
6.305373897061834931e+00
1.726960316229042292e+01
2.259903767841657185e+01
1.214280880690127340e+01
1.909411153187377508e+01
4.308889180609491554e+00
1.632601140031637144e+01
1.616887811556784982e+01
4.325287040350526979e+01
2.683665061419035425e+01
7.200741843275146437e+00
4.936148088076273410e+01
8.436695129379696567e+00
2.037530654008560305e+01
1.115491239078651198e+01
1.087878193728858989e+01
2.454285059638720767e+01
4.323218644388863829e+00
1.834869371800609628e+01
5.400969334807300903e+00
1.198498702148961748e+01
1.071180408206868506e+01
1.930232954323484762e+01
2.618456134211962549e+01
7.731378711905331436e+00
1.211785395638391449e+01
1.460667767301620756e+01
8.173260271929409626e+00
9.942750508751535321e+00
1.196476124582827794e+01
1.996872433640703548e+01
2.718998116057644410e+01
1.354114101760536926e+01
3.385729415597555203e+01
7.463406940171217308e+00
5.859002660580732602e+00
6.501003645660507857e+01
1.526681369043839354e+01
1.301017052183077105e+01
5.464684962635025300e+01
5.775784511336655669e+01
8.029612908456613241e+01
2.395754936995091455e+01
2.716024059393985013e+01
1.964902026729141227e+01
2.971823582957458854e+00
1.783184150434805204e+01
9.535739590480202921e+00
1.236422124383254406e+01
3.056622278228444856e+01
2.199579451850771150e+01
5.235956600320780474e+00
1.344473952131189876e+01
8.304918127782675796e+00
2.039266402514163445e+01
2.011246600747516666e+01
4.386287148691248916e+01
1.775939149676498374e+01
1.042758841271489167e+01
2.909604612434541338e+01
3.411069623519645688e+01
2.406908342707703241e+01
1.945082558745646040e+01
1.577204253560262437e+01
1.192510601811584081e+01
2.392607101797680613e+01
4.254312535632401193e+00
3.099760720644697187e+01
9.846494897420301484e+00
5.637947616035670961e+00
6.018267052820899465e+00
3.185117063490534051e+01
2.803640683165240066e+00
6.235787705547035209e+00
7.065376284282034902e+00
1.081475316676608500e+01
1.825097799854149727e+01
1.929448901253257276e+01
4.177235212724743718e+01
7.759878464429004907e+01
3.771026996446263269e+01
1.394515097936785608e+01
9.260861066824016774e+00
1.944693384576763151e+01
1.254148530727052346e+01
8.476012433691503034e+00
2.652060292538079977e+01
1.304927499505027377e+01
3.394077254361598506e+01
7.749440362465161058e+01
4.028137794712969288e+00
2.284921629202864324e+01
8.285177242269606168e+00
1.950949081361832782e+01
4.358678917557070776e+01
4.903813197935050106e+00
6.663309164397784201e+00
8.547633375915742349e+00
1.181651739739804796e+01
2.763474448502296710e+01
5.731478789574599553e+00
1.473549874006241467e+01
5.914682402300638842e+01
8.790167157811092125e+01
9.080520114163496359e+00
1.928439387968985486e+01
1.336425695051496199e+01
1.153055582414433076e+02
1.400967373016445450e+01
6.673016162816532315e+00
1.620798928015517149e+01
5.784105681803184851e+00
2.661241435423158208e+01
5.683743598011329112e+00
1.555732532708973892e+01
9.035010441314524243e+00
9.338947862902546859e+00
1.846596128311486851e+01
4.372894324687448986e+00
5.564548498543594945e+01
2.552667318962032539e+01
3.984998654994426204e+01
5.936462324665885859e+00
1.907795820605467441e+01
2.670297507321890151e+01
2.760861458830858339e+01
1.503172410889614063e+01
1.819162563848760072e+01
1.345580250719430637e+01
1.201293436021754246e+01
1.072008655049220138e+01
2.335914433748515862e+01
2.927019088184562889e+01
1.164706499979099519e+01
2.018978511314622537e+01
1.849912538808467133e+01
3.910069043005289124e+00
