1.960551728517278391e+01
6.165105577311109641e+01
1.894964179040948693e+01
3.540818014162627492e+01
4.925167499551071870e+01
2.241509040119652951e+01
1.044505008419056225e+02
1.331133673826171915e+01
2.704463642257206146e+01
6.859348889261406157e+01
1.168426576899577043e+02
7.902762850975744868e+01
2.270764522040733624e+01
7.876242917563652135e+00
2.354005651040956337e+01
2.496043855083032170e+01
1.366042852973091115e+01
1.436435768080583664e+01
1.175841704335999793e+02
4.079203526401411040e+01
6.040353473898004211e+01
5.626854838164123862e+01
3.860231485864819234e+01
1.561878491426976545e+01
1.457510669555306890e+02
1.206457122099926060e+01
6.654903880490803658e+01
2.272206551762519666e+01
6.364464921253709662e+01
1.978564993639967184e+01
4.244277094664333561e+01
2.973179101408021907e+01
4.657947618261507472e+01
6.089671781789709826e+01
6.415491341700302996e+01
1.764268478106814442e+01
2.254930439559601396e+01
8.874831469772084702e+00
2.127033823229330167e+01
3.505907557709257816e+01
7.766686203158417356e+01
1.981919333348454515e+01
3.337979457558701313e+01
2.169247498263211327e+01
8.226090029791637903e+01
3.912743503914956023e+01
2.801025114049250675e+01
1.837522618917538608e+01
2.926014993976626499e+01
1.039744239779721795e+02
2.314264470245911909e+01
1.322503802798905426e+01
2.552043514162501125e+01
2.874085209150194942e+01
1.023684890125856128e+01
1.296722029860951508e+01
2.016722542855762867e+01
4.647174961911134439e+00
2.079546116810346490e+01
3.359679555244551352e+01
1.203628072123059312e+01
5.745319688026442151e+01
1.643622619284710140e+01
6.485295255006471393e+01
2.165878917179699314e+01
3.743643917314513914e+01
6.981188666656757391e+01
2.564363572026843840e+01
7.296698765785455976e+01
6.677273391408469649e+01
1.260928912886614306e+01
6.390700727270423442e+01
2.130796546554312343e+01
4.327741646799986341e+01
1.307018647615227458e+01
3.191697332643889240e+01
1.674195317725450494e+01
3.841750358159035272e+01
3.575414398819526696e+01
5.821757426195001273e+01
2.601926767907790605e+01
1.846731936795196560e+01
1.287357382041950871e+01
1.037304833054215152e+02
3.912764472454689013e+01
1.215996802772257723e+01
1.121961545864605547e+01
1.313474883720800612e+01
2.726125370187153507e+01
7.311447807545758337e+01
1.735217075056971225e+01
9.725604553080471248e+01
3.458378216638607228e+01
2.461174970997712919e+01
1.111945248083537052e+01
3.666091421426696684e+01
2.439004486450397735e+01
1.972133542672573014e+01
2.861734220225736536e+01
1.663584585246109881e+01
9.015676512574012236e+01
2.889804847925320530e+01
2.518017937771558934e+01
1.943620832498902118e+01
1.284154506916445193e+01
3.785608016362829886e+01
6.801131592019832794e+01
6.025194113264672779e+01
5.490170585968351702e+01
2.449676103730577736e+01
2.295011718178339777e+02
2.299256738803175892e+01
5.640853500777200225e+01
2.382028183757417139e+01
5.508845609781654673e+01
1.298383472483376622e+01
2.657318167419768784e+01
2.153667758407637933e+01
1.205929491154421243e+02
9.153935701983481010e+01
5.859247441506771281e+01
3.848642242926786849e+01
4.445962337522140473e+01
4.617363786108371926e+01
6.771698347510020533e+00
4.096043601415549773e+01
1.374233779235862869e+02
4.130337707431940686e+01
1.899568813184273353e+01
5.046874215462493396e+01
2.907359747251917526e+01
5.020310625947680450e+01
8.861041000629072073e+01
1.832982946035352612e+01
2.780504043664758740e+01
2.016673403668648845e+01
1.948465913097702895e+01
9.507694359298278641e+01
1.395405525808221725e+01
1.664249417379031115e+01
8.623737704440640073e+01
1.958434271023240214e+01
3.176355795040229069e+01
1.791825582338474732e+01
2.663960762545517014e+01
8.433063292278529843e+01
1.872901116399189192e+01
1.836142334910750762e+01
2.706624237191844173e+01
1.511278418322030603e+01
1.521069616649566925e+01
2.779207922878175907e+01
3.117417506441222130e+01
1.713713168510619766e+01
2.826979312004797862e+01
2.120968500920970357e+01
3.614806939922409867e+01
2.118824865712459626e+01
3.294509450063218026e+01
1.372183673990402575e+01
1.278934891638391207e+02
4.308973458977013848e+01
3.423854006909122205e+01
4.864245411797010377e+01
6.607423645201332363e+01
3.361609356456037290e+01
2.231805029545970598e+01
2.383756428816489858e+01
6.643464100534977490e+01
1.488303666914458567e+01
2.942775450421305194e+01
3.708659423758500395e+01
1.886972302536894119e+01
3.858609339505956370e+01
1.167748327762700882e+02
5.733014316747488692e+01
1.993653875651542862e+01
6.284468245684765719e+01
5.529138686848149575e+01
1.324891550711469712e+01
1.754050259338231399e+01
1.459879642825985968e+01
5.581867773589382864e+01
1.661223660582584927e+01
3.330269939511538269e+01
1.088675435546867760e+02
2.903590602832865741e+01
3.122830129797977250e+01
2.247929813581277259e+01
2.836486833544437758e+01
4.630409744622936330e+01
6.831017212670342076e+01
4.404764961242703691e+01
2.615076029961586102e+01
1.955398282613219152e+01
9.683555670178074593e+01
1.236134114837692088e+01
1.868816459913075434e+01
8.896732494046256434e+00
2.565032973732673227e+01
6.303621520828943225e+00
2.020133626115284642e+01
1.375358375133059781e+02
2.419245480120590486e+01
9.852417564174649200e+00
1.802568518566576472e+01
6.903141836902561579e+01
1.402201325099090212e+01
1.721711180991874457e+01
2.509745253644310026e+01
4.633798919003188388e+01
1.614048258164066141e+01
3.088592394990997292e+01
1.522816682593347615e+01
2.320834138940280766e+01
2.157670213012565696e+01
3.117090120643315743e+01
2.829998980139853160e+01
5.838738307601862942e+01
1.044176069611916375e+02
1.695372195517588665e+01
1.058791717425207857e+01
2.543955585894001814e+01
2.134546488896917538e+01
2.755798745481935441e+01
6.707968165614998668e+01
2.313680166137720917e+01
3.230622345382124649e+01
2.990287020806147211e+01
3.861701886246595450e+01
2.345930512267104362e+01
1.259781422647384730e+01
1.768660919567332712e+01
1.637522722463441482e+01
3.726636474049084313e+01
1.418104223827227450e+01
2.591814356753285509e+01
4.619623725822862781e+01
4.920585606937818568e+01
4.041856642912925679e+01
5.229567283020381296e+01
8.132097375952344720e+00
2.896051100672286793e+01
1.290791962932113535e+01
2.981338036352461174e+01
2.044379490682136336e+01
1.074508260789639635e+01
2.349483876832177032e+01
3.232736388372634906e+01
3.742008321313161190e+01
3.322320400539537388e+01
2.925078170191271809e+01
1.985511864692317374e+01
3.028618030493754887e+01
2.499686809968918055e+01
3.637166535593949845e+01
6.188309413726872776e+01
2.888744490066873638e+01
1.671044994039736409e+01
7.539863599632424140e+00
7.477541782039413931e+01
1.684658855819828105e+01
4.723441493186088991e+01
2.399604426592178186e+01
3.846219850452592226e+01
5.271649367834034905e+01
2.855878731328123621e+01
5.545671758412694885e+01
3.473142871022096045e+01
5.071756198690138007e+01
2.470840125359261208e+01
4.434384670440253018e+01
2.169013814971195870e+02
2.653047735427675491e+01
1.866432199920565438e+01
9.074324423848899812e+01
1.270854419034050409e+01
1.215937808639756490e+01
1.513442204127244040e+01
2.493378124180347655e+01
2.087737932481389436e+01
4.763421067972755907e+01
1.306403448211396068e+01
6.585615653539271364e+00
5.179253488193914023e+01
1.723355834035669787e+01
4.222839427111227906e+01
4.037571684463080146e+01
1.363645788783288140e+02
3.140074291428421915e+01
1.547320793119814653e+02
3.243054045238775274e+01
1.114853966259920526e+02
3.797368077443701395e+01
2.553398503276479659e+01
3.633464393473192899e+01
3.419153649053254895e+01
1.867583187959885649e+01
1.258459580257103383e+01
1.531234198725652895e+01
2.130670390859276964e+01
1.257226632477619077e+01
9.487184239797702645e+00
1.172425548013004857e+02
1.408320536819422131e+01
3.661271263806440146e+01
2.150122623624114127e+01
3.841165684677424963e+01
3.616092255758540119e+01
2.378108914558948328e+01
1.141205454748895818e+02
2.745368611959359129e+01
7.982864618361554676e+01
2.303868369040695185e+01
1.237808040598400083e+01
5.286582881358071972e+01
2.701906997844028169e+01
2.940585159153549810e+01
4.587330690639105768e+01
1.902637992374813081e+01
2.239433905886278353e+01
1.276970025007402754e+01
6.226552092389350435e+01
3.683601702324129690e+01
3.088422916589038181e+01
2.509767756467586608e+01
2.455607337345489682e+01
2.322447420719882416e+01
4.883128486201214002e+01
4.815833098251358280e+01
3.910366850937757732e+01
1.354223122094479770e+01
2.520678173511533871e+01
2.299958512300641544e+01
1.324059979783933549e+01
6.928972499116659911e+00
4.481301419487730442e+01
5.333499174379051766e+01
1.212218526153079097e+02
2.171365338478617701e+01
1.590540356517167808e+01
2.620160867668353433e+01
8.032042427743620294e+01
1.306561234697397822e+01
5.055661811908060344e+01
3.568011371947712007e+01
2.831877047000587311e+01
9.954637787366210944e+01
2.531953217639035358e+01
1.109329859459559842e+01
8.467779374961149585e+01
2.171760543948616018e+01
9.608737693534378010e+00
8.293215916311008584e+01
1.514688723136551296e+01
4.014989546259397457e+01
3.070574348974696477e+01
3.112359122025734237e+01
3.466152277324398767e+01
9.316105345694351669e+00
2.332046818812688471e+01
1.308773941766810367e+01
1.080805025745448589e+01
2.177244633558025910e+01
5.353552404001789000e+01
1.410419555390965840e+01
4.186534670903282773e+01
3.980968669557858419e+01
1.666526593561881597e+01
2.992518476263848015e+01
2.025115196272697204e+01
1.787937398057780669e+01
1.395979987421956103e+01
2.608232943448602370e+01
1.362920892100541437e+01
2.107677144208548370e+01
6.046580106400259069e+01
3.896055330292309549e+01
1.218731405949585600e+01
1.898380669354858696e+01
2.279252465835270769e+01
1.667316234438360567e+01
3.434433527985614631e+01
2.206492869983421556e+01
6.545403441983528126e+01
3.133909666685473638e+01
3.748432475463368974e+01
5.091896633698055119e+00
1.850691361250298783e+01
8.993999946620149899e+00
2.384873749315492120e+01
1.422082142906245039e+01
1.697341616192045066e+01
5.359063227682283781e+01
3.145081879401715597e+01
1.067393099546318780e+01
5.545354342441972761e+01
2.169508781753910043e+01
1.073165802358028920e+01
1.417653391991168732e+01
1.186532093964699541e+01
3.497867681780753202e+01
1.764311929154301950e+01
6.035377506138166126e+01
1.371872239864342014e+01
6.241655981143846077e+01
1.754827845765877825e+01
2.065117756967078577e+01
3.327182650932766705e+01
2.164652461618281976e+01
1.452840544046456195e+01
1.334121974971272984e+01
7.912771101887503278e+01
5.876836590749863376e+01
2.212542229721616494e+01
1.637893540139018000e+01
1.556339519257234372e+01
1.508164553877068492e+01
3.505861599838732445e+01
3.742120478718180010e+01
4.139454668226248657e+01
1.487712439483991602e+02
2.090546105196808213e+01
4.005113310733273124e+01
2.397518132653980061e+01
3.656895514158534866e+01
3.547277553458714294e+01
2.706755678330491222e+01
2.354544860699115816e+01
9.177522251987996071e+01
3.750282620803282185e+01
2.520799253341862567e+01
4.063416734285059562e+01
5.605485824093771186e+01
1.874269849578070080e+01
1.731638764280142695e+01
5.655181207304202928e+01
2.829365937820675114e+01
4.579207843930525712e+01
3.318320236030898229e+01
6.166356674342988953e+01
5.543330774519306203e+01
1.362214203541385693e+01
4.170207980934487324e+01
5.538372197035997857e+01
1.928343315842374750e+01
1.157553582620784383e+01
7.152855415866430810e+00
8.296057942496940996e+01
3.159916695103360951e+01
2.753493995991313170e+01
1.938913753697436348e+01
2.143951530866624822e+01
3.355959756985539855e+01
6.809499839131865428e+01
2.974090388672585661e+01
3.224183722499396509e+01
4.562239844781471731e+01
4.561482181573231287e+01
4.935097152723579939e+01
5.568989186014633930e+01
2.447228442593824127e+01
2.620706083053670810e+01
4.356454879363949573e+01
1.648034575718884298e+01
3.863636819162252323e+01
3.833877946462104092e+01
8.260527603936303365e+01
3.620628900473856504e+01
1.222556287190895929e+01
1.354771342267398460e+01
2.878711245152758380e+01
1.141129370133687004e+01
1.349371510808659380e+01
5.501309764799425039e+01
3.770001746972092604e+01
8.045149964119741526e+01
2.896414161921304498e+01
2.716042580372054971e+01
1.627435788364880054e+01
1.522466157071831105e+01
8.036297219090459976e+01
1.215573283050562559e+01
6.535580213595791577e+01
2.795269763306344757e+01
3.620948635832909446e+01
9.613759206863267082e+01
1.019182842588915427e+01
2.272382522228028989e+01
1.773979495989208033e+01
3.767726726752650990e+01
8.190330179282639733e+01
5.083949103788043544e+01
5.880880261514166207e+00
3.965646982775666629e+01
2.597841102146909265e+01
3.117863131389924902e+01
2.203158149335035532e+01
2.350789698430519081e+01
1.924779244893713681e+01
1.438178845438933529e+01
