2.452597559642195435e+01
1.730359968873488796e+01
2.936194629800240818e+01
5.396513977518137750e+01
3.169908892589575089e+01
7.123794001103176754e+01
3.214864139014756006e+01
1.860548634068312523e+01
1.086147618791802039e+01
2.612863550408926372e+01
2.283649978338007713e+01
2.563480511700824849e+01
2.472350559423678362e+01
1.648686835384653193e+01
3.066981813826838987e+01
2.003762892317604027e+01
2.970872246271380845e+01
2.942123350861675490e+01
1.139779123431362073e+01
3.564124881483325424e+01
1.413494217202260117e+01
1.293387534044802578e+01
4.493171035319596740e+01
8.825128915592427958e+00
6.142222485939146281e+01
5.649425348875121955e+01
1.870971908436930065e+01
5.565177851872203973e+01
3.536172024808949033e+01
4.950242389109808272e+01
2.689333555879783688e+01
1.181856996410342653e+01
7.126114237104390270e+01
2.567112557436702502e+01
3.965737867807094119e+01
7.440933540754670616e+01
2.475879574077304213e+01
4.440391598930547445e+01
6.467464595497224877e+01
2.116016621796776320e+01
1.371263967463488953e+01
6.062944928329346794e+01
4.994882470417122278e+01
3.019580584101882792e+01
4.442266480137493545e+01
3.820122443982545235e+01
1.844363164720249770e+01
2.627594546985299573e+01
1.470421400636446485e+01
9.207168630137180898e+00
1.116863508195337396e+01
2.841616993660120016e+01
9.076044967806691943e+01
1.165745408850237474e+01
2.449244009050448412e+01
1.672387727716771977e+01
4.398629567060302037e+01
7.779208540454699516e+01
2.544949420996593403e+01
3.955301920687016093e+01
4.860739597367851417e+01
6.356675459462181266e+01
3.141694454808639847e+01
6.053776593677031315e+01
5.433303142091605764e+01
2.236022489098191457e+01
6.712731548682158689e+01
3.403881825986092480e+01
1.788510440278324864e+01
4.201378126065715435e+01
1.272532090089545775e+01
1.271754079701003626e+01
1.944498925491991770e+01
1.882089037276472965e+01
3.170113638098981923e+01
3.477062120829326375e+01
3.144413939139083070e+01
1.098584110692900140e+01
5.812193193785241618e+01
1.048085769312819693e+01
3.545542294052066268e+01
2.480891697503829718e+01
1.683850073976026351e+01
4.300787266242598150e+01
4.613886764173217614e+01
2.684571438795801868e+01
1.698705764382289374e+01
3.247202424153996247e+01
3.634276277802949551e+01
2.748851480705486949e+01
3.431571485530145793e+01
1.805665191841927708e+01
2.605865720151645348e+01
6.787223997590263025e+01
8.635907132787225748e+01
5.098261370367506373e+01
1.594810765339413017e+01
2.197765157747642562e+01
1.080312808827924975e+01
3.362555777942849033e+01
2.352871729047091875e+01
1.143409331684434846e+02
3.124407016241476853e+01
3.730323195955644877e+01
1.070966148921685779e+01
2.378657649286969900e+01
5.180660129137284997e+01
3.116602539638146396e+01
7.256324651679105386e+01
3.587370613535127006e+01
4.797984147798830890e+01
1.451317285740917100e+02
5.041236666970767288e+01
1.072097298596563952e+01
2.602822605539960676e+01
1.967773849464439095e+01
2.903085754968406818e+01
1.901976877816133538e+01
3.196060450922150764e+01
8.522562599082729662e+01
1.698558705325153895e+01
3.427769215234255995e+01
2.704284866064924131e+01
2.129320415027212121e+01
1.711546066301998437e+01
5.167962576427380128e+01
2.571122372394773592e+01
2.547904303071806709e+01
9.942292252936015373e+00
2.155652523388285502e+01
1.662736599305622320e+01
2.014569141157003429e+01
4.020404146946500390e+01
3.325994158451118210e+01
6.154318073484705565e+01
2.169349774715010426e+01
3.827890344034122450e+01
6.940350946799355825e+01
1.906697957973002389e+01
2.620835945754555141e+01
3.165828135140366939e+01
9.016585691783532752e+01
1.033224563524828987e+01
3.122000507668467151e+01
2.696927025985316817e+01
5.459354576998062925e+01
1.886524417503117235e+01
2.378504721244825859e+01
3.020789887164071885e+01
1.434747119814828054e+01
2.279958357286536952e+01
1.965682953824920176e+01
5.959069094949691703e+01
4.105447394939177741e+01
3.781597518506051614e+01
4.019213745952922778e+01
6.317464277326504885e+01
4.784711766150918777e+01
6.326024128682494307e+01
5.456133586086322396e+01
1.996299057245715858e+01
1.675407144765297218e+01
2.968207769775576210e+01
5.163762531678558076e+01
8.234818630454738297e+01
1.908062531789570571e+01
8.217874170744551066e+01
1.466078103337507876e+01
4.522946191956810935e+01
4.725887136875167016e+01
3.209290407588873961e+01
2.005201895163530068e+01
8.515836649705544659e+00
3.659113385978512412e+01
1.336509540566841281e+01
1.616071298649750787e+01
2.988376867278437743e+01
2.378058335456852745e+01
2.832355908447656390e+01
2.051586774764729881e+01
1.293920340841627308e+02
5.317783334027182462e+01
3.124543204015117226e+01
7.408201054944038333e+01
1.297842821161899884e+01
1.793463736662155128e+01
4.780212147826538427e+01
7.648762297836972834e+01
2.725431608456413457e+01
3.167753384832388264e+01
7.907748906926542531e+01
6.054905357420551582e+01
5.603722224567400190e+01
7.049912761458958244e+01
2.320624468305317833e+01
2.112499434717114610e+01
3.292455249198761891e+01
5.219212707296642861e+01
6.943075086864504897e+01
4.325619231098202278e+01
2.528294486429700783e+01
8.556494888132716525e+00
1.767155023549261372e+01
4.152394781439173244e+01
1.245243271006084562e+01
2.058351185461990340e+01
2.400695052824686115e+01
2.033859334020680620e+01
1.011441964624729906e+02
1.489561103865914049e+01
3.440353227980629214e+01
1.945457396241437209e+01
3.864768074165717593e+01
2.315827067572046261e+01
4.689380494414891132e+01
1.473457556357131537e+01
7.511772263134622563e+01
1.247741717429261499e+01
3.651561789566474658e+01
2.300997309850421146e+01
1.677802695861229410e+01
7.222108057172492579e+01
7.631543978039621834e+01
2.737072015568818628e+01
3.198342011394576900e+01
3.134874896383497145e+01
9.043269293644323525e+00
1.204996407929256463e+01
4.030938022882295257e+01
1.907949149171682279e+01
1.123210243193562441e+01
1.103916740741156843e+01
3.012009403041653854e+01
4.428133134873082355e+01
7.169134349549501906e+01
2.115805712528231197e+01
1.392162922450641815e+02
5.110766689983979205e+01
2.140717131811469898e+01
1.944694275637551684e+01
1.473291805240437213e+02
2.028009928953497010e+01
1.311973320663082454e+01
3.671880952183916946e+01
8.483887547804111762e+01
9.366002527176258141e+00
1.148874265810440143e+01
1.444132850558399639e+01
1.603757688809265147e+01
3.232450216841066037e+01
2.019109225510767303e+01
8.257055454737441380e+01
2.687365361774015682e+01
3.876329303839010976e+01
7.457073783410442047e+01
5.053138899616150326e+01
1.186909670708907427e+01
3.675602263878838727e+01
3.578670222407160395e+01
4.779569410540598540e+01
1.699651366291670840e+01
1.028513482890373609e+02
4.612560450232024323e+00
2.066458320240218072e+01
5.492377210143038013e+01
1.561355724725198435e+01
3.038896035624372161e+01
1.250912162493543356e+01
2.113189986475048698e+01
1.764539665234418564e+01
2.404160155913517727e+01
4.785499836153078235e+01
4.938761706465427892e+01
2.369715095552156470e+01
4.509542270440056910e+01
2.885244994584593314e+01
4.678127793090064301e+01
2.377615272800439072e+01
4.343920081397074995e+01
1.601376244305257046e+01
5.860262788852785576e+01
4.525299567103497367e+01
2.774865172924819845e+01
1.279619042685638242e+01
1.853972737173998198e+01
1.451703251113142912e+01
5.193401050614178871e+01
1.755341513267332587e+01
1.581254359903258333e+01
1.843663396678187993e+01
2.362959381814904702e+01
3.137223780502460002e+01
2.470363360765415806e+01
2.096390283491099993e+01
2.033561130574624443e+01
2.145980548774235430e+01
1.651027369514308418e+01
2.092401027683019521e+01
1.576309010049139481e+01
2.790784140795470591e+01
3.110873186477448726e+01
1.673266065313638151e+01
3.777277910102101544e+01
1.201210959534370915e+01
3.905886776311584185e+01
8.936090292938745350e+00
6.143587623460757641e+01
3.253762944539535340e+01
2.305163968408878716e+01
5.340399472415018067e+01
7.492987382458402124e+01
1.732866670271828013e+01
2.373881360927885353e+01
3.495588254454799682e+01
1.230366794068259040e+01
1.244793200661340506e+02
1.216840983272218502e+01
2.356284402069990236e+01
2.525564887238589051e+01
2.258656728654590395e+01
2.195697258571488319e+01
1.012661497815633993e+01
2.317351715948241875e+01
5.307599314309082672e+01
3.196627050547508020e+01
9.497728069211284208e+00
2.631321816527985291e+01
1.866951300842762507e+01
2.710187804097723330e+01
1.111667110138257364e+01
4.578658772167931090e+01
2.006737194487202558e+01
5.515135339006835835e+01
3.002331072552551205e+01
2.313859583545335852e+01
4.593425161154045355e+01
4.384315485167816462e+01
2.417931184708059789e+01
3.512595471813992987e+01
5.542165733135183103e+01
3.463852572046580036e+01
1.710847371857514077e+01
1.489904654991066124e+01
1.333706213426591169e+01
2.430885275152250458e+01
3.584155041138833298e+01
2.555384161949157473e+01
9.446138313670761022e+01
2.052489812173244133e+01
5.525027197715416349e+01
2.056621063005637140e+01
2.636488588880455453e+01
1.689022155979351680e+01
4.066772159990011914e+01
1.711014136904389815e+01
1.869603708232743955e+01
1.959246798834236358e+01
9.296445939868574371e+00
6.658295766914274338e+01
7.414799055402251327e+01
1.613902796657717431e+01
1.712614257830336157e+02
1.663680546426921580e+01
1.023347440518260321e+01
4.883954197913018191e+01
2.180367449209452957e+01
2.011924706583941358e+01
2.698556739407837313e+01
1.870506354898062895e+01
3.264921164891519112e+01
7.928951786771190768e+01
7.099623445057189031e+01
3.016318921469952485e+01
1.945618568232392320e+01
2.323025380360474657e+01
4.540871853989982299e+01
1.625740991546934211e+01
8.672716878297137555e+00
1.905857262885621850e+01
2.090485633206035843e+01
3.697541739314224429e+01
1.649743796240388605e+01
2.204277321157766778e+01
2.096286586737490154e+01
2.139378977464054898e+01
1.112586313530997302e+02
3.511488221120333009e+01
2.812157324088582655e+01
3.111379714107710726e+01
2.075021070617635743e+01
1.520407279008818335e+01
6.524183500375224298e+01
3.501067805886501105e+01
7.990132160286231056e+01
4.088940438921154907e+01
1.081017532158265659e+01
3.167102495327122824e+01
1.247391683673857088e+01
3.639430056997110796e+01
3.212701362294841090e+01
1.912481484495462070e+01
3.373669597507303308e+01
2.878930742610230453e+01
6.876513597458620097e+01
3.868937264963076217e+01
1.773160157283133742e+02
8.638954366598387224e+00
6.383412446388499362e+00
2.059356449748274187e+01
4.198972240834053338e+01
2.019677944117935198e+01
2.152878433333442842e+01
5.875789357695474280e+01
4.059266303924098906e+01
1.005021644794792479e+02
3.632026826381606099e+01
6.381935461943017884e+01
3.901969971684581395e+01
1.077504283678781860e+01
5.690776613616191071e+01
1.251635445831871074e+01
3.041981129205358769e+01
3.655623282749436953e+01
4.662453078695203601e+01
6.607971253546081414e+01
2.716601454744461819e+01
1.987565107295138134e+01
3.189572149113142530e+01
2.332348498305738715e+01
4.079509958249956725e+01
3.123115613455579975e+01
2.418373104263010376e+01
4.287655543804078917e+01
1.139557648855452854e+01
4.549301286064595473e+01
2.759089955710893349e+01
4.211509350159102638e+01
4.401834320779732224e+01
2.054173201557204465e+01
3.936102832642863802e+01
4.301151099615307061e+01
1.943929602582111116e+01
6.331623891706371410e+01
1.121997949889306909e+02
2.637421607504388632e+01
2.443130903071562443e+01
6.664489045673819589e+01
1.188489472501338184e+01
1.481028554257134822e+01
1.892251744512619283e+01
2.527871828749406191e+01
1.285684484106212899e+01
3.603942215243538527e+01
1.042284877389732145e+01
5.742444740998407582e+01
1.021103318748748556e+01
4.176196865895803256e+01
1.766521596491172019e+01
1.068922066915043843e+02
2.273584739134956934e+01
1.865599259681811617e+01
2.407424407032705815e+01
3.507787218218190617e+01
2.075384517696599573e+01
4.068303900190448985e+01
1.160261612216679481e+02
2.227366704967224820e+01
3.702072394977434300e+01
2.872312150831152522e+01
3.367601356445263150e+01
1.171545432014792354e+01
2.693730055179686644e+01
1.988604516422879342e+01
2.240939589944447263e+01
2.053821421287403837e+01
2.034226358668502499e+01
2.036972352096938010e+01
3.524711627231124567e+01
9.281246495601925162e+00
6.275289726639130095e+01
1.424895782525387844e+01
4.593491488848992077e+01
2.440648298424012452e+01
1.067618773291193257e+01
1.427776410583911648e+01
2.840118678500391525e+01
1.201511548211315983e+01
1.287644698190070613e+01
3.045261742165282115e+01
1.008822555090907542e+02
2.178094566368171314e+01
1.524788900645390832e+01
1.380201401188902821e+01
1.039432266718757489e+02
1.622875413540991474e+02
7.764997347053511589e+01
2.238897706166168433e+01
2.241507708383987207e+01
2.246033311657262388e+01
3.164021391244176229e+01
4.727665821080746866e+01
