2.556463237452765114e+01
1.234451067280076941e+01
4.345771827311813240e+01
2.252363884750871392e+01
1.875045388950078973e+01
7.432660130430384982e+01
3.593690763306416613e+01
7.180020729754912168e+01
3.667488090092388830e+01
1.950433921944581357e+02
1.246260486549859081e+01
6.433304853974696869e+00
2.762097453053604923e+01
2.783843231963945897e+01
3.435250720084896869e+01
4.469888033805948169e+01
1.202605141619011420e+01
4.786395273201852518e+01
1.572954049500061124e+01
1.798522680014652408e+01
3.966295369612414845e+01
1.775496409853520419e+01
5.082595998050944530e+01
1.369373824037898046e+01
3.148387752613806612e+01
3.654947914621162397e+01
5.983089034944332241e+01
9.186641348121121098e+01
3.017143143187215060e+01
1.490232481393435080e+02
7.336175874875377190e+01
2.127471094091427872e+01
4.244037726799928123e+01
2.678797601213376112e+01
3.039954509902566926e+01
2.754936743628818263e+01
2.988660100669295616e+01
3.345987621578528604e+01
9.695890269446309162e+00
2.137679164805312837e+01
2.505692905640560397e+01
3.702716462883622484e+01
5.460142858661180654e+00
2.133111967214433591e+01
7.669103456729274626e+00
4.223820406633739566e+01
7.059800985309492205e+01
2.276773877953646874e+01
4.301066256749851391e+01
1.146575621990408962e+02
1.339417719894644598e+01
8.228422892563179047e+00
7.595016043062834399e+01
3.464202855792429148e+01
5.866000135258413195e+01
3.286712068663319997e+01
1.862878320505090812e+01
4.685560604990417488e+01
2.035293068441956166e+01
2.905799688450330720e+01
5.062496064274422025e+01
9.303865587147139848e+00
5.696349060878316095e+01
2.067371774371802218e+01
8.361040201494022384e+00
1.525364642199748744e+01
7.407807664757453381e+01
8.336951883301354727e+00
2.913010665884997508e+01
3.438665098883484461e+01
1.892978231003996470e+01
2.757201292931733150e+01
4.430536124457950109e+01
2.985884155844774313e+01
8.717393125904655093e+00
5.885341287505117869e+00
1.580087686031314931e+01
1.661894964585267331e+01
5.917537672221234857e+01
4.559629465552418282e+01
1.335756413885017224e+01
1.272766513615656692e+01
7.985306605599411967e+01
1.621999089893116164e+01
2.221318644120467312e+01
3.604561666447619928e+01
1.892289903045437782e+01
5.622075542312941820e+01
1.408792835644993069e+01
1.617290583571097073e+01
5.650621896307620062e+01
1.229922002552445406e+02
1.109031711725630487e+01
2.228389122852996351e+01
2.219391537356225896e+01
1.166528238057107636e+01
9.813978159408247848e+01
2.032853935052027339e+01
2.662550369307273357e+01
5.635920323938231746e+01
4.289286504671206757e+01
9.886858242761441318e+01
9.904120834263412831e+00
1.195229037511666270e+01
1.949288225691716292e+01
1.598506293208940754e+01
3.199758122438005614e+01
6.658706085531008512e+01
1.487069309433629272e+01
2.153491189742198131e+01
6.188267957837317823e+01
3.729186214493729778e+01
1.082096813399255630e+01
4.709851057750558567e+01
2.685458293673688246e+01
9.216893699981461907e+01
1.538634785459977472e+01
2.753121462929252417e+01
5.127863314026257768e+01
3.167229352988466928e+01
2.361109274132069658e+01
9.871213750995099190e+01
1.193998527579678459e+01
1.028358909532633803e+01
2.035504792425027887e+01
3.097275936503201166e+01
7.774761587616094971e+01
2.506803379669940668e+01
3.580359946835064022e+01
1.125146892083745342e+01
4.617650979760028207e+01
5.670951369169551270e+01
5.305750214828267985e+01
2.650495612366339770e+01
1.414757407680650125e+01
2.662313228720752178e+01
3.933713861248307353e+01
5.239315947566682752e+01
1.330751677997791305e+01
2.018784211412177001e+02
4.583401243873641562e+01
4.221590658361454729e+01
9.176255655729791272e+01
4.550936009444424712e+01
1.863088090417529372e+02
1.443605943935911817e+01
4.038735179481148663e+01
8.934692493814087300e+01
7.037500923078071935e+01
3.732635344242635966e+01
2.997956057757195936e+01
1.182625758726871901e+01
1.785942871697964307e+01
1.540582463789343670e+01
3.586232757556525286e+01
1.922235316455604703e+01
4.565004099329231479e+01
1.926695327942543656e+01
6.427330163274370989e+01
4.300848142717207878e+01
2.447835337893688390e+01
6.237229066640511377e+01
2.746480905122790261e+01
2.132202139198650670e+01
1.082004764058544488e+01
2.240761450676505007e+01
2.401104231246738507e+01
1.342643589875155108e+01
2.600928462161449417e+01
9.658575797967356991e+00
3.016585341742243287e+01
1.566528229006102890e+01
1.570760611372033964e+02
4.469848269066064006e+01
3.631767374709982477e+01
1.172196019424158919e+01
1.909879881876298668e+01
3.461015094516881874e+01
2.693223519770716479e+01
2.232564630747077672e+01
1.185109355072210917e+02
1.751206244291666536e+01
6.538604483339642570e+01
1.944167483165119492e+01
1.857941643470708115e+01
3.895112319934327161e+01
1.343050375591662160e+01
1.625158927198974368e+01
6.467154479971182468e+01
2.217850230080000173e+01
4.794271091428046105e+01
9.155863066719035714e+00
3.706507414708728732e+01
8.917968851869466107e+01
1.004641811244750329e+02
3.765008917692719592e+01
3.722959641325892477e+01
1.475684047453882108e+01
8.633248538802599015e+00
3.619474043267805996e+01
2.340122352332839029e+01
2.446330738270804162e+01
2.271850733150420609e+01
1.128387500891196638e+01
4.515230139738311266e+01
2.068391283094959832e+01
1.881224863471005904e+01
1.885845977098425053e+01
5.959129906143613908e+01
3.237285779233341998e+01
1.651789597416838262e+01
4.761527949174518426e+01
2.179576265131128565e+01
3.574088397516878501e+01
5.307846056254288669e+01
1.068187067939689072e+01
2.335246839565068555e+01
1.464165371322683313e+02
1.814502207132042599e+01
2.744297749697488342e+01
3.729146048597993257e+01
1.310516592609305775e+01
7.129062972762960726e+01
4.694814278271989849e+01
6.948806000583587661e+01
6.381688471217943004e+01
6.341399329657104289e+01
2.769558566582582415e+01
2.989382269656966784e+01
6.246088369054776024e+01
2.974781315454847785e+01
4.372434424028313060e+01
2.391194734798573762e+01
1.001462125041842377e+01
4.849333633187578130e+01
2.903250011980324530e+01
9.782673370674308444e+01
1.634385816111862511e+01
1.467372184965129556e+01
4.946732560236327458e+01
4.096499662450855794e+01
2.900516638675088998e+01
2.311048951482356628e+01
1.328510334099633781e+02
5.241879512115158235e+01
5.423039449907318499e+01
6.015315695574590649e+01
2.350825280892233593e+01
5.722189295176687551e+01
1.257526016370394295e+01
2.512831043109687101e+01
9.178540364777718708e+01
1.606404432294258910e+01
3.657058374355487018e+01
2.637317870849776824e+01
3.402789988069800842e+01
4.375226444383175561e+01
1.839546220463821413e+01
2.081707098309098569e+01
4.959319288542088344e+01
2.316084766705578346e+01
9.718987046454172685e+01
1.378936148669880879e+01
9.445033995606269883e+00
1.248934048674110500e+02
3.705429461824770954e+01
7.337023698297439012e+01
2.459325990775204218e+01
1.967576142178361565e+01
6.551117208861791141e+01
1.764471598428469790e+01
3.339855675675664060e+01
3.937441719082573854e+01
3.050704260531250611e+01
6.095418259604966238e+01
1.883005809326908064e+01
1.855737818250222659e+01
2.010568405094958067e+01
7.536286355204225629e+01
1.071376737903512399e+01
6.545533984166627306e+01
5.132561314646877548e+01
4.707643669799884378e+01
1.369954329765708323e+01
2.754896814361026358e+01
3.631390912251533365e+01
1.214127492905487884e+02
2.306754920080717852e+01
6.395330494220402784e+01
7.415446360176801477e+01
1.305500070906736312e+02
6.595133833010929436e+01
1.959030033903104240e+01
3.998056843298458318e+01
7.495070483867492861e+00
1.697657459635226118e+01
1.111823598960101656e+01
1.011095132794333580e+02
2.114721408979776385e+01
2.036720888772925875e+01
1.056421953692152194e+01
3.435912432025108387e+01
4.486654244210538423e+01
1.980422205028843052e+01
3.077537580372580095e+01
5.016628277727068053e+01
2.130799823441499541e+01
2.874818983411801199e+01
1.272983576318220855e+01
8.538738952656391490e+00
3.642208575349302180e+01
2.385493152995697841e+01
1.958049195281151000e+01
5.820395049697239642e+01
6.610809779339314218e+01
4.768472959366287256e+01
3.550576477282824328e+01
6.782009685182757153e+01
1.275346109878249656e+01
1.009097801092552800e+02
1.215680793527605097e+01
8.971359918608463602e+01
5.518541844573218391e+00
1.117687819009200751e+02
2.295980485380700031e+01
1.885840194098475919e+01
1.145911748183366541e+01
3.788052556131618331e+01
5.422524438859219487e+01
3.939112293719774982e+01
3.914073356646844815e+01
5.381048050887764589e+01
1.654263922843612278e+01
2.776998878423134087e+01
4.838885944293480179e+01
6.504470321162000346e+01
8.732507945853267728e+00
1.083369719410576693e+02
1.841485335372486176e+01
1.505154484812300808e+01
1.797593146139820064e+01
2.164844490269150512e+01
4.770332042906106551e+01
5.830793977297276598e+01
3.261691002709862630e+01
8.158638154025622669e+01
5.542528607215055025e+00
9.735517492980958920e+00
2.122258869288933880e+01
2.093315974875077146e+01
4.811261960842070806e+01
3.455020090343847983e+01
2.960963258281315902e+01
1.655467047471170972e+01
5.421851342991338640e+01
1.937513817164440511e+01
2.821935219887171797e+01
4.719061383391144204e+01
8.818910504825637986e+00
4.009904264802943175e+01
6.080234680953354598e+01
2.635207012513252067e+01
1.070364018236843719e+02
5.254196295488620194e+01
1.394206050403466861e+02
1.908079887135490438e+01
3.582599081942092312e+01
3.624154695334545551e+01
1.772552065214159356e+01
3.821265525224379189e+01
1.293955647553851485e+01
1.653133570043767122e+02
6.753060415587286514e+01
2.614909142195539005e+01
3.196908921191275965e+01
4.000228596067093179e+01
2.633296096320135504e+01
6.185637146922338303e+01
8.447689908021280303e+01
1.164640349596194469e+01
1.271669423908604841e+02
1.745412485501967126e+01
2.390782361318764870e+01
2.255323416429703798e+01
5.879843357121980318e+01
2.817917201384755543e+01
4.397038175281419825e+01
5.492111820896784025e+01
1.928430054373861324e+01
1.308782499240879815e+01
4.597254098457536742e+01
5.896493354336678294e+01
8.200202402925803824e+00
7.525359506267299103e+00
4.120972856793797945e+01
1.676108934603742640e+01
2.869537511384592321e+01
6.330107254928957161e+01
2.909685227318224676e+01
6.570751697309327710e+01
4.842252649315206980e+01
1.355658675295272886e+01
9.026534275510036309e+01
1.708464997696777843e+01
1.638779538931598552e+02
2.478567349531544650e+01
1.604316816583528009e+02
4.078811683075218042e+01
1.063838482534869456e+01
8.633955515622911037e+01
1.460631857373100395e+01
1.563745189799256252e+01
8.850477598745559504e+00
1.455834510491432532e+01
2.451170307290558625e+01
1.273130946132739716e+01
7.133474683930336369e+01
2.278214959814980034e+01
1.545624122226614361e+01
6.613569571094926403e+01
3.649640741426471635e+01
7.951908565752609093e+01
2.343000752961155797e+01
1.591860850996868635e+02
2.714472584632876817e+01
4.629066417333412176e+01
5.114821410736801077e+00
1.634219742901242256e+01
4.402528837757387947e+01
4.753438980622502186e+01
1.669954151388802899e+01
2.840357678972197775e+01
1.797674626868319692e+01
3.769575711839323162e+01
1.409992176326206170e+01
1.644852847176350608e+01
1.040901228026807956e+01
3.580646116273456414e+01
4.075321000790340520e+01
2.031836147409853410e+01
4.362180828178082947e+01
2.607909917149799739e+01
1.310959464510600370e+01
4.769157808269509502e+01
2.009452903078200947e+01
1.068485390026305737e+02
1.325319160922917661e+02
1.815158591693571566e+01
2.146132842654756345e+01
1.850074517027095311e+01
1.357285440248723596e+01
7.485313066737198540e+00
2.278692224891883029e+02
2.574055735279180723e+01
1.433964046595772146e+01
1.510093766062422915e+01
1.331559835717290241e+01
3.337396053883892222e+01
8.978470329851118592e+00
7.535540783373599538e+01
4.850995487522060046e+01
2.930523909036411823e+01
1.468962260036483514e+01
1.198985924711363360e+01
3.755190414488458828e+01
1.823986257134701816e+01
2.273783134426846289e+02
7.291243895437020228e+01
5.157848378040995385e+01
1.557670753846407585e+01
1.317935867189483723e+01
1.846592556024580389e+01
1.312516880800431451e+01
1.383490211800646996e+01
8.309778524458756976e+01
1.154108748122244918e+02
3.649773339093618318e+01
3.656185771650697092e+01
4.374835947260328339e+01
4.829273945472125718e+01
2.797366293221833757e+02
7.693895484290639075e+00
1.861337865691390547e+01
4.433510065819747048e+00
5.210404248689224715e+01
2.745766895664527141e+01
1.154359293765634575e+01
2.376943940975702318e+01
3.610162277412962339e+01
6.309447082285815966e+00
1.876157965234298430e+01
2.706539479156233341e+01
1.912006455415637518e+01
5.849583242328856869e+01
9.737888808197570967e+00
4.600304244702744683e+01
7.341072818261795874e+01
4.587394414690380984e+01
3.411972752446257573e+01
7.722198148544761054e+00
1.970437211591876903e+01
