6.435513265359984914e+00
3.535957820228609449e+01
7.723450275382464092e+00
6.697027228966149437e+00
3.661148692799192528e+00
4.530113477520187004e+00
3.657911818271373505e+01
4.191241386912846423e+01
2.841074356801914558e+00
1.891069694935298307e+00
1.944016960424422891e+01
1.552193982194949484e+01
8.746664242160651526e+00
1.306485862346577420e+01
3.671247990418905705e+00
1.452491872506388759e+01
2.402967527910865542e+01
3.131340357897232085e+00
3.210630277419492273e+01
2.758900848955104568e+00
5.954819476585508475e+00
1.217790470607720721e+01
5.555283664538243293e+00
8.227886568546388446e+00
2.100850818943866827e+00
2.519064784217948727e+01
7.296104255866178789e+01
2.696348985962318778e+01
2.294529698069650436e+01
1.450020029282272382e+01
1.055855457519323615e+01
5.165833196977189345e+00
1.215051488346337472e+00
5.463070519331475694e+00
1.285730698342545253e+01
9.710315454298444893e-01
1.654272841715278375e+01
3.405958646734957629e+00
1.863118129272028156e+01
6.389455871696377187e+00
1.076661368132052843e+01
1.013675891483355329e+01
2.369877075537098321e+01
1.015156218661235243e+01
4.542935867434631625e+00
6.522355041464146908e+00
1.238560267051082242e+01
1.865679106026431811e+01
3.482801092194002024e+01
2.391430724581633527e+00
9.428534483246300724e+00
1.837183236676185416e+01
5.257778819945261084e+00
1.083215807705509448e+01
7.471212726162391959e+00
5.390314273770500364e+01
1.125772901569603768e+01
6.786789663821255481e+00
1.531937400429941221e+01
4.995217869031556290e+00
3.195728214613410501e+00
2.144251426138832528e+01
1.615566244517375338e+01
2.808139769795866769e+00
8.808353505722131160e+00
1.122841626664343906e+01
4.958467549393790641e+00
2.451595201839225524e+01
9.796419653884580470e+00
3.152370034177715219e+00
7.320502444242052320e+00
7.209210332487860917e+00
3.190498683958605142e+00
1.753764663021697601e+01
1.247418738139814032e+01
1.607600947751364862e+00
3.393109896217305987e+01
1.556789782538518985e+01
4.470191052720061897e+00
1.526820924130135815e+01
5.132760790400144657e+00
1.325927088020476852e+01
1.083698820045568390e+01
5.082810815574480046e+01
5.088212467669194439e+01
1.720294336965283222e+01
6.282203558136830956e+00
5.906244585972756589e+00
1.170420265254016279e+01
8.865728761994006391e+00
2.619057048775916385e+00
3.763491919341352521e+00
6.791800882094260317e+01
1.969558939059159286e+01
7.478728043625768152e+00
5.371598291616860976e+00
1.469931204257938440e+01
1.666226540843237203e+01
6.426601399026830919e+00
2.635058482351601938e+01
1.812503456807511526e+01
4.234392457405526500e+00
5.150497272288563799e+00
6.381663876110693856e+00
7.377786453448557324e+00
9.468725047825000019e+00
5.713755540864234916e+01
6.131614041147676275e+00
3.068971956198653928e+01
5.909538739144193364e+00
8.391783291128488642e+00
2.941995342591184226e+01
6.040640857214366832e+00
1.660638430302648771e+01
2.578843299018801005e+01
5.458327665952791286e+00
5.904138936408654281e+00
3.966804799789446889e+01
9.328676925405497755e+00
9.905341285306658961e+01
3.712143760382311086e+00
2.512924497150322267e+01
1.179316911020424818e+01
6.692439442165873054e+00
6.385305229839319807e+00
2.848651131843023165e+01
6.003091528054661730e+00
1.278079073991920822e+01
9.396501261315641784e+00
2.527012656352898645e+01
1.529040264529519000e+01
1.211389889126456687e+01
1.112317435553410050e+01
9.991448729120129713e+00
3.110684926351432011e+01
4.318003473904516554e+00
4.602089471932623965e+00
5.551908701721737671e+00
7.290300149452355605e+00
1.824227635621359767e+01
1.039919281390576700e+01
3.955225597364883328e+01
5.140440344813565154e+00
4.815180608623824909e+00
1.490265483177807404e+01
9.261282656590664075e+00
4.223892420612345155e+00
6.387692871919106175e+00
7.003460015765338831e+00
3.816374630184202310e+00
4.126930046869454749e+00
6.730364367662453162e+01
7.509547322508951517e+00
1.036839197008678859e+01
1.570555675393112161e+01
1.190554113070660236e+01
1.536359369221970006e+01
7.204801889546684990e+00
1.163507059372216368e+01
2.227120772549196204e+01
2.860639327562125800e+01
2.824782976634765674e+01
1.345751123422239743e+02
5.326276338996836834e+00
7.497686275355356145e+00
6.309505234611318514e+00
3.041627943808969903e+01
2.311472105750270245e+01
2.046371252674142838e+01
1.395053035225741489e+01
2.280441268462003634e+01
1.266655052452427554e+01
1.570439189845930983e+01
5.553414640485272891e+00
2.684961218160994179e+01
2.246999600771035688e+01
6.402106700247299997e+00
5.808374596409163537e+00
1.053111926376584506e+01
1.568758364647728953e+01
2.237208846329403045e+01
3.325954737844065257e+00
6.407602340231819404e+00
2.433909848210184634e+02
1.963501725816966470e+01
3.769832235164399492e+01
1.118744511107088968e+01
7.412090485046199717e+00
1.046579212816318716e+01
1.559881858614159356e+01
1.091437164531733295e+01
4.045832563300625573e+00
4.370033854660952244e+01
1.630577148138368671e+01
8.368649415560263094e+00
3.816091040120042521e+00
2.704061471745075096e+01
2.093710011860436637e+01
1.458593337397964085e+01
1.439630793531086539e+01
8.379301009595890193e+00
1.386168113838470894e+01
1.897040412645827701e+01
2.043355521445366563e+01
1.809552670794941776e+01
6.727353627872359354e+00
3.760587979170309847e+00
2.014867195463473593e+00
8.597191671152739190e+00
1.832095416511990393e+01
3.019250498287780005e+01
9.060416627591564520e+00
1.974676599320835990e+01
3.785117147931590598e+00
3.614912947365356644e+01
1.226418769763397876e+02
1.854357841664060658e+01
1.708513485413351063e+01
1.146017077829279351e+01
3.556417465381648491e+00
3.219416852721529221e+00
1.322206885296600198e+01
1.664128149699752868e+01
5.386205623527805741e+00
5.847048730256811488e+00
1.908200527283490544e+01
9.991454434216203495e+00
1.045380382236580985e+01
1.950121160477679894e+01
8.972757038364663984e+00
9.547031900330736676e+00
5.060743387307753416e+00
4.513010505897572955e+01
2.350671923106265737e+01
9.013868944461083998e+00
4.880672768830231156e+00
1.458067781573048194e+01
3.411272378927912463e+00
8.193546448384411818e+00
9.772605524718237291e+00
6.090575180856819593e+00
1.059882785657036308e+01
1.539841604177956036e+01
2.577193191500138525e+01
1.487012466290082546e+00
5.043457539580031579e+01
2.391407370055381065e+00
5.740186020537186629e+00
7.347575842806866930e+00
3.501066019221650727e+00
8.747352178168178227e+00
2.591901710297121042e+01
4.430476897480336795e+00
7.121470415617393357e+00
1.153691680198520686e+01
8.224623943596288456e+00
3.535443338562510007e+01
6.222244909475000085e+00
4.721666702118281655e+00
2.050490402849472815e+01
4.470370163906873984e+01
1.639066286275886242e+01
9.541906744392093742e+00
4.237199352138109276e+01
2.520415406686157311e+01
2.823860490752464258e+01
5.399352182771163911e+00
1.351761926309007578e+01
1.416608474718298005e+01
1.121489871410630990e+01
1.413684790005712344e+01
9.529575904367497685e+00
1.320858930576394030e+01
5.157560013409650423e+00
7.113968509744205804e+00
8.590639207083862416e+00
2.450106268871089554e+01
5.883025387731517064e+00
3.676773992404159230e+01
1.337008959440586153e+01
1.911525287001375695e+00
6.544552005422590746e+00
8.741111546780389929e+00
5.683535426852309058e+00
1.116325860056308805e+01
6.702112883071126070e+00
5.914315551546047267e+00
5.622953695827538567e+00
1.368032301386995364e+01
5.123227586738403616e+00
9.382556916999970298e+00
5.550145946864213364e+00
4.409974236509255796e+00
6.895171765731313851e-01
2.779754266618173375e+01
5.247752485558547342e+00
2.810163433444030190e+01
6.967410309291636850e+01
1.549820170153219934e+01
1.004984571307062424e+01
2.057971941552492723e+01
1.542861144547954098e+02
5.537421526517785964e+00
6.557955145373887262e+01
3.798928151851010426e+01
1.388249984880554067e+01
3.600038406985261474e+01
2.887821345892953673e+01
1.566253295560131953e+01
4.648240581612803624e+00
2.350531662371179209e+01
2.362875939985610430e+01
2.313030698427249021e+01
8.005787676630818694e+00
3.407656788293483618e+00
6.064171846957218115e+00
1.566726085276780189e+01
4.765923510183704082e+00
1.803393147953019593e+01
3.802668462814541073e+00
1.044097125053394670e+01
9.165167414958856895e+00
8.130041437502121937e+00
1.644428693597832236e+01
4.092647315929436758e+00
8.844044819348100717e+00
2.646690512834049436e+00
3.034337896102422505e+01
2.583086810933653510e+01
4.538974801455789532e+01
1.742911014764678157e+01
2.319768475069991709e+01
1.771102319202281095e+01
4.678036492560166515e+00
3.632297793629654592e+01
1.162302595311601294e+00
4.613274745547683864e+01
2.000212043954615826e+00
8.226024157527371372e+00
2.533191167605931327e+00
4.940528486277654174e+00
2.681117683247510897e+01
2.853807008648327681e+01
9.155017079246125178e+00
6.017791055103627329e+00
1.845065244493476753e+00
1.207522613041773596e+01
1.038184608119601116e+01
6.170601676495073740e+00
1.395889236078202345e+01
5.668756887032349034e+00
5.221144205954760587e+00
3.784508187640439392e+00
9.980340752375850499e+00
3.155280440110219242e+00
5.414125427325461537e+00
1.310773757349704454e+02
3.303996734191301954e+01
1.738002042366494138e+01
4.900300621435664539e+01
1.236198890610120671e+01
4.007216164706183292e+01
1.758724285834780332e+01
5.023800917448329351e+00
1.043160888065167846e+01
4.740012455487374865e+01
1.058108588531327854e+01
1.218045166880328267e+01
1.320175477645291195e+01
5.021329713817334550e+01
3.060058519799380150e+01
1.541817603386904700e+01
2.112689026490709665e+01
7.580366676015465544e+00
1.632961730499598474e+01
2.715923893267112987e+01
5.632719796165099879e+00
9.761053447440623643e+00
3.353243167647586453e+00
8.352468542761478432e+00
2.604182108738935142e+01
1.702043108766839907e+01
8.499975441331285353e+00
5.197276803088747954e+01
2.949032368233306300e+01
7.457206577683803239e+00
7.911551929176271258e+00
6.627832961923502353e+01
2.380009589428139094e+01
8.937008042069471969e+00
3.534889495898737977e+01
7.298693342020023067e+00
1.362681739773357315e+01
9.174258785870469168e+00
5.185046618502019200e+00
2.201595747116775748e+00
1.465754406214409888e+00
2.193764348604679171e+01
9.149763666990526900e+00
2.202440533503547471e+01
4.929806325146965484e+00
2.757668230291772993e+00
1.328620871243625245e+01
2.425891027965704883e+00
1.337007582495668245e+01
2.060786929950401714e+01
4.839796091620866214e+00
1.900657425459734817e+00
6.912450065410434163e+00
2.351970644660412191e+01
4.512493477180324675e+01
6.336903546857344693e+00
7.836037887222612852e+00
2.319652942438567322e+01
4.981410595594428337e+00
1.086207524622890297e+01
2.496112001810963044e+00
8.732112336071464753e+00
2.556166124379876692e+01
1.474623445740444438e+01
1.235950897208862642e+01
4.180221788736213639e+00
1.166872383679082192e+00
1.776851154734652027e+01
1.439380299639765681e+01
1.360332099778771386e+01
2.400103070719369214e+01
8.934182784019686352e+00
1.140892133344154757e+01
1.586055119286933035e+01
1.434106678767935783e+01
8.510373338396155063e+00
4.342098396828349749e+00
2.620017922813552147e+01
1.569162029964362937e+01
1.199685033909246279e+01
1.401902890038342342e+01
5.514909437599937014e+00
8.309122874462318009e+00
4.343685078807107658e+01
1.667322000580452368e+01
4.077753905096053444e+01
5.026176196102796645e+00
4.053686790819901908e+00
6.455315968004992300e+00
8.679018882330964857e+00
6.732405101398664726e+01
2.130461163706575434e+01
7.330119853907855365e+00
8.547216455065518304e+00
3.182087237796648260e+00
6.121828472959465195e+00
5.093761647267927017e+00
6.474218544490875082e+00
7.674850887127829147e+00
1.462419343670921634e+01
4.643437449702781805e+01
4.499788691762772075e+00
1.570570348598501376e+01
1.183960522315357800e+01
3.656005318898858825e+00
9.187140797571938577e+00
3.230648301005366374e+00
1.825239127089385249e+01
1.626346530162810922e+01
1.724112347445983673e+01
1.361691118759714136e+01
6.632765991212714596e+00
5.446245367001787407e+00
3.051840940583136152e+00
2.829492355698630668e+00
6.801659039137949492e+01
6.894646508066297308e+00
1.362599928696580776e+01
8.061557510755577027e+00
1.405237418887222489e+01
2.938172106678187845e+00
9.570553498786079416e+00
6.929684867308235852e+00
1.425912864039217887e+01
1.701051182125416261e+01
4.092340356318558747e+01
1.771778459779053794e+00
2.541701369583248660e+00
8.081294127647829839e+00
3.666348882691771838e+00
3.507614280981583121e+00
5.223611016042745803e+00
1.660247498423081680e+01
1.696729585253612171e+01
5.464704348595275718e+01
4.510605780911141949e+00
2.937967123217368304e+00
3.325561568512129185e+01
1.548465009265622783e+01
1.340868537950789552e+01
9.664455173477243477e+00
6.881807164644966335e+00
8.384733521971117653e+00
3.027393942382109238e+00
2.675669342240255766e+00
