2.372187912983740077e+01
1.120913116663622233e+01
3.647958076045952680e+01
2.609497632549082624e+01
1.389562636152532349e+01
2.167702429109616702e+01
1.236232601335142789e+01
7.881858956010657558e+00
9.017637281342009814e+00
1.314572274421901277e+01
1.147995105963143558e+01
1.696688617139872690e+02
7.288028106467614009e+01
7.239986164627699061e+00
1.125368961501103016e+01
9.705928618034041833e+00
2.194921697984480957e+01
1.356695001868420292e+01
2.952747900176888152e+01
1.345158492902388758e+01
7.380324831847305589e+00
9.810100731797739115e+00
1.048064177899174787e+01
2.051893655934356886e+01
3.447273474714911856e+01
1.693469885874636205e+01
5.043080412831182002e+01
2.382498756916405114e+01
1.690807314488620250e+01
3.440514843580250925e+01
1.628315123304642142e+01
2.865997198536595647e+01
2.730973074583657478e+01
1.578738213796251344e+01
1.082443055452553793e+01
3.131309552741151236e+01
1.931272731164917644e+01
6.960354527750967968e+00
1.104303749978036997e+01
3.111552332542375154e+01
2.541173655614783300e+01
8.532270086773834805e+00
2.490162688576754846e+01
4.720590230747741423e+00
1.887965717020594880e+01
3.185642576151662908e+01
1.640029648614600433e+01
1.926590767376080038e+01
6.807580527744612198e+00
2.474748501837976278e+01
1.084397717161797914e+01
1.015629492231715680e+01
6.700641488126646550e+01
8.309533258209798490e+00
2.910221307689891734e+00
1.702577056750493867e+01
2.219407723947644584e+01
7.691969899302087299e+00
1.017108533056270225e+01
1.698261910581830492e+01
1.319360984219449904e+02
1.275923484396342289e+01
1.011234442916151721e+01
3.401940470466676203e+01
1.787082151273448005e+01
1.462689296960579455e+01
7.172228023117852125e+00
1.599584542031207945e+01
4.284556224698686577e+00
7.964998373649601504e+00
2.123544745424536373e+01
1.908132340467431831e+01
1.632119157458478398e+01
1.086829214334993310e+01
2.355109940526850210e+01
1.584171566386040553e+01
2.084251822992373704e+01
1.708587300031122425e+01
3.123043750289913234e+01
5.232277393739828852e+01
8.941530289479391769e+00
8.375971900223083466e+00
1.193514326471910181e+01
1.153724023219346506e+01
1.976815207949194075e+01
2.607396892171476921e+01
5.486574997604707349e+00
2.841135878435080997e+01
9.377837443404732909e+00
1.140989031245486984e+01
1.077097871228133918e+01
2.200659495056977377e+01
4.250641662542418686e+01
6.996266506502752947e+00
8.116801760028296542e+01
1.596658510065777214e+01
1.268580903817158934e+01
5.548240251268984125e+00
1.201647811675130129e+01
9.258985811004700750e+00
6.807243471396499324e+00
2.799712757800524088e+01
1.008968196188290989e+01
3.491090263836679242e+01
1.439741278898300081e+01
3.019350667715223935e+01
1.244085618417511441e+01
5.349333367246435245e+01
5.536125184419123713e+01
2.574583694665563272e+01
1.286718295783995281e+01
3.932969947702270019e+01
8.619374093247918722e+01
1.052563963598289831e+01
2.364117758126007729e+01
9.330419650262562925e+00
2.259635149402419430e+01
1.376332612820623069e+01
2.100022878084096689e+01
8.449443180417715027e+00
1.412112640369493555e+01
2.173787214508062959e+01
2.155729003998785132e+01
1.660953266090076141e+01
5.007398442112602766e+00
1.163750048824021377e+01
2.225841476583892131e+01
1.255529017626359511e+01
1.549583412367839230e+01
2.451399304218988107e+01
1.873902434748641710e+01
9.114690945830187019e+00
9.530731314365475271e+00
1.375652664419971316e+01
1.995211261017255566e+01
1.303085750264568254e+01
1.301376598125513162e+01
2.384770449162192918e+01
1.113417353998129578e+01
2.867930301427926665e+01
1.074499237140851804e+01
1.061547943569538788e+01
2.063651826718790261e+01
2.193623425741866484e+01
2.659872804634264298e+01
6.690738429173707758e+00
7.240482115644670813e+00
4.906981368612695604e+01
9.619885443108424639e+00
1.779907078825934263e+01
6.174396266274747092e+01
9.529195507687500566e+00
1.768521231543649819e+01
7.832961117130627038e+00
1.439402671762553076e+01
2.724239439919239913e+01
6.613723018231660866e+00
9.165261341412310969e+00
8.165558624988559444e+00
5.961134708973860086e+01
2.092519445618855300e+01
3.028353385255262253e+01
2.043029019436097826e+01
7.162762218100091616e+00
1.330817708164554425e+01
3.601636903519835897e+01
1.521479742255798051e+01
1.773047442352667247e+01
1.003765948902384331e+01
1.239230047871990514e+01
1.772819968747324637e+01
5.566406149714527629e+01
2.892490206708994194e+01
3.399300862723833205e+01
1.889790972987931283e+01
6.425717130027723556e+01
1.073593364769151925e+01
1.945506189102867012e+01
9.445442637703932220e+00
2.178997125952942682e+01
3.339774561371249284e+00
1.779459391915726130e+01
5.020776527659426591e+01
1.731355874846628495e+01
1.276688687108506848e+01
1.403666700259035593e+01
1.498427647169869203e+01
3.913065219636361292e+01
2.014464769269836353e+01
1.126480566583614085e+01
2.275020407695599189e+01
2.157559198974281500e+01
1.275064746470561161e+01
9.628315971235071657e+00
1.372036863315800659e+01
5.971471263013223840e+00
1.892681056116849447e+01
2.794766147518684107e+01
2.047340480618498759e+01
1.948770071804875315e+01
2.085980909152559803e+01
4.828459506471074469e+00
5.294576361988456270e+00
1.189426728124405130e+01
1.770457314028943685e+01
5.138571589073459478e+01
4.018349343568976195e+01
6.660081583306705966e+00
1.365176869154891115e+01
1.479396497302722580e+01
1.364924700625016740e+01
5.545357608156881923e+01
2.100519801029689404e+01
1.908850788476905791e+01
1.041504804601036227e+01
2.088529743566338936e+01
2.625399066726470565e+01
1.599430693497239631e+01
3.166770639462953696e+01
1.500836705279483496e+01
7.601663649850386228e+00
1.600590147842205724e+01
4.948886423990321504e+01
1.014685571345462378e+01
4.944645835471596307e+00
1.996211561105755194e+01
3.035696856814228894e+01
1.121596222054413339e+01
1.973873513610033470e+01
2.996503029705188226e+01
8.477534502767564817e+00
1.115404435549369033e+01
2.327395540504647897e+01
6.161455759466083038e+00
9.267222736674302297e+00
4.284958814291668006e+01
1.059903239218872528e+01
3.234597336451897576e+01
3.639030060776823916e+01
1.945771865277936286e+01
7.739285883266140864e+00
2.050783037554920796e+01
7.754163378112998828e+00
3.741956980698394375e+01
1.273538686131814579e+01
3.778911865263193448e+01
1.196877462106542467e+01
1.532873030888626964e+01
1.967264497306372562e+01
1.085840279889290727e+01
1.726664839478614510e+01
2.254100533574768406e+01
1.854033975479055840e+01
3.565913784083247151e+01
3.452185431764547019e+01
8.866440710621921184e+00
8.480191447154837192e+00
1.275286626724111017e+01
2.343113890080980966e+01
6.606227788065255346e+00
5.562008114662890357e+00
8.201361688832127683e+00
3.825136903501395125e+01
2.225582971412328703e+01
4.345551520710387905e+01
1.965093073209720131e+01
1.635103996675595539e+01
4.180424706861768414e+01
4.092387072142476256e+01
2.344403423926239682e+01
9.585368266630684531e+00
9.487658728506541905e+00
1.124391334497262029e+01
1.632936327232440732e+01
2.180462372536513982e+01
9.522327134286623362e+00
9.070259051884097090e+00
2.583045423322562684e+01
1.373854245074784686e+01
9.535008869479446147e+00
1.066756203164255190e+01
1.097631424702460023e+01
1.064943897430308262e+01
1.251195353673863409e+01
1.394820251488182983e+01
4.231370048307679355e+01
2.893241157802846786e+01
2.796600668465119810e+01
6.135245868126790292e+00
2.010786131685928169e+01
3.275095023353302537e+01
3.313284842491611926e+01
2.061619920779515169e+01
2.513656763251134052e+01
8.580486470820686051e+00
7.308400509847704285e+00
4.298817624055755715e+01
1.843757352113684789e+01
4.423737004009499429e+00
3.131649660626143472e+01
2.562478423889752932e+01
3.004337957825108418e+01
7.800260525689000701e+01
2.220647098273428810e+01
1.826700058275824645e+01
3.133871887916656718e+01
1.160454735960323802e+01
8.950682902765144888e+00
4.936182244230010241e+01
8.905289660413419739e+00
4.556913137577518924e+00
1.210590842243826515e+01
1.737363727822880222e+01
1.947127572507998394e+01
2.336123824595059872e+01
1.546276255300823799e+01
1.874737288732343998e+01
1.440399388730097030e+01
2.226883040966724892e+01
2.801279123477057809e+01
2.109357379042994296e+01
5.971352399801678423e+00
3.238106894609438768e+01
1.052537076311819320e+01
1.368710975680938979e+01
2.620376713187292594e+01
1.245237930632836232e+01
8.378963447694117050e+00
2.470818040695046491e+01
1.747277799365244988e+01
1.637154805810472524e+01
2.128751154465516393e+01
2.718993676950522342e+01
2.441383089949338014e+01
1.121918680315307881e+01
9.268518433334756779e+00
1.782782623914095765e+01
1.439993509525930371e+01
1.338491382209107528e+01
4.612898375078071922e+01
1.549878099252448038e+01
1.137839473775786026e+01
1.898033870344882601e+01
1.666935684754499647e+01
8.852437078276476967e+00
1.310509194523805121e+01
1.071776187842570849e+01
1.314549177570809135e+01
2.128873020576396158e+01
1.879443570579050871e+01
1.253110710897674451e+01
1.995845882412825745e+01
1.785967640704065573e+01
4.457489563005496080e+01
3.721660517737065987e+01
2.322716254580163664e+01
2.172249345059713477e+01
6.871390491541749412e+00
2.549678533167572780e+01
2.144113880891232782e+01
8.877363956963876035e+00
2.476186369231270135e+01
3.076395398214204846e+01
1.682404914491934633e+01
4.160729130426409483e+01
2.104102487710918012e+01
2.730438675101064661e+01
6.341291271173581379e+00
6.552838950638422943e+01
2.609887413325582628e+01
3.421254562744690020e+01
4.311369433727067246e+01
1.006811571199850164e+01
1.138891496250941771e+01
3.217777759651878000e+01
4.351970543076907205e+01
5.675390437038907976e+01
1.322354913309117208e+01
1.280734713892621457e+01
1.595003458838873200e+01
2.080507315889030195e+01
1.361897177762769928e+01
2.026070077150254747e+02
1.087346517081500075e+01
3.867183285301126716e+01
1.480210250262625138e+01
8.758920962508538466e+00
2.296572292740883370e+01
4.479884085474067490e+01
1.437884544190511704e+01
2.447549155010181821e+01
4.743546887269438628e+01
1.540174832530304627e+01
2.415908420830210090e+01
1.306581714685710338e+01
9.520579161968138138e+00
2.979879674767895992e+01
1.096218392678250098e+01
3.544556414507012931e+01
1.661217783677698279e+01
1.904544814721984025e+01
2.451321597084590564e+01
2.219017451847751943e+01
1.214731840095215354e+01
1.344507891261299726e+01
5.995001526556835714e+00
4.089133460201250614e+01
1.549616004981880124e+01
1.736335939543686990e+01
4.181987737680160677e+01
7.185940717677912204e+00
2.028628845881274145e+01
7.403270424098209013e+00
3.911146130856343461e+01
1.852504742263695192e+01
1.512603948250559327e+01
1.526443440311106770e+01
5.739755197696581490e+00
1.813245004255676207e+01
1.214303617601638052e+01
2.981269550953447833e+01
1.082993232411167206e+01
1.721072081750536498e+01
2.586532086985813095e+01
2.726607116374847095e+01
6.708305757404212422e+00
1.529027395054287197e+01
4.022987603935093404e+01
1.165177047552597855e+01
1.588559291005013918e+01
1.149225433465787916e+02
8.223325215405500543e+00
1.612289525318180594e+01
1.107312097350846436e+01
5.104799294838151980e+01
2.281382129087008437e+01
4.137671524664033740e+01
1.999747753992946642e+01
1.710871895631462891e+01
1.627209946259857887e+01
2.339463506588034392e+01
7.445567110676928557e+00
1.172712087573137651e+01
3.062183734574641392e+01
7.555443005370253928e+00
1.454924007996545399e+01
3.157000809309558065e+01
2.156344870396170421e+01
1.114417923586084314e+01
3.080302001709684134e+01
2.603425728619928137e+01
1.666411376110206888e+01
3.264953787442468069e+01
4.851858612090818923e+00
1.954037914798627895e+01
1.158626889699216811e+01
2.006860764878769032e+01
1.529052783446828556e+01
5.280442034822773856e+00
6.015455525486451016e+00
1.550376167288190032e+01
1.490253302372251198e+01
2.832516797638422190e+01
2.185022976931466587e+01
3.824731541548689506e+01
1.129955526521441733e+01
2.319350052004630669e+01
7.671738213745023849e+00
1.966782894488965994e+01
1.275437442016730749e+01
5.204148387387721897e+01
4.363691154362203406e+01
2.149347385295923729e+01
1.124557337367970433e+01
2.178644781391072982e+01
3.790632413206871831e+01
4.589798825235950375e+01
7.545040115733239183e+00
1.091209949292505499e+01
4.506573167043376316e+01
2.141288979578631668e+01
3.245022878657373155e+01
4.502179342356458136e+01
3.516177209016699123e+01
1.833206912767211350e+01
2.284669881502260580e+01
5.600934748794347229e+01
4.689379640933055704e+00
1.014070635298903156e+01
9.516308736768744225e+00
3.104798517550837644e+01
1.472385635082956234e+01
1.138530265411799469e+01
1.128485564215981185e+01
2.444187912992225620e+01
4.604185107123140597e+01
5.554416206377961629e+00
2.150977492747471231e+01
8.006409196080293000e+00
4.816417993884751780e+01
2.657924613036126615e+01
