2.370076532924932167e+01
7.964227535989619966e+00
1.453059300536879839e+01
2.097292838231723877e+01
8.374991093068549830e+00
3.451098937996467697e+01
1.382252532826802671e+01
7.583334778276593191e+00
1.033784834952390952e+01
2.113483396485454335e+01
1.341827126230547051e+01
4.135720028298180750e+00
1.431712426762952362e+01
1.267513889121894266e+01
1.110219951854266363e+01
7.055396687977550485e+00
1.089216984967405999e+01
1.068090234795675109e+01
8.309377781776442262e+00
1.593320455890502529e+01
3.351857718662977703e+01
8.851185059556983958e+01
7.248289039871334438e+00
3.548527106268395670e+01
7.867036470146427973e+01
2.829476736757734301e+01
1.414481422443390279e+01
2.851859141654057339e+01
5.523741899547426115e+00
3.380725951339525892e+01
2.416166666641329641e+01
3.472838521730293593e+01
3.259690918265850001e+01
1.491802370833265634e+01
9.223801940991840809e+00
7.298725804502709025e+00
3.508395617483590456e+01
6.033590883878041211e+00
2.141976361917731353e+01
1.379699523719005150e+01
2.608508197655083904e+01
2.188047806188748723e+00
1.468433672420251845e+01
2.989784958135428639e+01
7.443165727262382347e+00
1.979769012366946512e+01
1.521199359710875321e+01
1.388720328000459290e+02
1.078411835666907237e+01
3.054976296060807428e+01
2.914791768820466800e+01
2.611698242145403270e+01
1.247553616828618139e+01
2.325871466532675669e+01
8.319316206352205256e+00
1.951693694928291123e+01
9.225577810687266123e+00
1.008803019269326917e+01
2.046994554140930944e+01
4.629996625156884704e+00
4.914217600072036163e+01
8.365254760703225045e+00
1.144000726802401857e+01
2.993483688544323229e+01
3.020544909195899663e+01
3.032485314120718201e+01
1.512495785393682546e+01
7.586846343461749242e+00
2.555432626311086608e+01
5.482516670622644916e+00
2.308844070914979696e+01
2.787537293675068995e+01
2.585017017738105238e+01
1.112424660121142672e+01
7.980569111165074503e+01
6.263904855311789532e+00
3.460810072684117955e+01
1.240196338945758825e+01
1.003513538371025149e+01
6.316157911467622910e+01
1.814852540421414773e+01
1.101549814479608536e+01
1.880101134581077105e+01
7.606039301288443255e+01
1.031782272068720907e+01
1.949167533574435041e+01
3.927129355698485114e+01
1.535840070138708491e+01
1.172773496037755692e+01
3.641868777893647291e+01
1.649285612417757507e+00
1.807030999359972157e+01
7.817974937040442107e+00
1.433120596996800167e+01
6.033629628953526058e+00
1.091403202144955387e+01
4.620654602644798103e+01
2.414743029583087264e+01
1.239372178059216978e+01
1.746378438328092031e+01
8.970575326572831187e+00
1.859237155849422507e+01
3.140908661009945391e+01
6.433123572012549118e+01
1.714261458989537701e+01
1.562375018919092895e+01
2.726804604795339770e+01
1.078501633102154855e+01
1.922498828106368052e+01
7.207048689288218846e+00
2.237247361086338415e+01
2.032421400458435912e+01
2.497815840275929133e+01
1.968752997251884906e+01
4.829471044415427627e+01
2.281242497818130843e+01
9.531661721528353226e+00
2.058298773317159913e+01
1.319937845642703600e+01
1.335986728427105064e+01
3.004856888709744922e+01
1.050097500330137379e+01
1.817804167273913052e+01
5.771070345312162786e+00
6.485238311773225739e+00
1.537624001538490504e+01
1.485466407341348472e+01
9.182069041117504327e+00
2.089839056772569492e+01
2.751069812854575858e+01
1.017573946454731448e+01
1.233502884351909223e+01
8.561117905827458685e+00
1.311670888740232144e+01
1.480608619875105703e+01
9.614936886771012325e+00
3.038715682960605591e+01
2.845612935478959216e+01
1.002141830803923028e+01
9.831746175255320352e+00
1.241369744723767887e+01
3.030083427730757961e+01
1.267224891711841295e+01
5.544718722377018594e+01
1.749410001521014024e+01
3.849157613103233899e+01
7.782999793824175505e+00
1.878602816093525973e+01
2.817094914259406124e+01
7.641934526925597027e+01
1.259070533079724541e+01
7.018821384386374262e+00
5.982392605657970819e+00
7.411863802468000983e+01
1.012930832641960066e+01
2.666871785638035419e+01
2.680966683022256447e+01
1.393247720383233457e+01
4.565437709498054275e+00
2.264529809844912478e+01
2.805881698823563397e+01
2.761050606248028672e+01
5.240658006951750991e+01
2.718389394601447862e+01
1.129560776254722576e+01
5.067117131813942166e+01
1.824739080402749991e+01
5.477842797845770662e+00
7.111964682920502767e+00
8.451232902974020078e+00
3.287143432990121994e+01
9.808471678352267631e+00
1.600229448047014458e+01
4.707115826780953860e+00
1.051656797245010821e+01
6.183332498877503802e+00
2.556359274375953916e+01
3.952902389192203003e+01
1.236453890493397445e+01
1.708701451661376325e+01
5.071450830679379074e+00
3.796068523733921296e+01
1.347268033829863043e+01
2.464678167941617559e+01
1.065158899774506374e+01
4.532030263071620269e+00
2.329635837541473009e+01
5.004123722771890925e+01
1.132287435727250369e+01
3.461919905002866926e+01
1.719209052265566839e+01
1.367335057612814708e+01
9.213623353658389803e+00
3.446368746111045311e+01
3.888773781148212549e+01
1.359920263372598903e+01
6.154961597387797667e+01
1.956047214344068408e+01
3.372199746253991037e+01
3.640553976328886421e+01
1.952948679139106147e+01
3.219755214457351400e+01
1.943765683924027954e+01
2.232411505662222595e+01
7.971975785072109133e+00
7.799511288470103665e+00
2.078840144180278671e+01
1.699214758350411003e+01
2.629794052823359607e+01
3.228610578767032990e+01
3.473507658311874735e+01
7.220987838413994275e+00
2.117502517080720281e+01
1.359913731021226013e+01
1.682045090541663512e+01
2.065420948681438773e+01
1.023602792911487036e+01
3.280855624321639397e+01
2.128093642352389026e+01
1.429128647750392567e+01
1.747793362683903950e+01
1.241648194378799630e+01
2.417610355042048198e+01
2.615950874734200582e+01
2.239940857739563995e+01
2.425161015849105794e+01
1.731980281102829622e+01
9.542749724453322813e+00
6.744044704419398961e+00
2.537997552710186255e+01
6.586416410417292866e+01
3.114259671168549559e+01
6.002386023080219246e+01
1.533040249254026044e+01
2.480468140905770369e+01
3.974414708032156085e+01
3.012179424257193716e+01
1.500045686793532695e+01
1.968444481962342962e+01
6.610230734320582613e+00
1.897488875519756135e+01
1.762269679326950111e+01
1.168787666955322102e+01
1.574499578934421073e+01
1.426474906541144705e+01
3.758836935674766266e+01
3.111293178280457639e+01
3.326282500807953113e+01
2.095907975368152876e+01
1.163928732905865893e+01
9.709308136429681824e+00
2.580485999145793130e+01
1.728307610740714395e+01
2.911006717371082786e+01
1.000533834445795733e+01
1.031881044534092240e+01
3.204657647520746622e+01
1.818914099778643845e+01
1.803065048350363142e+01
1.686127815417457398e+01
4.419659401579336588e+01
1.071546559590019321e+01
1.584935158143091094e+01
1.109342529162779698e+02
1.568660051296459912e+01
1.905290922815764532e+01
1.760512109979963569e+01
8.864765231463684003e+00
6.854337902726294729e+00
7.122881742250014803e+00
1.189015541598877590e+01
4.173082945539317912e+00
1.645577421412338381e+01
1.855344280689721614e+01
2.634877786428339519e+01
1.614963950345097032e+01
1.271843644967812814e+01
2.318332581974657813e+01
2.405260402574219469e+01
4.809866844644176354e+01
2.899170554007946876e+01
1.069868475939864361e+01
1.041211223998073088e+01
5.622787348861458590e+00
1.565418253742324595e+01
1.166330084928030786e+01
2.261568503161741006e+01
2.077691341142958592e+01
2.084352624005083854e+01
7.076193536277451734e+00
1.034172571196235424e+01
5.318444411021064688e+00
1.018814746598223842e+01
2.589059452587732935e+01
1.858932610682918707e+01
2.762001954198712639e+00
8.308571764915827274e+00
1.963764748038150287e+01
5.022015926915518236e+01
9.678681067356260215e+00
4.588152795834357534e+00
1.707347442808141835e+01
4.686229996230617978e+00
9.270789764695852142e+00
2.123537136216779686e+01
1.564102981995447195e+01
3.404751290341513226e+01
1.470078568986655654e+01
2.015846394555541465e+01
1.633859535463718160e+01
1.453052037300476407e+01
4.831217945448624107e+01
4.923289128891186550e+01
2.830485472875151487e+01
3.013106684712507999e+01
8.838255586456389423e+00
7.095748454476360045e+00
1.133707098180635242e+01
4.380064222381520267e+01
1.504252162998382403e+01
4.377450804771043380e+01
2.052863300939848656e+01
8.033699827519365400e+00
8.810597592233676778e+01
8.483717339980836769e+00
9.894059949740301008e+00
3.231348972388177998e+01
4.598699402294124994e+00
4.147291434638793817e+01
1.383296812625864725e+01
1.565814263590138111e+01
5.082211087675232442e+00
2.036310433680838017e+01
3.953005537243539891e+01
1.109164379344687390e+01
4.925025620127908610e+01
1.406465547344698663e+01
2.683301220851705438e+01
2.727321438051085778e+01
1.811107697825161367e+01
1.989579171540189861e+01
1.048287541447104019e+02
1.773281524100162798e+01
1.889043635303335122e+01
1.797487109803521221e+01
2.195151087321593408e+01
2.010752874670942703e+01
1.452006113728845582e+00
2.888716053748003532e+01
1.569259074558310729e+01
4.040928853285720379e+00
2.751377908146526252e+01
1.592160933951735302e+01
1.928569770564405417e+01
7.678590600003834865e+00
1.899509895706663087e+01
2.955703935765219725e+01
1.499956245222185736e+01
3.810323749673194982e+00
3.056183466120110381e+01
1.366167982359534427e+01
2.987326225628186194e+01
1.755750206090875665e+01
1.476248937481448920e+01
6.690821321602481220e+00
1.008466288160703073e+01
1.120978082082498695e+01
3.020181165694215508e+01
2.029492407326603143e+01
9.477718779221055101e+00
9.092373053474855027e+00
5.598848620576264778e+01
1.299638070027394932e+01
1.586971163661593565e+01
2.444428970131689383e+01
1.495565750199866883e+01
3.489375495088055779e+00
1.965356795425809011e+01
1.033909564782282864e+01
8.962099920169961820e+00
1.144176366075211959e+01
2.618894456955594308e+01
1.811944704074616297e+01
1.687649436856339946e+01
7.685933038886530788e+00
7.081733974812507881e+00
2.731584146511167432e+01
4.923567560829593504e+01
1.502472262276741866e+01
3.518013030751538395e+01
1.132221717744341483e+01
2.965240236619160896e+01
5.478487506238371552e+00
1.734431141474334126e+01
5.908715232914934745e+01
8.046628398741894728e+01
2.463950309862277166e+01
2.350625810706808849e+01
3.112609108716064554e+01
2.417343665038742984e+01
1.062601145260073565e+01
6.018004283313860725e+00
2.752577601497090143e+01
2.191534193654563012e+01
2.392430807353534306e+01
1.666774234938842625e+01
1.843086804372112297e+01
3.442291486413670754e+01
2.652001100613134454e+01
6.763686964849143557e+00
1.440033375814909178e+01
1.530649166776189318e+01
1.528827679042577614e+01
6.461451622806281136e+01
3.082837204130883890e+01
3.273551710632209932e+01
2.964699648287583500e+01
5.954079236850064127e+00
1.040165933893467098e+01
5.178799759669927560e+00
1.806022953061715697e+01
1.727462970485354887e+01
1.068179001736717915e+01
5.120032791067558264e+00
1.941512445844777091e+01
6.025141214511268828e+00
1.214923464358918181e+01
8.495742100918675987e+00
1.689548332363294492e+01
1.435583968125675902e+01
5.179242550663794020e+01
7.883843253328422840e+00
1.062530518271779378e+01
7.873091158400713141e+01
1.010702296048394722e+01
1.262908158404567516e+01
3.142432195117328675e+01
1.006340748282919328e+01
9.861899898149054877e+00
3.584944338207088066e+01
1.249668953809354299e+01
8.520121261809363133e+00
1.370295379969468463e+01
6.078572441427067652e+00
5.205885471974003309e+00
1.559588476517632749e+01
2.213473204310490772e+01
2.238423587667147885e+01
5.719532341324023328e+00
1.951281597911451371e+01
1.520048990834378060e+02
4.424265251057939707e+01
9.710542875807103513e+00
3.040310331166201152e+01
1.690891440791967426e+01
2.240511423046649142e+01
7.037281860395591337e+00
1.072965490353867501e+01
1.594886819160261915e+01
1.402970020928441919e+01
3.413048678786799428e+01
1.148678243192764903e+01
1.151191399025997519e+01
1.987755959787234872e+01
1.944614210559380751e+01
1.709620676492560776e+01
2.105494312626950304e+01
4.764950903884051847e+00
9.839231578613441442e+00
2.007637722437676686e+01
1.807462857225959496e+01
2.013068096700266452e+01
9.112189907412437506e+00
8.072360822299802408e+01
6.431438475845766334e+00
2.751566351648030917e+01
4.023403389899428362e+01
1.195964629881830277e+01
2.173795548369117370e+01
1.122481725959121235e+01
2.675470630737713407e+01
5.773768797744666337e+00
1.665888892761704554e+01
1.729169190130365052e+01
1.231520333008388235e+01
2.881331292334352057e+01
1.842842187167256540e+01
1.373523489145798671e+01
3.051380990460206988e+01
9.056304032514100300e+01
1.524347758882375636e+01
1.892370091330259640e+01
5.335117847185983919e+01
1.635919678504182784e+01
1.851272771017190166e+01
1.704571299713057897e+01
8.368563981414833819e+00
9.129096008236334825e+00
1.715535904205671969e+01
9.902312925081982797e+00
1.002457649726403588e+01
