2.432996671914168374e+01
2.005993163906279975e+01
2.417700174981191026e+02
2.693411767025137138e+01
6.385951918290766471e+00
1.790631855575977127e+01
8.090194476641707766e+00
1.067118334205559549e+01
1.098358979341102959e+01
4.460123202270637854e+00
3.206548814309093220e+00
6.179575981878696922e+01
1.909618445018837107e+01
3.202281126224008290e+01
3.550295814749732415e+01
1.959191012361762319e+01
2.949930888593957690e+01
1.894587226876069863e+01
2.541905161656757173e+01
7.269453310393795498e+00
1.270836865749144806e+01
1.399633246672025564e+02
1.803969588438560478e+01
1.275813411754585225e+01
1.173008321516229913e+01
4.868487002051291057e+01
1.263772304224894860e+01
4.904161421859866365e+00
3.594771847402380160e+01
2.413816325601850110e+01
3.731517761612295914e+01
1.062466103894701774e+02
1.909588225575827991e+01
1.376890251013933231e+01
2.118283409453878008e+01
5.177279614370939420e+00
1.265179047272772195e+01
2.356183547817461488e+01
4.836840933442692503e+00
1.040837404547357892e+01
9.017432139737007191e+00
2.912257803599214601e+00
7.143787089847001504e+00
2.905303636226669539e+01
8.098215913701729107e+00
2.305725164371384750e+01
1.549235700864071141e+01
1.686645455131975169e+01
2.044900068204592003e+01
1.457741539109579598e+01
1.673964710870107808e+01
3.559106530374469912e+01
2.616659374628513035e+01
4.402425038242193978e+01
2.757058242753590349e+01
3.994356021385163302e+01
1.453047731797794206e+01
1.765150415505224757e+01
1.477650447571206627e+01
8.389070180052964787e+00
2.769478591402493706e+01
9.243274114164320210e+00
1.402255997246623309e+01
2.098842996886125434e+01
2.253868591913236941e+01
1.060891051860407153e+01
2.266216610366698347e+01
3.222569205646251334e+01
5.830360542074791042e+00
2.325658515097729762e+01
2.056259785056316503e+01
1.680776284771565798e+01
2.159101957224471491e+01
9.978227257434667763e+00
4.939384578370400902e+00
6.371946331434827471e+00
2.281275343432554692e+01
2.337039115942203793e+01
3.906677345380376210e+01
1.508551379262756065e+01
2.126201205904098401e+01
5.174578762631452378e+01
1.118206713177601941e+01
4.571174490253362421e+00
2.837796915386232754e+01
4.135506366751226182e+01
7.254785634761627300e+00
1.884368502065874296e+01
9.690924912476868158e+00
7.150466766159695453e+00
5.761973042161899627e+01
6.813615953022123861e+00
2.032477354520620239e+01
1.400543926198803035e+01
9.355238946911015319e+00
1.895004357833982311e+01
3.478309761536789324e+01
1.355259423994025347e+01
1.873532960249123036e+01
2.377502599295977959e+01
5.000812305852750050e+00
1.310473545600789613e+01
3.009888616398330896e+01
9.947270901221170192e+00
8.714311668415401613e+00
3.722106061567256319e+01
1.134546126199676941e+01
3.807387214903901906e+01
8.882159451649803472e+00
2.766271821902652661e+01
2.343534459425808691e+01
1.446748810441980737e+01
1.429910889831112897e+01
1.339852780985372860e+01
3.353120694533526347e+01
1.115235908201871773e+01
4.051581414169331907e+01
2.918508715906772366e+01
1.236321155500186464e+01
2.492138257340380747e+01
1.515473604501876359e+01
1.794284994993916627e+01
8.910158794623511014e+00
1.427405826465632401e+02
1.572737767506479400e+01
2.318914657318062211e+01
7.481226370377172863e+00
1.942380772677135070e+01
2.681198384537544399e+01
1.004147947572052679e+01
3.421603022246694792e+01
1.069189502338968190e+01
2.928817057398748602e+01
2.553947795940898757e+01
5.564483192767600883e+01
1.855785232935909690e+01
1.229253607208314669e+01
2.557331233362826239e+01
3.204094940459967233e+01
2.179875538668789048e+01
1.770666711327139353e+01
3.509440180722416613e+01
1.177068030514619146e+01
3.590006002374754246e+01
1.100482039878681562e+01
3.723826105703480494e+01
2.404935664931831951e+01
5.853715296661813738e+01
2.920069625180786943e+01
1.454220871088216782e+01
6.383612979147898869e+01
1.266041678856158370e+01
3.395180156037578456e+01
5.134844779406928517e+00
3.798896606700627387e+01
2.946529133648358467e+01
7.467376735090283546e+00
1.346839268123614808e+01
2.444221453138200673e+01
5.621060514961371268e+00
1.207935423620067183e+01
1.682585422904921657e+01
7.870793233163634994e+00
2.142717196969879367e+01
1.369864537378900948e+01
7.893550540532095816e+00
2.361996794840252534e+01
3.133309685254233301e+01
3.104733997816694568e+01
1.714256959672331959e+01
1.027488354202038678e+01
1.011271748123694181e+01
1.072287932627262563e+01
1.143135645265788192e+01
4.737261443738046296e+01
5.115725559704690895e+00
1.855162677982133346e+01
2.448946313461689783e+01
1.748021637546398921e+01
7.140900659973153708e+00
1.589173348291268262e+01
4.619164582861968427e+01
2.336186658125555482e+01
2.651800776506819801e+01
3.999294418898851688e+01
4.374186716102067862e+01
1.064979235947851244e+01
7.484838904035184370e+00
9.253366986552299167e+00
1.841563454502555430e+02
1.253562529493996180e+01
4.996964212486819434e+01
2.101309073895370361e+01
7.859794429084842271e+00
1.089399309775409641e+01
3.483543529289349294e+01
1.841219203538125981e+01
1.139129671352893602e+01
1.510928210067224775e+01
1.071594414904398640e+01
1.367450973022166494e+01
8.611005915019743995e+00
3.414932863586620471e+01
9.120514344522321437e+01
4.976123987525918579e+01
3.569516858736070475e+01
6.550101599194605662e+00
3.449856729963507718e+01
3.432472218788409890e+01
1.294382806916492790e+01
3.593611680242940309e+01
1.344442690337172941e+01
7.903046846851347951e+00
1.641219203370721758e+01
1.544027648999211699e+01
2.062171539830514533e+01
1.919488768504989196e+01
2.396529035567199273e+01
1.240642001923879079e+01
4.474719187257834108e+01
1.191542681637179335e+01
1.289750474281324699e+01
1.797571522925080956e+01
1.717481177040492923e+01
3.079079494368248504e+01
1.927845094382891844e+01
2.029061092460470661e+01
7.634760164115817815e+00
7.727165284760474151e+00
8.034654195202845628e+00
1.225733353277352577e+01
1.322776560345293007e+01
1.318870804206932590e+01
5.002206147598069208e+01
1.214654997558550420e+01
2.687740582353296759e+01
6.015482637772612051e+00
4.271620543329110120e+01
9.531428650287381288e+00
2.154586056706803987e+01
1.431078075263117455e+01
8.096431377494095472e+00
6.039010093040127458e+01
2.019598540952632248e+01
1.531283971232748442e+01
1.373840187813888036e+01
1.881499945517357730e+01
1.469908551062885849e+01
3.065271116733160994e+01
2.005646780093861636e+01
4.738334418837747641e+00
5.577401377175345942e+01
6.039109657361591132e+01
1.543543267875486080e+01
5.313045481430914663e+01
4.505583706157676716e+01
8.971733900040170795e+00
6.552503107432718465e+00
1.653228217608655370e+01
4.931854652349813684e+00
1.347000061465814191e+01
2.871237799073758268e+01
2.475811373303594465e+01
3.253154811916070344e+01
2.210353269300783552e+01
5.151099384507819678e+00
2.575007682565255251e+01
2.465246275992696212e+01
6.079423072079225498e+00
1.777532837421433243e+01
3.092793973482329761e+01
9.809836597407869618e+00
1.300228531266330556e+01
1.015002499420638316e+01
2.174378318168755442e+01
1.791741538653186083e+01
1.127532812154165320e+01
1.710893060914297337e+01
1.171145381808125130e+01
2.937221317455091807e+01
5.178412375172527504e+01
1.481343614611015802e+01
2.231014197281001543e+01
1.502301294528409592e+01
4.365026871663251029e+01
1.092647161520509087e+02
1.433101066484504571e+01
1.373012687533467080e+01
1.859828230410601790e+01
1.670903719500049434e+01
1.009587814884024759e+01
1.300091019245532742e+01
2.264860056630380925e+01
1.246407988243170806e+01
6.991747755153442156e+00
3.775320089375256316e+01
4.223028758176077702e+01
2.527887626472336891e+01
1.132838654118282129e+01
1.667380628063242298e+01
1.973027896591827357e+01
2.376906643394397989e+01
2.786116159507798429e+01
1.945878848102427483e+01
1.928695618302428016e+01
5.902138930730158606e+00
9.469293541202526754e+00
1.252973096982143808e+01
5.169602084730706792e+01
2.287596049060968539e+01
8.125266281258458889e+01
1.635132549680519531e+01
1.802678336705975681e+01
2.230759952807193258e+01
1.998486915556342325e+01
1.267760759460334086e+01
3.029860507223325428e+01
4.894329630156575206e+01
6.623527927231538115e+01
2.810582801076364845e+01
2.024767612763276503e+01
4.685298313124306446e+01
1.343197826829735853e+01
9.131505319498689488e+00
7.117937319286417264e+00
1.434237480842633516e+01
6.930545581902544328e+00
1.473961131685271653e+01
6.536893508269625386e+01
2.104488566787702908e+01
1.942126432359050980e+01
1.299976951466432773e+01
6.908521567400088159e+00
1.292674944724901742e+01
1.595543652260895406e+01
1.579249727306560480e+01
6.312283977270885060e+01
2.425227862511889754e+01
5.423769145824604720e+01
1.694890759448066930e+01
2.465582222598272111e+01
1.727577594233813585e+01
2.552481379857782073e+01
7.238311729819204565e+00
5.195349969911200461e+00
6.269967611451328793e+01
1.352805724587145342e+01
5.041835124189424988e+01
1.682664022417987937e+01
1.523051077885349613e+01
2.616653944952174626e+01
2.996904141251767228e+01
9.743399883871692424e+00
9.188332090546852626e+00
7.063849867141182415e+01
5.830265786143598028e+00
1.714733188588308010e+01
2.720896277545143249e+01
4.697273575145477942e+00
3.053976026973869651e+01
1.766761536899469931e+01
6.381691528752258336e+01
2.235304728151242415e+01
7.416534181579619300e+00
2.535600715764861945e+01
9.926663858085674974e+00
8.538603076721214435e+00
2.320936190753119988e+01
6.489710933951043259e+00
1.771547349921718961e+01
1.167012690282374088e+01
2.896370903856368884e+01
2.770692272126661138e+01
2.206821512522433792e+01
1.560496170955054573e+01
1.710455062209179289e+01
1.044984121347907546e+01
3.065970640677370795e+01
1.544293658368416366e+01
3.427416845851343652e+01
1.770932299988272618e+01
1.674634633509456449e+01
1.473062719423023914e+01
6.911430141878742717e+00
5.500845861205630349e+00
2.741013911093449096e+01
1.087820807626603781e+01
7.835413163409804760e+00
3.672610097241636851e+01
4.353140260539733575e+00
3.374279137330315592e+01
1.183602890948879249e+01
2.400889321193076142e+01
1.308680512832373211e+01
1.012469732195197558e+01
1.747728364493000797e+01
2.459049290556662726e+01
3.328462564605176510e+01
8.004374289763639183e+00
9.628011322128120497e+00
2.066018970294637569e+01
2.214603456356428879e+01
8.142369700934430909e+00
5.250237219251111753e+00
1.161153181512425370e+01
1.306208583901130815e+01
7.003803145059285384e+01
2.682905358612539715e+01
2.607764936465818550e+01
9.344867008321859458e+00
1.254482208883256966e+01
1.759064497988176967e+01
4.953877803288325765e+01
2.585645641739823475e+01
1.067270263272971498e+01
1.634013189121776222e+01
5.346970603310020920e+01
5.427186716408522216e+01
1.743935522081903500e+01
1.758470562847605834e+01
2.561007876283762741e+01
1.551602592746022502e+01
1.240220542381702273e+01
2.931900000248053928e+01
1.089608281373090115e+01
4.893162572009189581e+00
8.302612743646585969e+00
4.075883880096124301e+01
9.996615286164782788e+00
1.635675554566849499e+01
7.978355061126316627e+01
1.921031671562764487e+01
1.212696392347059948e+01
2.703169556964078168e+01
1.305377086653847307e+01
1.923825472175754214e+01
6.059595151547870984e+00
1.510200243109371421e+01
1.767222498524785834e+01
2.600032233995253605e+01
1.533724203068455338e+01
6.643419841648629642e+00
1.129492636786061510e+01
2.268612486141154960e+01
3.748332876372969480e+01
3.456376693621059104e+01
2.061721896523534525e+01
1.153193230346396625e+01
2.674837918795170211e+01
2.753240919672008147e+01
1.125542101109238224e+01
9.097888483900078427e+00
3.141727745011239037e+01
2.803484891557984859e+00
9.745406573135218409e+00
3.361882716700637275e+01
3.337741838421007401e+01
8.550960799922952660e+00
6.422969128254980120e+00
6.792795985321053820e+01
2.305444290056103540e+01
5.698728072031114777e+01
2.844426978069164491e+01
1.121941504025700986e+01
6.925568410321307056e+01
2.926153201542827631e+01
1.438700682845781387e+01
1.198752576981645745e+01
3.408390455853403722e+01
1.405949003722796498e+01
1.310861846779142681e+01
1.696956486236068997e+02
6.208993074208417795e+01
3.860296195309234513e+00
2.327127873581310524e+01
1.499701427316622393e+01
7.735742010125232326e+00
1.771960860869646837e+01
8.480412988817779052e+00
7.621241703661445044e+00
1.886963600850889833e+01
2.212829117732006878e+01
3.573114466799809463e+01
2.088109646258984498e+01
9.297514579673947566e+00
2.105477412817649352e+01
1.172727970878190362e+01
1.754769714790914392e+01
2.375923252459210744e+01
2.171481542063590808e+01
5.479961187102065878e+01
4.266467346872645727e+00
6.918584088486312567e+00
8.479891445344419409e+00
3.079637581703145344e+01
3.343785183053563514e+01
2.212870551108058237e+01
1.506386371997133722e+01
1.272928963488858400e+01
9.442909147269974213e+00
1.257232258583418982e+01
