4.128432172383184273e+00
1.602143835657277471e+00
7.279777046662575302e+00
1.680400445252925223e+01
6.022963641947074898e+00
3.884924712523469381e+00
1.301877412781104404e+01
2.916018649688986741e+01
1.884770019899637461e+01
1.505266342632799903e+00
1.019907830704207186e+01
3.093114398066789672e+00
6.999164780098242389e+00
5.469726824721279712e+01
1.596875780628447039e+01
1.459411285421502003e+00
1.020380256774173056e+01
6.820665945585449919e+00
8.013808082571509317e+01
7.473559314176331903e+00
5.258079389934323444e+00
1.322391905169107673e+01
1.849128372747099958e+00
1.146303870872843333e+01
9.762901816234472729e-01
4.668362874306856369e+00
1.115188598701398526e+01
9.235459423110810917e+00
6.249891805642801756e+01
3.715245575402795764e-01
1.872375367992893658e+01
5.054078034951476894e+00
1.857485183061403333e+01
2.741792863802845481e+00
4.200614782451795648e+00
7.658927364399260362e+00
2.685005525731807197e+01
2.406914950404609677e+00
5.070873364168004827e+00
9.576926163157802208e+00
1.650048442616937061e+00
4.068753584178150362e+00
1.344616248799617608e+01
1.885618449626788262e+01
5.939053359983287095e+00
6.333557739176693957e+01
1.073627299574978906e+02
1.580055523681182272e+01
2.176280021810017828e+01
1.000317425511778602e+00
1.561336798676614421e+02
1.665698360786338839e+01
7.720251604172761972e+01
1.600773131539671112e+01
1.117663831755551662e+01
6.691014474879274587e+00
1.743256969501731479e+00
2.257183472633183641e+00
1.143413082068708420e+01
1.582440264743627800e+01
2.364392190385848380e+01
4.245075220773463798e+01
2.586166310497259246e+01
1.709597141402333209e+00
3.738012823602356427e+00
1.543734553633520434e+01
3.699675807119862725e+01
1.405136620619491516e+00
5.946241920439332418e+00
2.194185004406579509e+01
1.959045833248494795e+00
3.752953100305325052e+01
5.867883174177705108e+00
4.214245692201147975e+00
4.672795277108633627e+00
3.307887690309483730e+01
4.214782493200896596e+01
1.432770475716223180e+00
1.667403700395834409e+00
4.859563325912812815e+00
5.432975224999379016e+00
1.227344287092370934e+01
4.397431538689669850e+00
4.371671805648064790e+00
5.621255782388887567e+00
6.312213780478104752e+01
4.377231654018408080e-01
1.704668640581313355e+01
2.889522753004478162e+01
3.209029047795041834e+00
1.546195976095538493e-01
2.805019986440906887e+00
9.119807764897604585e+00
6.431113880639146885e+01
1.737643349989108188e+00
1.522354710997242400e+00
4.274656416804658576e+00
5.299191136809176328e+01
1.108578318754336856e+01
9.677085010375341412e+00
4.868821009472656058e+00
3.763033563585478358e+00
5.701729807980710163e+00
7.677041532480266994e+00
8.509468540335865328e+01
3.461388179366674311e+00
5.038532381982689934e+00
1.396620757092062526e+01
4.421502190195190529e+00
1.723924050283390841e+01
2.253695977839664621e+01
2.032301367003368853e+01
6.972106777602085081e+00
6.815537582633375280e+00
5.844743774125535474e+00
3.074514320201240825e+00
1.877432089290920914e+01
3.844130669740891015e+00
2.748642050338554199e+01
2.354296230439573634e+01
3.419143391986958136e+01
4.764554345872374697e+00
6.468269107729472722e+00
1.654123197028998904e+00
5.604468442249959992e+00
1.611371188440635294e+01
1.084738633832042787e+01
1.651749462442873906e+01
3.944760605325951275e+01
7.151911346313519324e+00
1.435621641379207425e+01
1.086146062689347644e+02
1.619652662556371636e+00
1.094043867537583559e+01
4.590528263480058513e+01
2.712589127304536873e+01
1.842384157414866719e+00
9.473489762569094808e+00
3.028959308674028961e+00
6.982024690495723007e+01
1.695731866328494064e+01
5.679960227937806749e+00
1.566183714821668005e+01
5.648594012931387631e+00
3.495785053416179622e+00
2.519314850908004999e+00
1.740022615953571261e+01
1.513363043451178491e+01
7.987197416756220747e+00
5.529627181748076659e+00
4.762803905434467744e+00
3.802172264360557108e+01
2.720158954990451505e+01
2.587355599514856053e+00
1.036066313099915881e+01
8.246333970253948209e+00
2.571593459126074066e+00
5.052481200246307935e+01
1.301582418872470903e+01
2.046445947849163360e+01
4.043812789846764844e+00
9.257540838080331014e+00
1.390440882182298443e+00
3.372205097274382890e+00
7.914915562570924656e+00
1.520506952513913035e+01
7.085256597554476343e+01
1.996640248732951051e+01
2.846787008895773852e+00
1.723378888871525305e+01
2.364211012302679382e+00
1.289885919021576477e+01
1.000986499737265722e+00
1.619798750642156193e+01
5.615899352804020594e+01
7.272163398861750672e+00
1.577569465894437251e+00
1.124438134416357471e+01
1.677725085682012462e+01
2.630714395903612335e+00
1.454478217895130854e+01
1.194510844873759581e+01
2.964241409319165044e+01
5.619023918519688188e+00
3.131056602259854049e+00
4.649898745932427246e+00
8.160189543450826477e+00
1.056268082058191915e+01
1.992252850905342854e+01
1.868954259215090019e+01
4.894000570344299916e+00
3.761380659104220037e+00
2.857387062284642454e+01
3.642690886019887664e+00
1.959985362905332984e+00
1.968423063055526256e+01
5.795425793209069809e+00
5.165391310933431512e+00
2.670302713903515368e+00
2.184175404664179254e+00
1.690804655571313875e+00
4.069853973072464726e+01
4.683260794656478154e+00
1.867965980478188071e+00
4.002268211395969111e+00
1.486776769031312639e+01
6.116601316448726777e+01
6.022919171521717852e-01
3.441292266197658822e+00
1.408923144233749980e+01
2.870616191727534172e+01
6.740511911631898556e+00
2.115701191322105501e+01
2.170376022203137012e+01
1.330123235084855438e+01
1.099248697370924788e+00
5.290165676750557822e+00
2.392760097268904484e+00
7.921881181866473831e+00
1.205772594212306359e+01
6.592695280884578679e+00
1.359240608418502561e+01
7.000008075724404311e-01
1.729314066824984764e+01
4.229987595633849295e+00
1.139257093002986565e+01
4.285905619913672915e+00
4.823502691953928334e+00
4.158197258679882324e+00
1.244932287335255694e+01
6.885438070008775391e+00
4.839073388493946304e+00
2.105220248262511973e+00
9.483864954600399244e+00
2.805693145367232333e+01
2.581934314056924862e+01
5.816441862012179165e+00
6.651528698781972082e+01
8.800461372787351522e+00
4.285418757591544647e+01
3.115176459437314449e+01
9.209630684953104662e+00
3.919257912313090841e+00
2.002893876769185866e+01
1.813788235297892015e+00
1.252813909654294022e+01
1.035947411477039282e+01
7.052036398875870304e+00
2.206614603305643296e+00
2.197840609746776863e+01
5.356082316341840510e+00
8.696194962294594433e+00
2.489097213353841820e+00
8.816988181452924067e+00
1.449577592766870993e+01
1.376226729485741096e+01
3.415450588587296998e+00
1.740835648759939680e+00
3.722624337102398151e+00
2.796166197379961460e+01
8.575242742051274902e+00
3.140088714941577486e+00
6.523746909916629200e+00
1.712521534050723160e+00
1.692837507400438479e+00
6.756358334677185162e+00
8.310393167611675125e+00
3.098696450664651536e+01
1.310087626795309035e+01
5.281598129656197571e+00
1.560940875336539868e+01
2.158960814179688015e+01
3.923868649580447254e+01
1.942237918346837589e+01
1.122848518957665220e+01
2.070915751638243663e+01
7.258818441256451592e+00
4.008245430355461991e+00
6.323549202105422040e+00
1.749017811482798379e+01
2.450054960107850022e+01
5.397340310598734092e+00
5.053653328305825809e+00
1.624127086677936305e+01
2.369450639228316113e+00
2.867811364000850904e+00
1.133557366534201449e+01
3.174423941039081498e+01
2.770395723463399129e+00
1.675188816557055915e+01
8.160993012108370692e+00
3.548133095396489356e+00
2.272098576656790314e+01
1.000031094008853749e+01
1.363693166671106738e+01
1.650869057765828884e+01
4.497137471391917884e+00
6.361502820527279667e+00
2.127060660876194831e+00
1.713427319384326708e+01
1.025804924737860091e+01
8.779332479990815230e+00
1.922734023749795185e+01
3.919632801773845188e+01
9.517561946262949490e+00
6.244733594761608941e+00
1.251615890373072482e+01
1.732752190859428332e+00
6.718195685467590827e+00
1.113991653433408580e+01
4.065687396138503829e+00
1.029576392771868498e+01
2.441246346586457339e+00
2.784631105429641806e+01
3.178644041585398927e+00
5.417080071418935105e+00
9.692057716626386821e+00
3.357094954432971345e+00
5.025251688158552810e+01
6.012514732516587657e+01
9.193292140151028136e+00
1.891580886642716308e+01
4.547701521180884043e+01
6.574317991975577868e-01
2.426773507739074986e+01
1.659596642267811362e+01
3.097407945487518077e+01
2.166867659065346885e+01
2.062840029373645478e+01
1.514071723863567698e+01
2.798404205408631995e+01
2.677969244068223897e+00
2.053809693726804042e+01
7.699417924039991590e+00
9.288592945772002452e+01
7.019971233433210500e+00
3.559270364792168628e+00
2.917558917052565093e-01
5.927466582402443862e+01
9.916239524792970883e+00
1.001662661434517787e+01
2.064985857141573344e+00
1.403832973312989729e+01
1.321088150807711692e+01
4.042737964351319846e+01
1.297429036876452280e+01
1.037344520193683017e+01
6.761406235225375205e+00
1.260973766840956323e+01
5.305573191197181160e+01
1.739576197250682199e+01
1.831373948540951346e+01
2.649673362257061626e+00
1.171729549227825373e+01
1.956986631431014345e+01
9.101072080225096173e+00
1.767433638618856762e+01
1.407440073492291432e+01
5.343276737765270568e+00
3.741322156688159595e+00
2.621427644860480299e+01
1.659549604957315694e+01
3.339953417890291210e+00
2.246930205718352624e+01
3.977613987475336454e+00
9.743841868106816406e+00
8.590815702057103209e+00
2.612426699328105428e+01
3.457217325752845571e+00
6.571385630131396205e+00
9.523622825075504394e+00
7.181162055428835345e+00
3.374190369788211541e+01
1.517525120071586109e+01
8.392541743287947886e-01
3.173703525537814762e+00
2.136757436514068331e+01
3.894346193026636094e+00
2.588986763560958693e+01
1.148808958542412029e+01
1.995561873557084454e+01
8.366287450383758095e-01
1.457335720634539644e+00
2.382472295228768289e+01
1.575089578460935158e+01
1.169190664359278387e+01
5.135133225596406170e+00
1.549780164524429793e+01
4.942167212793682651e+00
1.220881929106019648e+01
3.815898831611850728e+00
9.580469765504542323e+00
1.885986337755068298e+00
6.282219017727027399e+00
1.981914124880027472e+01
3.410696139541914107e+01
3.835609953909314029e+00
6.368090517180042376e+00
6.294664586126057060e+00
1.487845775246051883e+00
1.156929713617686240e+01
2.748532379917531898e+01
1.265296213069842324e+01
1.503230013821214861e+01
2.624400667792982311e+00
1.025895674433970228e+01
8.029127640431935831e+00
6.237240783049612602e+00
2.261911128542258353e+01
1.847323078677253250e+01
4.761690087975527064e+00
7.170832248537273301e+00
6.535206926947028094e+00
3.896578511554742441e+00
8.475659487669326975e-01
9.319378702347426824e+00
5.640043578274244851e+00
3.553843540014644731e+01
1.821890666211207588e+01
5.837721844864243614e+00
1.219600087949357814e+01
3.657341390932800529e+00
3.635672034207670578e+01
1.236908166051442137e+01
2.388382849000181274e+00
7.228491312332097962e+00
4.169943963542738885e+00
2.230384006952083809e+01
1.000799901177984808e+01
6.981336049726185600e+00
6.784483271261096959e+00
8.097667423792797692e+00
7.519246459247806769e+00
1.093559950081663956e+01
9.532391615102980609e+00
2.984463059005515007e+01
4.729727550045987883e+00
4.197485818253330336e+00
3.142095485770452612e+00
7.003394135773273632e+00
1.068803984665247242e+01
8.102079918381209112e+00
3.962518117444418841e+00
7.358223636117759092e+00
8.299509308510394590e+00
2.990142273025209185e+00
1.080364117892660047e+01
9.371137635149104028e+00
3.059799212765139131e+01
1.151246145147016264e+01
1.289151411624542476e+01
7.077744776288383832e+00
1.889141160348389192e+01
3.997727272980858837e-01
6.545457410170031132e+00
1.833589894616935823e+01
1.107253975936990464e+01
1.584419857174174240e+01
3.729924470019205529e+01
2.796662954066734041e+00
2.320914115323155169e+00
4.888470972970840656e+00
2.469940211084839987e+01
1.103910098060573119e+01
5.073010896361451749e+00
1.100839236317422731e+01
1.561105008354067181e+00
2.778049256370743958e+00
3.829307839285875481e+00
1.065845787896471961e+02
1.346944177934098796e+01
8.803532228640397861e+00
1.930145976274024378e+01
3.199252042173516664e+00
1.266394516793708069e+00
1.891555731308191923e+01
1.555251269418782556e+00
1.263098530820100862e+01
7.058066048524904268e+00
8.905654874304179458e+00
1.356265966414299129e+01
6.459958411912803733e+00
5.240702321922850615e+01
1.700265462514582993e+01
1.416252523169915456e+00
6.080430452003708020e+00
9.541923407591690331e-01
3.081726274226183904e+01
6.343554469456417166e+01
1.235264622252397970e+00
3.721125665149605410e+00
1.423098775107715852e+01
1.960531324866093783e+01
6.162567781615729601e+00
3.022251096158497408e+00
7.347173914176124754e+00
1.086283039035912878e+01
6.294101706419799491e+00
1.977531213889609063e+01
6.142701965898283767e+00
1.444223101101275830e+01
