1.536540299562570944e+01
4.226023990795572161e+01
1.173996804236325708e+01
1.022465064953230574e+01
2.552225062233765129e+01
3.805276218227031393e+01
8.404532212182606088e+01
3.882026735979189880e+01
2.002221555362616101e+01
1.409681090529568159e+01
5.131150443178196952e+01
2.013633738070124934e+01
1.924111953022161359e+01
5.773801334125275275e+01
2.370347467656108265e+01
2.237102011958257108e+01
1.971298493915879746e+01
1.352450131541383627e+01
2.804694057267591134e+01
3.880781691896049779e+01
1.393569808898847562e+01
1.410490646412024596e+01
1.319133637760324973e+01
5.423843026559875113e+01
7.435316742012278723e+01
2.187499846350003452e+01
4.941600399932021048e+01
5.716077248135108135e+01
2.344194315131048967e+01
3.218564880512037263e+01
1.515911444417150200e+01
4.458457870566793702e+01
2.750100144405382707e+01
2.120594902025087691e+01
5.835940222341572081e+01
4.678715587809173826e+01
2.311855797372110644e+01
1.572633607929136268e+01
6.049357398316499257e+01
2.011468056863328968e+01
1.320188634339392486e+01
2.843806365128359204e+01
4.498055317261526653e+01
5.635810495329464231e+01
5.592669209432978761e+01
2.384415372553998225e+01
1.526734452831162159e+01
2.686933447256792107e+01
4.963290058756719247e+01
2.681786523407809142e+01
3.063643967491238485e+01
2.355797017673939564e+01
2.900715866224157224e+01
2.887113761157247538e+01
9.270129276921221617e+01
4.772446094276695305e+01
1.230999899250884155e+01
7.347138449674859828e+01
2.437292989476056704e+01
4.948972632689774542e+01
4.579940320405633969e+01
2.709490641541702516e+01
2.665369702911272398e+01
5.367573555671243213e+01
3.287368151444825060e+01
1.512821701253781725e+01
1.371637886132182516e+01
2.163505390744682799e+01
3.272657369361636626e+01
1.583728981310238204e+01
2.225416796992517021e+01
1.546215496890415011e+02
3.991237064093073172e+01
3.788079747783307738e+01
1.035744967184643173e+01
5.478439140245502159e+01
2.346102944923163847e+01
2.429051899557891758e+01
1.520979260356413754e+01
2.486714879937568412e+01
2.250858287860502926e+01
2.931340449799008141e+01
2.704445303551898050e+01
1.915705968977551521e+01
1.669821490819700216e+01
3.018956050616997899e+01
3.776580676366054945e+01
4.513885345286071527e+01
3.359511061172369750e+01
3.053916108312943933e+01
3.903237673613094216e+01
2.104218572862871639e+01
2.458864831962841180e+01
4.327442986442238038e+01
3.018789716294755721e+01
1.990564152253313424e+01
5.738254312824260950e+01
1.806048595233638210e+01
5.001191794402340918e+01
3.889244605057075432e+01
2.842922516524042464e+01
3.717935630222387999e+01
1.587397754297038688e+01
1.766228857351719483e+01
1.515161106192947571e+01
2.638363374499435565e+01
7.490215770118643945e+01
2.771913281576578925e+01
7.530192981584313827e+01
1.344658482468431870e+01
1.603066145489823313e+01
9.015948033323271105e+00
3.434978769781000096e+01
3.470288623072434575e+01
1.939984133128669797e+01
7.725050345510949512e+01
4.790548921773103075e+01
6.280465321003115520e+01
2.344209657583644812e+01
3.080947310586332577e+01
4.520404033215004347e+01
3.683957543700368120e+01
1.586618955865850999e+01
2.157136107750544340e+01
2.824771727106575980e+01
3.849220829659245169e+01
2.712148940942266151e+01
2.581000114706279547e+01
3.023174768048922800e+01
3.111365576894609219e+01
2.956193704619625962e+01
3.323709714766389567e+01
1.585308763565130086e+01
5.360810748311165952e+01
1.866089351615327985e+01
1.690755318988003708e+01
4.524883096781515235e+01
2.108274296435400785e+01
3.141485920956799305e+01
7.759894663857977548e+01
1.096014306807830394e+02
2.776833385776963681e+01
5.877419996104996613e+01
3.218599079097483440e+01
1.288268598594734549e+01
3.011966420244536025e+01
2.992920908975067817e+01
1.767548632188486124e+01
7.394552600489466165e+00
1.985647212647256765e+01
1.641896204613662036e+01
1.879098229543943788e+01
3.778939451471327970e+01
1.052127145353964366e+01
3.268516679695836302e+01
7.079757479100778994e+01
3.259229773071027125e+01
1.436063482892466148e+01
2.033973248176137716e+01
2.942809312410318867e+01
7.784345696905670131e+00
1.180342995238865278e+01
4.973979667026919316e+01
1.404128135213630912e+01
2.264625517918329223e+01
4.646394098067879241e+01
3.506489582158631180e+01
3.900062565156279248e+01
7.529343800875733450e+01
4.270899406981220636e+01
3.050279353997357745e+01
2.409269935418640785e+01
2.791355905694248207e+01
3.920369299589559375e+01
4.037157562225218754e+01
8.187591142218559526e+01
1.676649423912442671e+01
2.714482343172454293e+01
2.203882622448811546e+01
2.629631811731584889e+01
1.310910413083894532e+01
5.514460787581968759e+01
1.295274416167806031e+01
5.245454745677567843e+01
1.383494277267809380e+01
1.303929271137340606e+01
4.073402901939041953e+01
1.809250235458156553e+01
4.745488443208741813e+01
4.803340002873905945e+01
4.934517203363310500e+01
4.122684072937739330e+01
2.604860537227466821e+01
2.990301934703876086e+01
2.567788562388196993e+01
3.635748968891405042e+01
3.808852648864534984e+01
3.152872207252106662e+01
2.494226187619710799e+01
2.791044245846063632e+01
2.336002926911237054e+01
3.463094736337057356e+01
8.380992215487964359e+00
4.341022858164455300e+01
1.891137145799758912e+01
2.175607137255430956e+01
1.478800626734106238e+01
6.331967048993492142e+01
2.896160818866810160e+01
3.509788394233299869e+01
1.185088204387497335e+01
3.054195421138883404e+01
2.022187692322958696e+01
2.836787869633247183e+01
7.791800764297185822e+00
2.108871892256369662e+01
3.493889575633320277e+01
1.489665845488257467e+01
3.916735424165843682e+01
1.884232538426378767e+01
5.051913639416903834e+01
3.682308984317953815e+01
3.094828171332562761e+01
2.203582586879204541e+01
3.799252599882557035e+01
4.155135435724377402e+01
1.764615173093133649e+01
2.296007420600392379e+01
1.449180723054272413e+01
2.654066433234565991e+01
3.938163686451670031e+01
1.643178020337673928e+01
1.687111828307282835e+01
2.175632612019332868e+01
4.611021534704567415e+01
3.519647009896986845e+01
4.758070652203431194e+01
2.717546172503007895e+01
1.596903041647300547e+01
4.403473808215675689e+01
2.141765860849568526e+01
4.302115937936135737e+01
2.436518835807996552e+01
4.206851715117775115e+00
2.788426572951298610e+01
3.238013300704742647e+01
1.322929441431289810e+01
1.641213214412657351e+01
5.937877199994503741e+01
2.826834272787403890e+01
1.818455848546819809e+01
1.664828766887236711e+01
8.072738117149430792e+00
4.594390522089108231e+01
3.176192173786170869e+01
2.663033102086993864e+01
1.005238554871897172e+01
1.887652555715252944e+01
3.185656559869190829e+01
4.239912503174047487e+01
2.503892436927450049e+01
1.418280511771057562e+01
1.303785723279565545e+01
4.755003362943293155e+01
3.215796110604461688e+01
1.787719913261344828e+01
3.963494180087109697e+01
2.412717406205714710e+01
2.432895425291298608e+01
1.742461363715800360e+01
4.048135623882522793e+01
5.525093642565799001e+01
2.326464021530767923e+01
3.587098073395563347e+01
4.575566370710364339e+01
2.673491372249162623e+01
1.543026954366730763e+01
3.111008651265709446e+01
3.401997187674827927e+01
1.811751705161192305e+01
1.285637534840114249e+01
1.240799475630926096e+01
4.328452697128113158e+01
4.980857774193021470e+01
7.343311304905746795e+01
2.394083869538756915e+01
3.160265169005970520e+01
2.227869630917309252e+01
3.523709671562181711e+01
7.665170530682603101e+01
2.626329441363489892e+01
4.357050050139362440e+01
2.035607398785077393e+01
9.146222562891631469e+01
2.472857371850380659e+01
5.349553187260974596e+01
3.694927467543601551e+01
2.997219360347947159e+01
2.475292670619884206e+01
1.436071939384676099e+01
2.747174198548871971e+01
1.251662201779386585e+01
3.884625772318606352e+01
4.780350359013247896e+01
1.814893709947940081e+01
1.953287298411517980e+01
2.624253897510511280e+01
6.007091258950954682e+01
1.360832621126517772e+01
1.764290088538983170e+01
2.070143674921613552e+01
3.999566984723406904e+01
1.588766357791647721e+01
7.955039658592119167e+01
3.615926262030681926e+01
1.940937555824159233e+01
1.399128441043498938e+01
4.507385235782022193e+01
4.377512296543692116e+01
2.110494778472713051e+01
3.256281100930034711e+01
2.203159318927984955e+01
4.770023457389854116e+01
5.084777788102592666e+01
3.768050718017254042e+01
1.108857586264138817e+01
3.603292814030274371e+01
2.325751277094545699e+01
1.470215639559386389e+01
1.878871588830964257e+01
1.452722342521517440e+01
1.696362759507726636e+01
6.757637061557012714e+01
3.110101677191349268e+01
2.915485958309159287e+01
1.735982698023277848e+01
1.050934932857328477e+02
4.502295091967466334e+01
1.310046232350898876e+01
1.270272221537932644e+01
5.545035620478965654e+01
2.589844461196412340e+01
1.696054787836798639e+01
1.555068181456534226e+01
1.831723701248077774e+01
3.328745331048194345e+01
2.525620860923315902e+01
2.146431643745016871e+01
3.011426698000954261e+01
2.651157934349150480e+01
2.421687224799801541e+01
2.364751280391632804e+01
1.640943444043023192e+01
2.173345158578710468e+01
2.581681612293116146e+01
5.012947079149801510e+01
6.076438195319976643e+01
2.144134079171096019e+01
1.942987473802239151e+01
2.619122508550564987e+01
1.410507854711688580e+01
9.803098124635288002e+01
1.087343874047665437e+01
2.072816503532710541e+01
1.697569090878204889e+01
2.796510830880805898e+01
2.379248932310621001e+01
4.988779653785224610e+01
3.652488707689198577e+01
1.919255770798989857e+01
5.880245362102313322e+01
2.029987135403122167e+01
4.635134083003674021e+01
7.694884545377391305e+00
1.140757828390450257e+01
2.371388056981068360e+01
3.236318041838989501e+01
1.294954442774086445e+01
1.119624221074784565e+01
4.691741215067030879e+01
2.100196502774150531e+01
4.921730915546220331e+01
1.580476460658638516e+01
1.370141487597073571e+01
4.517528989136653905e+01
3.788149740726231585e+01
2.338607151301277653e+01
5.998097179195373485e+01
5.155051568591440514e+01
2.006645945671022346e+01
6.646878701107300458e+01
1.673789803923515151e+01
4.443224490910188962e+01
3.813354553508706601e+01
1.923397986849677821e+01
1.669880397449488996e+01
1.254752503343300987e+02
5.403429702405939139e+01
2.104725720680908552e+01
8.548473948945566292e+01
4.346299838890281109e+01
2.804879496966352903e+01
4.997064535291234932e+01
2.110113813547712880e+01
3.061786097560968045e+01
3.176641513977822484e+01
1.783564972203734555e+01
4.945741624534552727e+01
1.804927619948778528e+01
4.695198743181656198e+01
8.195742958750420826e+01
1.727644714829185091e+01
1.516317948786466552e+01
3.363740899106065285e+01
2.423163459300970146e+01
3.603679876797625070e+01
4.513344184278015092e+01
1.462612473733315355e+01
1.911484842483504210e+01
2.431268585238615998e+01
1.685812161638759932e+01
2.404610789287261241e+01
2.434874278005146664e+01
4.121219912006328912e+01
3.305232530716956063e+01
3.517285102331423019e+01
3.095471867254905618e+01
4.287326803669824926e+01
4.877287138124192012e+01
5.143465731755018311e+01
1.529260673906886758e+01
1.378919960895128760e+01
4.027153077524427260e+01
2.155010532895017406e+01
2.048795529942734106e+01
4.527472969487942578e+01
1.658167552615237028e+01
3.903775352478168514e+01
3.659639681372188136e+01
3.271115439199959951e+01
3.612032862270191913e+01
2.496148739842800524e+01
2.681148122283022062e+01
3.477850678175370547e+01
3.196884676731353281e+01
6.910654670463435423e+01
2.401004406564051763e+01
1.036063855858921379e+01
4.127576023616331469e+01
3.336452683314723089e+01
3.249583048684615250e+01
3.193664640486685968e+01
8.239345411451890300e+01
1.818196755814648569e+01
2.143715599385073034e+01
1.872910687534315244e+01
2.852777667163669051e+01
5.567341395211267496e+01
1.521976263088441961e+01
2.150559577408025191e+01
1.941619767010303832e+01
4.334431454437136466e+01
1.229963980631778320e+01
1.806547501752724827e+01
2.315112162908190641e+01
4.004156214960458726e+01
2.276574636770107318e+01
1.703782594999731614e+01
1.606335830012532284e+01
3.353725606308955776e+01
2.580547160652422534e+01
5.309400675325111507e+01
3.555767403427172724e+01
6.023847924610122817e+01
2.543057397037371814e+01
3.947573890847812805e+01
2.527138965027715045e+01
2.830799346725149590e+01
1.119732834798339205e+01
3.541411288956068404e+01
3.547933532602803552e+01
4.766607850361972964e+01
2.085116428918288634e+01
2.438035589782148094e+01
5.272445720617809428e+01
1.479015065503447879e+01
2.809697437613142768e+01
2.711522291956229225e+01
1.952605624880826340e+01
1.992586842307300543e+01
7.478767460439493675e+01
4.192780198330944330e+01
6.734061031415501475e+01
1.752799548180763267e+01
3.793183986826584686e+01
3.533428025604572298e+01
2.051957662539958349e+01
1.365367330460319018e+01
2.339263286157991217e+01
2.951740887429347282e+01
3.060446086041921276e+01
