1.301043868465082376e+01
1.662623105839950099e+01
2.856796059570604029e+01
4.958242771795909931e+01
9.087878204501636503e+01
3.213995676479318320e+01
1.813074976717775044e+01
1.459764389397836837e+01
9.044006494895157289e+00
7.430970814413051073e+00
3.317557624469672106e+01
2.949174272415996612e+01
3.140118655135105641e+01
2.147362844914314550e+01
7.140430949473825173e+00
2.770708932037745598e+01
8.882262831818557913e+00
1.477364678882146087e+01
4.921042446494665512e+01
2.404187872270120963e+01
3.074109484401624215e+01
7.116544292134446437e+01
1.547433800052740480e+02
3.924557358600731050e+01
2.064139928133571900e+01
1.810973025827529170e+01
4.184628058253281324e+01
1.239802329197185671e+01
3.852537516860674316e+01
3.971835104420648577e+01
2.949706085084142515e+01
3.492523499643662177e+01
1.728060255063251205e+01
2.664005982961545627e+01
5.219445004498450658e+01
3.422874378398398676e+01
2.115845524910476172e+01
5.026075127893034278e+01
2.220364621342327638e+01
6.525919270476131828e+01
2.473261860322719841e+01
1.303979146504049069e+01
3.256616103795621342e+01
2.013108420281765731e+01
1.740728092573048258e+01
1.750880547296696932e+01
2.107226311615177750e+01
4.155900302291074411e+01
6.263491894430801921e+01
2.177682809238419992e+01
1.395998167570134854e+02
2.992619453432869747e+01
3.429412313572598237e+01
2.491704762182522614e+01
4.610410725679464861e+01
8.491067812176241603e+01
3.180723704839648036e+01
1.475437079958189734e+01
3.008554680774281920e+01
2.548237304922671598e+01
2.476468218699691093e+01
8.183684684832728706e+00
2.245887337989431032e+01
6.821911890603978179e+01
5.478063814524520581e+01
1.363961738716410821e+01
3.266436908558771535e+01
8.798293913154422441e+00
1.137654717002140004e+01
4.923251427051510376e+01
2.100666135838908843e+01
9.303468811719460163e+00
4.279698614724717487e+01
1.710225837212689370e+01
1.679721957317972070e+01
1.619714900788694223e+01
7.334054357570079219e+01
1.536994873801189421e+01
5.237595206729530162e+01
4.397810361360522791e+01
1.073773830956629816e+01
1.753830902625655597e+01
3.031832606912747963e+01
2.188141765105511638e+01
1.103765837063153477e+01
8.888150805464254844e+00
3.207900312440478530e+01
1.444799218911687433e+01
4.830350839628759019e+01
2.793958133187459580e+01
3.413317068115592434e+01
1.996230100878857883e+01
2.837961754163345773e+01
1.499858966914753822e+01
3.740508712231923028e+01
1.883791425726522206e+01
5.646540971993078983e+01
6.336537349808115493e+01
3.280170548864253988e+01
1.308075699423632798e+01
7.356758324355998191e+00
5.316884859829892207e+01
5.942792171502150467e+01
1.430241736926480378e+01
1.066765252802011865e+01
2.330862125026479248e+01
1.392499958867245979e+01
1.660455570907179990e+01
9.926836956075549168e+00
7.583827753377038050e+01
3.181179207435712186e+01
3.724741905181608104e+01
1.679367987007450225e+01
1.364902996238512323e+01
1.619265328864417697e+01
1.860164027338845472e+01
4.304818606505246947e+01
1.400429173747675193e+01
1.881419497316614908e+01
1.079341032587323355e+02
2.567630534148116084e+01
1.890782481527094205e+01
2.225737857551144572e+01
2.461085188616055319e+01
2.127393039934897345e+01
3.344935886140991954e+01
2.939205381395126437e+01
1.404180211527135924e+01
2.809144877775334592e+01
6.076868377691589984e+01
9.825583209845683896e+00
1.782620879872376563e+01
2.294630341652888816e+01
1.414369164760946873e+01
1.641067602117987789e+01
2.268817114691727355e+01
1.888445255982543358e+01
7.863163781030072741e+00
3.420787181437122371e+01
2.069545323826119443e+01
2.003600597845344922e+01
1.362176582598589825e+01
9.828743860471556459e+00
5.646457506186812481e+01
1.838790481722116610e+01
5.997387938425687182e+00
2.737699242775613229e+01
1.891155178811906268e+01
4.308996229923716470e+01
2.395438488994172133e+01
1.336468077584723169e+01
1.071460174139088117e+01
4.823354423608410713e+01
2.535348250506695678e+01
9.216815291091219109e+00
4.761145743274492759e+01
1.388050471563045285e+01
1.842447609297645528e+01
9.092118785615470600e+00
5.616363921774009782e+01
1.515672311146340157e+01
2.625889849698819489e+01
3.792967282591720135e+01
4.145089628039444563e+01
5.900190705634385324e+01
5.156104853443018499e+01
1.900254986866895379e+01
4.943023238435469580e+01
7.916125859828089517e+01
1.237489998417897752e+01
9.565639265297124894e+01
4.280680485757215337e+01
3.874932274119795039e+01
7.970991233691070654e+00
1.380867551582905506e+01
1.587292615576801502e+01
2.185506400445568076e+01
1.976354381225554846e+01
1.968403402030847005e+01
1.512220606210105167e+01
1.663737223886710410e+02
3.131393130275360903e+01
4.505773303883320580e+01
2.911194550171371276e+01
2.307715771706945418e+01
2.441762876102521673e+01
2.858183785518389897e+01
2.891003263872015339e+01
3.649689746449595162e+01
1.763914445045599777e+01
2.843812260227866417e+01
1.250486158399927561e+01
1.894853649474510604e+01
2.972243803301862997e+01
2.991049639261764881e+01
4.315746990681066109e+01
5.726428698016141539e+01
2.268058645645372096e+01
5.627776700867454451e+01
1.639754429431084759e+01
7.545753011146164368e+00
1.298157456363452766e+01
1.464224883281072565e+01
2.454497252690299547e+01
1.521740363456391165e+01
1.601552358210605220e+01
5.553371346785020535e+01
3.816653424076435641e+01
2.603453380008525997e+01
9.735286187056614438e+01
1.716245015117841533e+01
7.729682258822688823e+01
2.832390581073799041e+01
1.042398526205578158e+01
3.633335799098108509e+01
6.946613111733155677e+01
3.985096280245078759e+01
1.569909159877475524e+01
1.252404030704405891e+01
1.241338856338987995e+01
2.773700306944574834e+01
9.738486893083934604e+01
1.383040456141551289e+01
4.731508959521516289e+01
8.864266035478891581e+01
8.499475571395316820e+01
1.561710453440128354e+01
8.458092459622761794e+00
1.241538949660821771e+02
4.204345988519933286e+01
2.495448939661289600e+01
4.875641517122018342e+01
5.518545574215469429e+01
1.800645094197900775e+01
3.138467886081160785e+01
2.370800627646708136e+01
3.544573172331107003e+01
3.097778321971157212e+01
1.657470349620557926e+01
4.298347211078198882e+01
2.594816373411615729e+01
9.244702368439178031e+00
1.332392134390164884e+01
4.734317495953817456e+01
1.566458005709957035e+01
1.680103001029129572e+01
1.721091238862426209e+01
1.374999546036582743e+01
2.328955702321879073e+01
2.125260065594195424e+01
4.514847425171408446e+01
1.813584959027650001e+01
9.423662292915141236e+00
2.952219520003813713e+01
1.180726291141362339e+02
1.284909637617021616e+01
2.147707521578346146e+01
2.364065812077344830e+01
2.518465813009759202e+01
6.570673348828393046e+01
2.980488203467903574e+01
9.034179890951795855e+00
7.421913505621758667e+00
1.860169888094088009e+01
5.692375685793608397e+01
2.053622048098430852e+01
4.971507411749237804e+01
1.388201797952368466e+01
1.569025615940262597e+01
2.449390102190658070e+01
2.187274950368885484e+01
2.736436709294816083e+01
1.474895215134549176e+01
1.816169410417096231e+01
2.105384189670279937e+01
3.189783854930681883e+01
2.007129615725348515e+01
6.074502078156368867e+01
9.644616256041228297e+00
1.413344658944863319e+01
8.850927867549513550e+00
2.071481321284349875e+01
2.147695725422470048e+01
2.476398366382246152e+01
6.305342031282005166e+01
1.022065929589793143e+02
3.202363268245209582e+01
2.543943931373748768e+01
5.109621426963889768e+00
9.459525857854774955e+00
6.732527792623558938e+00
2.225847999514988018e+01
3.320324731403413665e+01
4.759419922670999625e+01
1.620579533700362518e+01
2.168290379301609505e+01
3.028883753244514310e+01
1.910486640185866136e+01
2.438662519151493413e+01
2.808598903523978052e+01
1.041342499944488331e+01
9.604751239846887501e+00
3.002822816392533056e+01
3.371034378289762401e+01
4.729601519471111715e+01
2.398452690642113438e+01
5.407138938588241217e+01
4.452450000246554396e+01
1.526529166242935531e+01
4.322924574415547738e+01
8.240738138782239375e+00
8.727085868720761752e+00
3.228662793573810319e+01
2.153234298830875204e+01
1.199961904479742714e+01
7.717305306389767416e+00
6.087584898353352969e+01
5.945792319968015605e+00
1.195476282443782452e+02
4.284054823874273410e+01
5.491697358357607328e+01
4.822189125846180247e+01
2.612538603841975515e+01
1.070245072925168905e+01
2.880908420719050866e+01
1.160221372513711380e+01
2.721159691275147807e+01
4.963900563690822310e+01
2.698194878697122689e+01
6.131024116412197600e+01
2.223816121976985727e+01
3.294820653737343008e+01
2.540609505591010020e+01
4.887489638864801123e+01
6.234910107044790095e+01
3.082460945501807359e+01
2.156985888949307650e+01
2.143370319179061312e+01
1.041122319075952447e+02
1.991126537570118415e+01
1.505496559792029743e+01
9.210993759079997290e+00
6.237742272944773347e+00
2.904134045349634263e+01
1.288089997014679433e+01
9.384547254678683004e+00
3.065307193473987368e+01
9.021540492192064775e+00
3.801496526513307828e+01
4.379801156188113254e+01
1.443488822353400991e+01
1.206321470666205364e+01
4.581057001782004079e+01
4.916532440386070846e+01
2.923714066151909208e+01
4.122185671179811806e+01
2.075657329422349306e+01
2.414592870013180459e+01
1.121406047833848874e+01
2.746784828965802561e+01
3.036233394300949939e+01
1.779310593295067378e+01
1.562137347167257140e+01
7.593610281074489876e+00
1.160175565699460165e+01
2.262454683804205402e+01
4.121041817491941828e+01
3.931691775370055808e+01
1.338596645071204705e+01
4.888298642240206249e+01
4.250172319670519272e+01
4.287714807503418513e+01
8.558287667713663893e+00
2.604556638588127271e+01
1.073847512713219032e+01
3.283877285292313530e+01
2.289822973688004382e+01
5.063800614416772561e+01
2.640378714467188814e+01
2.789429865373136863e+01
6.576430829045879989e+01
3.487266975035856831e+01
8.457722803431266811e+00
1.989637748008214047e+01
6.072779074164639468e+01
1.501703581713935165e+01
2.285490011133261135e+01
6.545381905031942438e+01
5.477318658315142130e+01
7.490762192474675452e+00
3.018323735562794141e+01
3.730870942124084166e+01
2.058804776208999954e+01
4.346741357023941532e+01
1.283592370710918829e+02
8.285898054984478733e+00
1.992303048187934067e+01
2.245463635705816330e+01
1.727436051430303010e+01
3.587970730746723547e+01
3.314108790942417215e+01
7.762289065461903448e+00
1.730154037984329563e+01
1.823602614051816673e+01
8.957577961889330709e+01
8.340054823605954937e+01
1.978450918501287248e+01
2.660110447829093516e+01
2.403079253225471490e+01
4.184039733997956745e+01
4.162945018432694866e+01
4.614027143342023152e+01
2.324064721331593120e+01
9.158693265006139228e+00
2.536384672281790031e+01
4.683967905182435487e+01
1.748065827137467565e+01
2.539430912982503230e+01
7.831125150343449803e+00
7.199720107196731611e+00
2.033796855378284008e+01
1.526145928691496145e+01
3.015820291684381260e+01
2.317324420861459089e+01
5.147367810355852669e+01
7.113525396747385798e+01
3.370628887814055474e+01
2.221991394251910279e+01
1.440389751644808314e+01
2.928961346509230523e+01
6.665027816026133678e+01
4.535622090895305547e+01
2.816375994210227418e+01
1.328117476956553311e+01
1.249998476688273996e+01
2.595694471893281730e+01
4.095637630427087572e+01
2.334723649215181496e+01
4.837064890905024583e+01
2.711357721767033979e+01
1.377001006035375674e+01
2.691008797918235018e+01
2.335612351859301583e+01
2.434936632259917744e+01
2.324185741159222474e+01
2.584153842413440927e+01
3.005344186307148746e+01
2.078246905032884939e+01
1.920365100501267008e+01
3.068394382786281938e+01
3.221460543978103885e+01
5.674735870462327370e+01
1.920661735744169718e+01
5.908815383615194605e+01
6.328709386394960745e+01
6.804020902300138118e+00
2.908014931340692044e+01
3.560742457074297818e+01
1.940324746879808870e+01
8.692162776341787023e+00
3.095221083307188437e+01
3.682667412424337527e+01
1.722376956858948205e+01
1.173963747422205159e+02
1.740571911206516020e+01
1.654862553380291672e+02
7.962624912529588528e+01
2.363617748376795902e+01
1.214907417632095665e+01
5.807213038941955574e+01
2.811347157958780230e+01
1.967675449033614754e+01
4.375944825584591769e+01
1.475761779088603554e+01
1.007403211104735874e+01
4.620146750771367294e+01
4.152768458642353266e+01
3.806136127158826099e+01
6.764448008273235757e+01
4.591837915066430753e+01
3.703708637947882920e+01
2.230231447544989365e+01
3.009286100761390870e+01
4.738067869054246017e+01
4.280468479456398967e+01
2.554527529300840882e+01
4.696209398714680816e+01
3.400282158278145062e+01
4.871245947995156200e+01
4.063095684766379634e+01
2.176741700784559796e+01
1.019144943914390211e+01
3.330674285859520012e+01
1.355967196963882948e+01
9.719705571744835737e+00
4.289767058829777113e+01
1.763104528250153535e+01
1.178706802330434869e+02
3.695062011748404984e+01
4.711251337540861783e+01
2.795498507398659527e+01
