1.415061623854987793e+01
5.630306507108382164e+01
5.305847038631244317e+01
1.149841603532744294e+01
1.528076629973575074e+01
5.184250695497598116e+01
4.330024146647596694e+01
3.278153575937186304e+01
3.348554707709956091e+01
4.056590073360574422e+01
6.964028956573903884e+01
4.045012125043983531e+01
8.793211572081483851e+00
3.377974225134251185e+01
1.947761782007792419e+01
2.782987882093607723e+01
1.556863628084813733e+01
4.249729526378352773e+01
3.052377010292416770e+01
2.177318553369033438e+01
2.188025954921534577e+01
4.128813667081201544e+01
1.983599304645775163e+01
2.585706087048927060e+01
2.279852765796123037e+01
3.025344949477687351e+01
1.674823938082342778e+01
7.020916876844056276e+01
9.681528002359454987e+00
1.848159738081841752e+01
4.721453713772601901e+01
2.598355977390149718e+01
2.350417768850788391e+01
2.123576652867600600e+01
2.090218420698339585e+01
2.856850746867443291e+01
2.883551943324243183e+01
1.260153673670491870e+01
2.037061060540438717e+01
4.558231298021183164e+01
2.887161106098027830e+01
2.356043122945032664e+01
1.438361818179046914e+01
1.941465762520531868e+01
2.177407794958394405e+01
1.330297577488486027e+01
1.834652912012600723e+01
1.962211961042179809e+01
4.295316022909310050e+01
4.042748890076821766e+01
2.930336470083961231e+01
5.296016999518298718e+01
5.892230515735154484e+01
1.538854813471972172e+01
4.429914426012494744e+01
4.222461667754369330e+01
1.821066969838298633e+01
4.767745898117983927e+01
6.881503772917514539e+01
3.422422282482676792e+01
4.072739372894621823e+01
3.998049257843732818e+01
1.384969723882734449e+01
4.381460297223480183e+01
2.614123454689286064e+01
1.946476626975323398e+01
3.417587182544133384e+01
1.534429960416134975e+01
4.965937474343115099e+01
4.576835158260876568e+01
1.712216100588114287e+01
1.603597611941384571e+01
5.496025909633406314e+01
3.486082444330967434e+01
2.040916444028492904e+01
4.135822866004292564e+01
3.798701213073186267e+01
3.708642047069051983e+01
6.815096371050073287e+01
2.179272845868850084e+01
2.691336870589107733e+01
1.364665084683432106e+01
2.385876641631665507e+01
4.256548083408712557e+01
1.463753749479388411e+01
7.095172719014540164e+00
3.687009661605084432e+01
3.728140000482259353e+01
3.407730669528262979e+01
1.570377695389499451e+01
1.188530675462616770e+01
3.498908014207467687e+01
1.476393427149319493e+01
3.158706873011509231e+01
1.547441140328493958e+01
8.914537746000506502e+01
1.565043112828494998e+01
2.834659646117884435e+01
1.368286912908265052e+01
6.597761951200035924e+01
3.013798697767943580e+01
3.467300233850715330e+01
3.027246164188540689e+01
1.894079714412893622e+01
2.970327449890277904e+01
1.877801913640838904e+01
2.330601581752858209e+01
2.229581805560211194e+01
4.701548296295346319e+01
4.037754512151383324e+01
6.752061175209409782e+01
1.283323012881430891e+01
4.803771436380250748e+01
1.908194528181080685e+01
1.873226463650374995e+01
2.333946684560423535e+01
5.359362404756931397e+01
4.833742774223200200e+01
1.058149485907411069e+01
3.442877015070794755e+01
5.319407392308182381e+01
1.335167799231181363e+01
4.749721969276868094e+01
1.388522265813064926e+01
2.489746758643729763e+01
1.069760297186776477e+01
4.043311559137067945e+01
2.059489250452322295e+01
2.228556802394991010e+01
3.633844611015522474e+01
1.871073574926209915e+01
2.681743171729003450e+01
1.983869689511978152e+01
1.804308643888324681e+01
2.420650127776424654e+01
2.004740293859427425e+01
4.122455592590480933e+01
1.505131759648712553e+01
1.362819022508912425e+01
2.029781806760562191e+01
3.555224649517079172e+01
1.970070656441432888e+01
3.841912781142342936e+01
2.407345738569454596e+01
2.464170282492561981e+01
2.158768892732190281e+01
3.244589425063198007e+01
2.823792399721991941e+01
3.252778593983008903e+01
5.120000282351171705e+01
2.406884247604605775e+01
1.904375768425080295e+01
3.417286764534830468e+01
1.771099083027725385e+01
3.552919376044863498e+01
4.300269394107670706e+01
2.454457338995040772e+01
1.874233155848347465e+01
4.381537220253857612e+01
2.509763167357856162e+01
1.873329338563176805e+01
1.589845790461999187e+01
1.311143745825576445e+01
9.483323364882879503e+01
2.108674464724843745e+01
1.099606221558337005e+01
1.463643641647296256e+01
2.929942344753814965e+01
1.605739722387821189e+01
3.505586068388287657e+01
1.618915636345551334e+01
4.010938801376098439e+01
2.784783104091876638e+01
1.962637429163362413e+01
4.125668597289428874e+01
2.437370928545242776e+01
7.516929104253256355e+01
5.775474497626224490e+01
1.460591898723126825e+01
8.348129426276156551e+01
5.494637118081209337e+01
3.829211123631964142e+01
3.545750597002300708e+01
1.711701509461702031e+01
2.056467002617122830e+01
2.720362798852540820e+01
4.114100068814313715e+01
4.514218263316636381e+01
2.345783774205084882e+01
1.216666688394645490e+01
4.182391980398167952e+00
7.559283798608143456e+01
3.938152644789654033e+01
3.180563769376344752e+01
1.872170170946471757e+01
9.547736527341921686e+00
2.782560020302087622e+01
2.524279305227307546e+01
2.705535263835905369e+01
2.756248802714180712e+01
2.975727962877170540e+01
6.490918060335532402e+01
8.247506389072849231e+01
1.781535837588716831e+01
2.531183419963295123e+01
2.521347903448396721e+01
1.710061275353146115e+01
3.186733840946700624e+01
3.046985457827428334e+01
2.561931329921975475e+01
4.534501964770892357e+01
1.626027789452706429e+01
2.478686401991471300e+01
1.552552927946411643e+01
1.879332897380269785e+01
2.548935990172628863e+01
3.860976090120217208e+01
2.384929441660742100e+01
3.500792763610456149e+01
3.351643463000175416e+01
1.243574170805046286e+01
1.322930802703754694e+01
1.410854332514179355e+01
3.448566884617675754e+01
3.398672211180713987e+01
2.051028898354985586e+01
1.830480867985210836e+01
1.477957176798988215e+01
1.552540297992279505e+01
9.013963979887448019e+00
2.002075087973725687e+01
3.476302417473396389e+01
7.175414842942792859e+01
3.782176037628133258e+01
3.062892279612787050e+01
2.967478455034233065e+01
4.021763476078620414e+01
2.315741803721190806e+01
3.680902245134058859e+01
5.588742126538737409e+01
3.382235711218199725e+01
1.278608017899889759e+01
1.834337574819002370e+01
1.556993329828139672e+01
3.957898799460159722e+01
2.707647932395160950e+01
3.526173188755686994e+01
2.660902444239998133e+01
2.328017776763435620e+01
6.515787162720478420e+01
3.472698861872738973e+01
3.750962924358423578e+01
7.900871651930255979e+00
2.395900153706896774e+01
2.612530249874355448e+01
8.318142878934895634e+01
2.270336850181358557e+01
2.462097064073683939e+01
7.147341882835434035e+01
3.778345025715722016e+01
4.223701098955106659e+01
3.836537862550668621e+01
1.712540119916679870e+01
2.576320320459624114e+01
4.888389191964047598e+01
2.333700611796497881e+01
1.531475133406635436e+01
2.527979015876930191e+01
3.519057973406572870e+01
5.018384732639771784e+01
3.868076204772130211e+01
2.035833901982068284e+01
7.489084865013891701e+00
1.686753992958091786e+01
9.984082741866670219e+00
1.295983424061046385e+01
4.863093329729925074e+01
2.386622492960206898e+01
2.805188927069368532e+01
2.731202183103753001e+01
1.165974901241160495e+02
2.755010075502558919e+01
3.884464483671938950e+01
2.034514413589042192e+01
3.096913518824517553e+01
1.880565398372984376e+01
1.679401762442130774e+01
5.216871487317072820e+01
2.224566416972291449e+01
9.951170097340073539e+01
1.883520011615378564e+01
5.949152201341385648e+01
2.326388932212967120e+01
1.856173036958966449e+01
3.767275230457200763e+01
8.226448497820636874e+01
2.711042503278428839e+01
2.168277477292429367e+01
6.727070618243573108e+01
1.184491178134100409e+01
1.918961436826592859e+01
2.886310874796551218e+01
2.711356043296134644e+01
9.857653005662061219e+01
2.681944501821132221e+01
1.077777579874371661e+01
2.928793228110090752e+01
4.270886721037263101e+01
5.516986914690512833e+01
6.001794643592351264e+01
4.013490536709075940e+01
2.384120793437394781e+01
3.506921478849819351e+01
1.168089017816074993e+01
3.186992300747730056e+01
2.975254168255824538e+01
2.786481455589871814e+01
5.524516220562563262e+01
2.082057701265842908e+01
3.225223107286262803e+01
1.398316163355384134e+01
3.145996413010390924e+01
2.195825501467184537e+01
4.951346186931120030e+01
7.383498267218861599e+01
6.676943706068203710e+01
1.248387807893924162e+01
4.721960299452657495e+01
2.459453160377908176e+01
3.483033884695047533e+01
3.399518681884360660e+01
3.389663009862920262e+01
2.694746898075157659e+01
3.078763980627011421e+01
2.133297207866239731e+01
3.328900900411540675e+01
4.197125174390976099e+01
2.004429153124513263e+01
1.815742031692282055e+01
1.889082839894738797e+01
2.013248071688187935e+01
2.042428176855518274e+01
2.365243523455853847e+01
8.932752543491014308e+01
4.627591878184995267e+01
1.701174786637383818e+01
1.122513825840306367e+01
5.567076528554402159e+01
1.216148691869676313e+01
4.508544415436442421e+01
7.531959094613188910e+00
2.464095667605194606e+01
4.365097985767003053e+01
4.055492331491374358e+01
3.327046723072720624e+01
5.857293477396434866e+01
3.136616904279185292e+01
2.086830297717185090e+01
2.421304201111203724e+01
1.424713826010912676e+01
1.550551064047911964e+01
2.123741959227441001e+01
1.612030647609505962e+01
2.555132287236257227e+01
2.497826080827610440e+01
2.395706431603965569e+01
1.703274736526189770e+01
2.499566803708042784e+01
5.530316491603809226e+01
5.901621871788914575e+01
2.787705622633928115e+01
7.502388238557529121e+01
3.431869661257831439e+01
2.455198566571032970e+01
2.200797351912755673e+01
2.062816916184996074e+01
4.034841437390421959e+01
9.711857299380508124e+00
2.047798853914592243e+01
3.164787527788132593e+01
2.292470729359349946e+01
2.137517649721680257e+01
1.925423469067105486e+01
3.308146163206238555e+01
2.021584474012252386e+01
4.297029249266072526e+01
1.059048546968046907e+02
1.060159047031403112e+01
4.477887624925959642e+01
5.133591832372162145e+01
2.577596096908872525e+01
3.242468592451318443e+01
2.368481085069038627e+01
2.020804303891145892e+01
2.194203261887606615e+01
2.149983469615341036e+01
1.532491619983387032e+01
2.128832471960622641e+01
1.595729483432825724e+01
2.200308002088999615e+01
3.496956217902474151e+01
2.175472580740172646e+01
6.685115408787724789e+01
1.021978275300436323e+01
1.659697509829004858e+01
2.113795705186720397e+01
3.494747305103664559e+01
3.068174498960827989e+01
1.892637093355586941e+01
5.145617503329471987e+01
3.657861699689678403e+01
3.762829056171664632e+01
4.671644793374333204e+01
2.611127535618527773e+01
2.372052556697184045e+01
3.557710824781104719e+01
1.200015182631725885e+01
3.154137524171335372e+01
3.309928179473630649e+01
2.871131806061556091e+01
3.122020164816298404e+01
4.887535874380350265e+01
2.096326432342955570e+01
4.576575995537775299e+01
2.833976218572681915e+01
3.366204052271620384e+01
2.322000772235875488e+01
2.243089065402727655e+01
5.703581197032494288e+01
1.438408216809032325e+01
1.408160369532831702e+01
6.876487335969296844e+00
1.514937299850805630e+01
2.560232186501086105e+01
4.413583739974126985e+01
3.571256075548701858e+01
2.199134888447123259e+01
5.735430684996821782e+01
4.023000076411167925e+01
2.500077025061446889e+01
3.277217555148602202e+01
1.441850896563857454e+01
7.047912682917903737e+01
3.508955754279827488e+01
4.189843844756650526e+01
3.749399768596767046e+01
3.473315105701704653e+01
5.822797384508471197e+01
2.730181572915013177e+01
1.288958140477361880e+01
2.732024483283607807e+01
1.487763344348561567e+01
2.011401009040499588e+01
4.892555606631992760e+01
1.944052934559063317e+01
3.584138105103820493e+01
3.399027137407020405e+01
4.432908548253423930e+01
2.627115154621068882e+01
1.315779262585444087e+01
4.050862108471322642e+01
2.201297790085657979e+01
1.187146716120195045e+01
3.960644293429076868e+01
3.216225383651885039e+01
4.347624185990866152e+01
2.570940163925407873e+01
6.361548680106655240e+01
1.730067532656008567e+01
1.750103819647516445e+01
2.696689123826664058e+01
2.532804763045848162e+01
2.107554019355420039e+01
4.246483654673185271e+01
2.281869292176980935e+01
2.524052621532701224e+01
5.031880795063187861e+00
5.282137556156398261e+01
2.459857820203989220e+01
3.953950348265059489e+01
2.092043569728184238e+01
2.959491905221107899e+01
3.176015704571984699e+01
1.616897863073199915e+01
9.250879953067332906e+00
3.062999702723922013e+01
4.044585848629574087e+01
2.692256757105188214e+01
5.398326534575181768e+01
3.917930475803967738e+01
6.161622645598723835e+01
2.213993571242298586e+01
1.681546541759024294e+01
3.221517244694846482e+01
3.016225607917374774e+01
1.169805310812945010e+02
4.588557890679533102e+01
3.270097908111368668e+01
2.872185067859602015e+01
2.337220321430387315e+01
5.763327762891474748e+01
