2.375584542366871688e+01
2.918147426451749027e+01
2.243282837215747705e+01
2.998271003525055889e+01
2.977636279134471309e+01
2.572462329324861940e+01
1.755181583101925824e+01
3.391630094544202478e+01
1.547302605807366049e+01
3.377070801707228043e+01
4.052677238176745789e+01
3.390852191226237267e+01
1.372377000071353947e+01
1.604350913515656174e+01
3.963072214743471022e+01
3.401116617070641013e+01
4.490569093667673428e+01
1.612895765034244278e+01
4.128000367333593346e+01
6.585368759465910671e+01
2.363353038848330101e+01
1.186040219401986562e+01
1.755344848448011419e+01
1.929065622282544723e+01
7.215073024383849543e+01
1.296671895775430094e+01
3.723038736251706382e+01
2.402209142988425228e+01
1.867196226103181544e+01
3.229054851707766005e+01
1.413161798665966629e+01
4.875423245626714674e+01
1.840267187018742945e+01
2.024210928648502872e+01
1.369432373997706165e+01
5.906183942506527274e+01
2.258673068047866295e+01
3.423124126141409107e+01
3.572098827693821477e+01
9.891294459756416302e+00
7.980315017598779370e+00
2.475035150096488223e+01
6.570856133381560937e+01
2.259583887958854120e+01
2.419580011149879795e+01
2.086785743163360962e+01
4.719961257429602597e+01
2.210416006466859784e+01
5.637093467560465854e+01
1.649442654084809945e+01
1.367879917526239453e+01
9.322109712018249894e+00
2.311690473407013968e+01
1.071087650218581544e+01
3.198118233294110979e+01
2.077596348188200892e+01
3.673520181869470491e+01
1.944860452805659534e+01
1.091052766986662874e+02
1.807286928737507736e+01
1.942050627444305633e+01
6.334670686631760361e+00
2.465118450620160218e+01
1.155239524854641431e+01
1.988398309144610465e+01
3.141477020932198272e+01
3.437970599985139586e+01
4.890834180291751920e+01
1.097388221034445266e+01
3.463996979219315620e+01
3.656336312374978093e+01
1.105129792433679370e+01
1.049245411494551483e+01
3.099511869973829192e+01
6.973618293741065344e+00
2.126037122080155228e+01
3.753365101916303104e+01
9.521864458279566179e+00
1.383807631262950544e+01
1.786150865486495931e+01
7.795354127373217068e+01
2.253005342895470875e+01
1.529872055953225285e+01
7.817796140053631326e+00
6.837409227162450520e+01
2.279313403363016022e+01
6.314134663331271469e+01
4.823949759576191809e+01
1.824082231206437399e+01
1.681442572932416724e+01
3.978228334663143073e+01
3.383133585316186753e+01
4.621356198255296022e+01
9.614111278572391228e+00
3.876927689395293442e+01
1.592772858606054953e+01
1.979465504809957110e+01
1.397341746847134658e+01
2.128685480034727817e+01
3.153590547627773333e+01
1.838891941497028881e+01
1.349726848418938729e+01
2.336302176345698101e+01
1.016194059743557965e+01
3.261109884455773766e+01
2.494192592810710352e+01
2.685702376976249894e+01
1.047172803636666600e+02
3.399770758604773846e+01
2.646711307345838193e+01
1.432318140866329337e+01
2.392113918548241358e+01
1.373366470690959673e+01
5.924148723168137565e+01
3.687661455275110001e+01
1.238284653981190608e+01
2.622246880589775486e+01
2.672898040031604694e+01
2.874391381485124697e+01
1.428511663828245659e+01
2.398645957658441574e+01
2.377074883610455203e+01
2.574844773537433795e+01
2.183254840991349255e+01
3.028460745219307881e+01
2.644834230890901239e+01
2.033127589744628949e+01
6.813576306136718586e+01
7.028071754788279613e+00
1.156436707631226035e+01
6.472772431820165195e+01
3.060827400325261038e+01
2.759787068228355622e+01
3.023891133219149907e+01
1.129748768008463244e+01
1.635667327966995543e+01
2.635545076545871623e+01
1.992279061648901717e+01
6.311471591538719395e+00
1.199076947064401466e+01
3.373583135763335861e+01
2.787284974914206259e+01
1.984984903919835375e+01
4.119385395809716499e+01
1.782405638114486734e+01
2.616369554655767615e+01
2.680782242974194318e+01
4.309035073461470944e+01
8.384205895431437128e+00
1.877691671181065303e+01
2.280878935947874453e+01
1.912406625902294977e+01
5.106445535977741201e+01
1.587127798745418872e+01
2.390378116873825576e+01
1.632038047097505284e+01
2.160845868612419451e+01
1.095083405086119654e+01
3.091049482219800737e+01
2.512326742647585576e+01
4.361244029453997229e+01
2.434881650007388032e+01
1.041875097203615326e+02
1.420949636787509895e+01
1.000326897636184853e+01
2.228080979090542257e+01
2.593909555864173200e+01
4.008466304140998204e+01
7.292679202178150888e+01
3.866107476593076342e+01
2.056604030488615109e+01
2.117526082717551361e+01
2.022450633963145350e+01
1.443555381800930704e+01
3.118416991569651842e+01
5.090631534500054300e+01
3.119291708528689355e+01
7.167239398179253840e+01
4.781481070740064609e+01
4.464430949786990510e+01
1.651546698385782719e+01
2.781361786924144397e+01
4.938619945372110465e+01
1.163609733632767629e+01
7.495154192270112503e+01
3.622007334432300496e+01
1.898052248138181852e+01
3.701304474678214884e+00
2.159558253725218435e+01
4.639781116130662753e+01
1.913113340855844413e+01
3.603928165026745489e+01
4.077920972379035902e+01
2.818938767180513594e+01
1.524554169074213839e+01
3.062576723800260936e+01
2.296153661178757943e+01
7.264342041854163767e+01
1.670036387023816715e+01
3.953590230278193474e+01
1.288399333452842299e+01
1.102873071084306211e+01
3.783853013831300416e+01
1.753614147339859386e+01
2.278212683523122095e+01
3.596743965297477530e+01
2.230659182104299987e+01
8.930175278675768880e+00
5.152014288514948248e+01
1.634811665282787629e+01
2.008346430246601244e+01
5.771373294027659995e+01
3.536560121050922589e+01
3.435191640592906737e+01
1.857546055963066678e+01
1.602573877838807803e+01
2.156337420296975438e+01
1.363579639668037657e+01
1.298399676224117627e+02
9.923513159146104101e+00
8.863704699624153704e+01
3.201065388846759419e+01
3.572653000262056366e+01
2.522686595936298204e+01
5.400089623138756068e+00
3.401733396729992620e+01
5.627983102169343255e+01
3.526067489568598035e+01
1.793964930525002188e+01
5.394065899275925347e+01
2.429392737901977029e+01
1.534731354278396509e+01
3.911651787420782256e+01
3.728756736865463495e+01
1.886270863430819134e+01
2.890572615138408707e+01
2.419402412597667862e+01
9.933495251136548632e+00
2.559048889267454641e+01
2.230045804292664613e+01
2.918712975714713309e+01
1.647375629227428817e+01
1.455537238685214874e+01
3.125461733955211940e+01
2.432124213989722250e+01
3.497551327950476008e+01
1.245126068475673975e+01
1.790362087148209724e+01
1.294657956835861867e+01
1.317424265737841438e+01
7.606682437746482606e+01
2.398112543844578681e+01
2.967642971309197719e+01
1.003069145725924329e+02
2.325046670244550739e+01
3.498637945586022369e+01
2.840950736216721850e+01
7.450936967924931764e+01
4.785049204277662227e+01
1.738238988575099242e+01
2.965694274384934204e+01
5.656881545635447139e+01
1.005177494166655983e+01
5.175779572344131907e+01
4.253457412641883906e+01
4.104016095178539558e+01
4.588080364630431518e+01
2.448503789484256288e+01
3.822989779467125260e+01
3.764970072638772081e+01
2.883140779558019062e+01
3.614266803296990105e+01
3.222289543113907939e+01
5.497273682640800274e+01
8.961742575347678041e+00
1.157715399773270804e+01
4.905035352994826781e+01
2.491744425222352888e+01
5.675438152055853891e+01
3.010509585136685828e+01
1.698459284425799609e+01
4.197847778157672849e+01
1.975163056484633017e+01
4.411635206560615075e+01
2.843449730067224124e+01
4.346386874527040334e+01
2.619157777948498378e+01
3.440782723978240654e+01
9.718963531999529337e+00
1.502772775680311668e+01
1.511406484714285092e+01
4.953455364540048578e+01
3.064453669352311493e+01
2.598512647417737753e+01
1.890017581708266192e+01
3.106388983989707242e+01
1.085454525779326751e+01
1.767892060948733857e+01
1.532363260843836628e+01
1.994441471609098926e+01
4.530411462248907384e+01
2.211633969622910456e+01
2.599613629027614081e+01
2.770584835536094204e+01
5.777957453031433488e+01
8.773256131913534261e+00
2.426246565572348146e+01
4.096069531497656158e+01
2.255531311195077038e+01
3.226657172488816627e+01
3.404232364521558196e+01
4.425612390149218101e+01
2.323419420947326941e+01
2.921927548743071412e+01
2.948060015569851089e+01
1.282840307057629481e+01
5.688641855699626149e+01
6.558812552938712770e+01
2.503986037763835881e+01
1.522028489786871219e+01
5.169283505847246118e+01
5.830670803091398113e+01
2.129056897815575766e+01
2.209827012530210766e+01
1.762007066758818752e+01
1.551576457524898700e+01
2.304476870264621269e+01
1.352848140347915162e+01
1.598166299576238103e+01
5.609838796614150169e+01
3.124422574629948457e+01
2.040763850680320957e+01
2.007483283524190654e+01
2.802206606010336998e+01
1.281681653750629479e+01
1.482644054898005415e+01
3.680360765036483173e+01
1.825104075831233885e+01
1.647511175003482364e+01
6.182296828738574845e+01
2.659233648340347145e+01
1.715153488429348627e+01
1.297981369272587848e+01
7.941533678385560791e+01
5.017806074215930323e+01
1.203054986651056169e+01
3.485669417696831118e+01
1.747966300845752841e+01
3.266324742186746732e+01
1.009221049594673048e+01
8.418470000637332973e+00
1.507126724799770301e+01
4.586578668340285247e+01
1.645536921261508212e+01
2.677651292637446190e+01
1.203940596691411535e+01
2.462321938380486586e+01
3.542502612452415889e+01
1.226610166612008967e+01
3.224195986494786581e+01
5.968739156917651911e+01
3.367366794472280844e+01
2.822303408987271922e+01
4.610583031915470542e+01
7.088238025997718239e+01
1.589191830407307648e+01
1.487249303484145457e+01
1.919952729085070331e+01
4.937293813845304413e+01
8.328779653403238115e+00
5.568112481623414567e+01
1.113611838042483093e+01
2.199232708671897996e+01
5.677458654015478601e+01
1.957328983011391799e+01
3.234620406864223696e+01
4.186000652581630987e+01
1.149729359294084396e+01
1.208067443329466784e+01
4.428303201473261197e+01
1.442194299175350913e+01
1.130243954815662022e+01
6.465075000780853998e+01
2.407386918094357853e+01
3.288540920750406826e+01
2.635158836207754263e+01
2.120728036302222108e+01
9.437199261155944541e+00
3.139182883335399055e+01
4.027732928919303390e+01
1.927989183499594361e+01
2.282128215454738296e+01
3.326345518579758220e+01
1.744207991872400143e+01
1.465980463246834553e+01
1.221897532707793310e+01
1.554184729291498179e+01
7.856508187337052362e+00
2.560187670520776848e+01
3.658728913318255849e+01
4.241820946553001193e+01
2.026059376930452771e+01
2.311175052206265690e+01
1.659381118802859589e+01
1.798390231276261986e+01
1.867678025087788996e+01
2.353851020857911180e+01
1.546550711878700035e+01
3.424010161025651655e+01
2.813576257727606489e+01
2.877631404218739775e+01
1.144370318002324716e+01
3.852225114953795782e+01
1.129225001046978782e+01
2.139016956151315085e+01
4.203505096023357623e+01
3.233787096392428850e+01
1.221086027414689568e+01
1.436124487089860580e+01
2.050877938238685516e+01
1.179456056692557731e+01
1.875895181846625803e+01
2.570209027433681115e+01
1.004500483750386408e+01
1.339643208050814671e+01
8.238064707608117487e+00
2.804272170866181213e+01
3.883788436578277725e+01
1.119475756947070089e+01
1.606765684623147195e+01
2.466589188104251207e+01
2.545395984061391914e+01
1.164542643174963388e+01
1.449788892357240044e+01
1.869376706803740618e+01
1.209062845905013717e+01
1.218075064656895812e+01
2.338503069071310847e+01
1.568909142673022927e+01
4.508904852002673991e+00
8.505351346422354908e+00
1.421061880387073550e+01
2.399236531712615061e+01
2.435889498250010021e+01
3.773825515182493717e+01
7.586247271848621665e+01
4.630201869359116529e+01
1.188468310169579212e+01
1.643781278659032097e+01
2.248025803777429488e+01
1.408388355902840416e+01
2.087037617478929974e+01
5.909676164549033928e+01
4.120827248210621008e+01
3.461118361412523825e+01
3.687441468260017530e+01
2.434326297962783059e+01
1.661722570290586631e+01
1.157958565460314304e+01
1.564366051883902031e+01
3.231901541344379325e+01
2.789215963353164085e+01
1.741451516887469708e+01
8.562746512879920147e+01
3.854858855298354570e+01
6.745014354975327819e+01
1.166069482007247160e+01
2.702720913689416093e+01
1.862298302372129655e+01
1.609525058653988694e+01
2.212593621917919862e+01
1.688274405478312090e+01
2.383196298796136503e+01
1.398922342115608863e+01
3.169781721548518050e+01
1.428036328174861325e+01
1.472616399885562011e+01
2.291207953745707115e+01
3.894592039680755136e+01
3.597455900927745631e+01
1.390105435407863155e+01
2.084728309917431943e+01
1.325105252442669723e+01
1.694637342673482294e+01
2.939133239464162628e+01
3.203116210143990372e+01
1.978939077278167247e+01
3.281935196782664832e+01
1.729936589752068699e+01
1.320016577056369833e+01
3.062454187989006726e+01
4.292869861170079560e+01
2.989702994108176881e+01
1.612997829511456160e+01
2.660345720992789609e+01
1.962031542267715878e+01
4.869025850821287804e+01
2.189356145862020497e+01
1.631813715115401919e+01
3.526848558620099539e+01
2.696146138314391294e+01
