2.456010389609285482e+01
1.373994236904118438e+01
6.493109469379187715e+01
2.158533742807135525e+01
8.085370242578230204e+01
3.124865798708412967e+01
9.683750633985454215e+00
6.741503814129544914e+00
1.293397651791297243e+01
1.725908396953023782e+01
1.007473611077239006e+01
5.239033638762615652e+01
3.295568776440531877e+01
2.997833349493215849e+01
2.261989825067480808e+01
3.478443470723598097e+01
6.772413266195019332e+01
1.126051460241808932e+01
6.615758448245105683e+01
3.039352630605554850e+01
1.715479622221216616e+01
1.899035387374798489e+01
2.641536216200903908e+01
1.676924744509587839e+01
3.144378351122129089e+01
6.590894775414660955e+01
2.614398842548957091e+01
1.894578502550251997e+01
1.034330436523258712e+01
3.136197765340532229e+01
3.341289519857276247e+01
4.082606166433931705e+00
2.954751595982751411e+01
1.496782260760823924e+01
9.113468476549009267e+01
4.993991822260110780e+01
3.479960095925713404e+01
1.712916070600376983e+01
4.325055624140281196e+01
1.328829752212798354e+01
2.726255624772676356e+01
3.272129833793663067e+01
2.215766706337674918e+01
2.766119160314351433e+01
9.063207542114597004e+01
3.923009970380089584e+01
3.232214167242849356e+01
8.830261141827186577e+00
1.736836855718358308e+01
1.930505868999365759e+01
2.086169860238625517e+01
1.100548298444761564e+01
2.739945042629486593e+01
4.069147779973917523e+01
2.007439446684091422e+01
4.578697539388316784e+01
2.943616672207918228e+01
3.952536181673455218e+01
1.714548289268654102e+01
2.585765035671047940e+01
1.842027762798166535e+01
2.513623493531358832e+01
2.057648830925471017e+01
3.673452183025096218e+01
2.232771577311482503e+01
2.039077069111981544e+01
3.417508018212785004e+01
5.861461283342994477e+01
4.217137964018779428e+01
6.243180961659651018e+01
3.113303840474144124e+01
2.035696607028440042e+01
2.030255315976514652e+01
4.794534186937425346e+01
2.989604760391686256e+01
1.076577999014930320e+01
6.484391606586871148e+01
2.337854127591504749e+01
4.092022545983909509e+01
2.740940277176833817e+01
1.186436236285148382e+01
1.356099217138081059e+01
1.062449152215308246e+01
9.728781755747636595e+00
5.295279630803744908e+01
1.316156648775715610e+01
2.130339735203530438e+01
2.408784768070595206e+01
1.452028912528074045e+01
3.357739123460071795e+01
7.952975921374964230e+00
1.917790655262860611e+01
1.347461967426279550e+01
3.172299449440671282e+01
6.754779150356080208e+01
1.772806704566875169e+01
2.393167574182145785e+01
5.446180730598972985e+01
2.399291091797499575e+01
2.223299463641464513e+01
2.910981118482277452e+01
3.611829860349379828e+01
6.064629782374695566e+01
8.093857300617965933e+00
1.593955548158405122e+01
2.272478533625484332e+01
1.565812653602341697e+01
8.012169183979460740e+01
2.354875959246131600e+01
5.528424878122456931e+01
8.357903129800964948e+00
7.115554287804560119e+00
2.204157353004767117e+01
2.297608675097879427e+01
1.273526141156651725e+01
1.398717745519854283e+01
1.662641986848610642e+01
5.875263839260269094e+01
2.295663906693198797e+01
5.902876090882488569e+01
3.080859871019042373e+01
1.570326550087417772e+01
1.126244222402330664e+01
1.027441736255426008e+01
1.787025973833860348e+01
1.606309470285153651e+01
3.012052298769559044e+01
1.689176278313330926e+01
2.760515270556245326e+01
5.422994464564001760e+01
2.340211458743675621e+01
3.641819890920910296e+01
1.850311468537758586e+01
4.732352867234220639e+01
2.525162287345144563e+01
3.556273762628045176e+01
4.227368590629340162e+01
1.161334853813003676e+01
2.012682495088225565e+01
1.416442774531970272e+01
5.132606124145307547e+01
1.495466357162949045e+01
7.835947076821716450e+01
3.706688070630025322e+01
5.306339658135616588e+01
3.894234032077184793e+01
5.009799959425316729e+01
1.063550745432013400e+01
1.804342212517867239e+01
3.782193578282792146e+01
4.390659097482111406e+01
2.460575294935217627e+01
5.813200458431488471e+01
1.326107792552264897e+01
3.468685936400013503e+01
1.318479928215145947e+01
9.295393615990656500e+00
1.997519204568001072e+01
2.426050071156594612e+01
3.029569401873677492e+01
5.801285364133990186e+01
1.448999048280997037e+01
1.150516475482940137e+01
2.389787544347620241e+01
1.402605427136325567e+01
8.468483457495376854e+01
2.026089042072223378e+01
1.188822061896241422e+01
3.816060662889655930e+01
3.967546123889808740e+01
2.463811023561182623e+01
2.425880887333390490e+01
4.080172518288433992e+01
5.301427172137493216e+01
1.680973642595752793e+01
3.125526775477037944e+01
3.276213346455764253e+01
2.946031479915198048e+01
2.312440397651081980e+01
3.119326066757541582e+01
2.152110786082232607e+01
8.259599016360519386e+01
7.715824408245263832e+00
1.121391480222850845e+01
4.468889203109431207e+01
7.375328865743173878e+01
1.489951556618988349e+01
2.264686548787425124e+01
5.034267565047648674e+01
3.309881727805350948e+01
3.531667670984822394e+01
5.314794856058605177e+01
3.985969834855847438e+01
3.211934291350607396e+01
2.192509127215910425e+01
4.539308815519501650e+01
2.075041303847335783e+01
4.960572167547979916e+01
1.740364384767747197e+01
6.198784297312562330e+01
1.112931313745826500e+01
2.195875171122931846e+01
2.135397750504176528e+01
5.463321878145722366e+01
1.779722933048040190e+01
4.481322687797073456e+01
3.186802090484313865e+01
2.742968751907388736e+01
8.491431623492667669e+00
2.046195552452239852e+01
7.217674660420934174e+01
1.995373483570174145e+01
2.679001321950156722e+01
8.295926274152864721e+01
5.313636096381186746e+01
1.882219950214606996e+01
2.528621799839057260e+01
1.125531382258949975e+01
2.094640867308752519e+01
3.281462865518302863e+01
3.854060508075071567e+01
3.824358912438779612e+01
3.317413694366029375e+01
5.041924679503350148e+01
3.718339407019335852e+01
1.505876773311502426e+01
4.479013287677057775e+01
3.911267110871078501e+01
8.555865800722147085e+00
6.285369752157973267e+01
2.090478222273157272e+01
1.398281147365830002e+01
5.561675697872141910e+01
2.362247977349328210e+01
2.054950626441337391e+01
3.936273338107094588e+01
1.415988690803349037e+01
2.814443430763244436e+01
1.887369880205297079e+01
1.890968830796057532e+01
2.991849753021578451e+01
3.510509711129098775e+01
1.067877663458416393e+01
2.247109903575163870e+01
2.488964985546324726e+01
1.451538765513236129e+01
4.604666368730625692e+01
1.548028570046369623e+01
1.467855513337040385e+01
6.354850202163655126e+01
3.351663736334212018e+01
6.847256790613265309e+01
8.938945704794519997e+00
2.978452667886769589e+01
3.089271797604212821e+01
5.131138843484307444e+01
8.060631207093425843e+00
4.355931110144615559e+01
2.852986754641634803e+01
1.035580961863636063e+01
5.247822074722273555e+01
1.167281079347480599e+01
2.419403250206522671e+01
2.140274380500538598e+01
8.446483709120254701e+00
2.365778195548119101e+01
3.226778867262088113e+01
4.022579243379893654e+01
2.623418249899430776e+01
1.587244176225249426e+01
1.239026510494807276e+01
2.174671603075099924e+01
4.611503190131751495e+01
1.984271617913675456e+01
3.737496793070932455e+01
4.839279179283640531e+01
4.552470532505891754e+01
5.251486589284623108e+01
1.286057921031113871e+01
3.088320288538621128e+01
5.148954088983545319e+01
1.289468375764069918e+01
1.094717857209374756e+01
2.982384617666569682e+01
2.434744955285821177e+01
3.837669873534754572e+01
1.529854392595543899e+01
3.951194043748093065e+01
1.886495585485447535e+01
5.386844387578366877e+01
1.820182310470450560e+01
1.318250964682173354e+01
1.145318096703691779e+01
2.766499017524805737e+01
4.157385239858936643e+01
2.766782862749457905e+01
1.317127215671525775e+01
3.033042768724746452e+01
3.058384744639626263e+01
2.622372470163277924e+01
1.038356520567024432e+01
1.948811336085240242e+01
8.854102397555371340e+01
1.241872780833676160e+01
8.773760082971396201e+00
1.017977996147135222e+01
1.712702026895489738e+01
1.222763209561961872e+01
1.496583775195592025e+01
1.582982941475708571e+01
4.401777217527266828e+01
1.660367827974625143e+01
1.978753240895804666e+01
2.517288215761318071e+01
7.836702256729771499e+00
2.570288891200985404e+01
2.664108039171027542e+01
7.201019700833080073e+00
9.331185811729093871e+01
2.974368787537417802e+01
1.926461270069140141e+01
1.447717426734232049e+01
2.203700846977808681e+01
3.156787653656468962e+01
5.390551942645240757e+01
2.791578199654295034e+01
2.775622229389847462e+01
2.829434943937917524e+01
3.215100475287746917e+01
1.552680952779579293e+01
2.566477209755751687e+01
4.240970980969700577e+01
2.257309324703338760e+01
1.842572939026971568e+01
6.602423392915715894e+00
6.670987944805122538e+01
4.420490522112967824e+01
7.042294167319677456e+01
4.199106209270436807e+01
3.108634172757596303e+01
6.764595200614468240e+01
1.535364202300544356e+01
2.132166810739318663e+01
4.695807008193001231e+00
1.477543672310022771e+01
2.196301993139609010e+01
6.826148962141941468e+01
4.745192817548131359e+01
3.353101045925717472e+01
3.119369899137990743e+01
1.045438791831502456e+01
9.788550033920699889e+00
2.499136231154531629e+01
2.642821567877326672e+01
2.940112750414169085e+01
3.262637429073662076e+01
2.305507049640595696e+01
3.705924572578280163e+01
2.555989699249377267e+01
1.351239464768033116e+01
4.069152433189525908e+01
3.752099155452700785e+01
1.293027713785409816e+01
1.642581632906747302e+01
1.468635517268076107e+01
1.683988633929002177e+01
2.283174151112895345e+01
5.078773691699770154e+01
1.387018000423362807e+01
5.089057047686053181e+01
3.055043879693498354e+01
1.766281346794226792e+01
2.114418129441609295e+01
1.780562741553308470e+01
1.219017095400618089e+01
1.095860467982702602e+01
2.364046518061021374e+01
1.507612918162840465e+01
4.406169865058806323e+01
2.435483922319292205e+01
1.481187005082776764e+01
1.432436280518413341e+01
4.785081107925510224e+01
2.610876571940396573e+01
6.324901833919053473e+00
2.006593066218253441e+01
1.744510156868811279e+01
6.026074481481745515e+00
1.668369405046542653e+01
2.720770264761803858e+01
1.894020063580900626e+01
9.530530849700561191e+00
2.421854167100271127e+01
1.398586927502060107e+01
1.371392319477486232e+01
2.697500269465177070e+01
1.300137998579473120e+01
5.399696659265389798e+01
2.526686651546065221e+01
4.352218775762761283e+01
1.166705875582877816e+01
2.286082575564712727e+01
1.837400956445495126e+01
2.908879532387885547e+01
2.205892252734233239e+01
1.952833913088064577e+01
2.965563897830388385e+01
1.986668026256452180e+01
3.680127583952786807e+01
4.565980383422638056e+01
4.900267320392097048e+01
1.359639828323057920e+01
1.282539062297933441e+01
3.079141369100668868e+01
2.050062577748023784e+01
5.154255173684582303e+01
1.413731833665919879e+01
1.842852523644667784e+01
2.583460886906183873e+01
2.925706452237412947e+01
2.152293748242767180e+01
2.340032345085287702e+01
2.248584843252373133e+01
1.600844405051225650e+01
1.920210289782129465e+01
2.296860717306543975e+01
3.984533428359937091e+01
2.551306760800509892e+02
4.415736334629186643e+01
2.351954482433557558e+01
4.274780382096388820e+01
2.550208377370174162e+01
1.494268305742603964e+01
2.770973280448477993e+01
2.063664879955676668e+01
1.247906496008364030e+01
1.488591542306206783e+01
2.306890642558403215e+01
3.208765251721989387e+01
2.406208221928250879e+01
9.977776580098204562e+00
1.815596108395236996e+01
1.757394753064941995e+01
2.200278795807255250e+01
2.911482616777326271e+01
3.774156790964265440e+01
2.115949887965359721e+01
3.413165432352076323e+01
6.446810232952091724e+01
2.414963370018134725e+01
4.043673935195241143e+01
4.210219104074811725e+01
3.471695115470564019e+01
1.386898999094963969e+01
4.463898292795394696e+01
2.284387575252574720e+01
1.078684470536644824e+01
1.056516195251138335e+01
1.833118585966474967e+01
2.251539403735121070e+01
4.761217514541904450e+01
6.572258248057545416e+01
1.078792520963482993e+01
2.663453273670293342e+01
1.393721571832315753e+01
5.344019984777723664e+01
6.444933085295140529e+01
1.618893654664807613e+01
3.028461221961420335e+01
8.481930414191783285e+00
1.496702899350492899e+01
1.027721527429888582e+01
1.315807973443353873e+01
4.054755460533151279e+01
4.204732081104020835e+01
2.882460576200668001e+01
2.826066065544435091e+01
2.576079523525759640e+01
2.847317995090250164e+01
5.399336388791196129e+01
2.050732223856244474e+01
3.206974157754544308e+01
4.302230840501531617e+01
3.904645940210023980e+01
1.365840710348677334e+01
2.442736039906584722e+01
1.494668042825903953e+01
1.472480833400276445e+01
1.184492527918249394e+01
3.610736770891860203e+01
1.699103140441488335e+01
2.340350633371847522e+01
2.473954178118250979e+01
1.419810000645546566e+01
2.445144777991341556e+01
1.416896483693820485e+01
1.439438482865461744e+01
1.471269922363277161e+01
2.157813699833470622e+01
9.797715713255495729e+00
1.709228287507273691e+01
