1.801733441873365393e+01
1.093878100401492226e+01
1.403324172084206012e+01
1.951549588054641404e+01
1.725381116705521833e+01
6.207138749600580496e+01
4.964139101050183456e+01
3.426573007480347854e+01
1.178001554136944051e+01
1.407443322609583447e+01
3.321644812234534072e+01
1.942072339805559267e+01
3.670132495587154153e+01
2.354895408853304772e+01
1.850604579026177277e+01
3.846487220175300337e+01
1.267557056796406023e+01
3.316176953952351880e+01
9.801680533180284982e+00
2.718817094008595348e+01
1.815303423455881315e+01
9.302289110548491280e+00
2.725244011578636005e+01
1.086708502190455050e+01
1.669551040105351802e+01
1.955617698952160310e+01
2.996545139280523529e+01
1.787158801900051230e+01
2.625981221757781725e+01
2.671350789854096774e+01
1.364608573182716356e+01
1.301139654413789799e+02
1.635338996433841174e+01
2.808751769821250122e+01
2.213890259658475657e+01
4.527893778961781379e+01
2.925332432912092173e+01
4.661881598194985088e+01
5.322235182702165446e+01
3.057092303201893202e+01
1.760712724739440915e+01
3.553784587023930897e+01
7.656465897416380173e+00
3.819601914949969768e+01
4.732746670580504400e+01
1.624709015764357645e+01
2.763779350330805684e+01
2.191561889889646864e+01
1.032675222436556339e+01
9.512888325647463006e+00
3.397364490035982953e+01
2.920118572651088940e+01
4.535472215477675206e+01
4.075100759542310414e+01
1.391158671900536525e+01
2.385832343644850084e+01
1.135316237723477073e+01
1.494012514625926968e+01
1.690548211431302761e+01
2.508913470860196426e+01
1.282244683415469311e+01
4.579767063263042814e+01
1.876393368686570184e+01
7.085875240399154507e+00
7.021563735025614506e+01
9.243783401848485681e+00
3.270589396547339334e+01
2.737238698080527399e+01
1.734722302566330043e+01
1.166558731689012873e+01
1.028001981731724257e+01
2.063515519947031507e+01
3.353842728495822456e+01
1.896125510617660836e+01
2.022937462315429968e+01
1.510692858036694197e+01
1.082778767322772495e+01
1.179698768514828799e+01
5.181280438201744687e+01
4.719234836149745860e+01
2.646973524295333036e+01
1.173443535529198378e+01
2.516422354440380715e+01
1.264532502730271091e+01
2.392616116548717997e+01
2.183549108718649734e+01
4.705366760140609728e+01
1.268627402838585105e+01
2.459289325234544066e+01
1.719277325332762985e+01
3.837966485710877862e+01
8.984765344298099876e+01
1.440555860157168944e+01
2.396130637238993444e+01
1.327256935618753531e+01
1.758579952642462274e+01
3.348293537505695383e+01
1.629095336068953159e+01
4.712554078203257291e+01
2.964327348038457899e+01
4.669503994671796221e+01
1.418688853111192039e+01
5.091626368909230393e+01
3.522989619785006710e+01
1.377816264076226993e+01
2.461879516278526836e+01
2.679462730036819806e+01
1.335675178550551223e+01
1.657518318936480028e+01
2.433502689778185513e+01
8.173759945139519090e+00
4.614793921635850182e+01
1.286709591719189660e+01
1.173613145476593189e+01
2.870342373758549215e+01
2.119360704146141927e+01
1.320347067619882466e+02
7.351296395766864578e+01
1.166588929228169036e+01
2.478533517773320938e+01
2.314203869553391968e+01
1.873362768556272684e+01
2.990991814768775470e+01
7.144239566176185718e+00
7.353214248988683721e+01
1.310151710237481915e+01
1.606178067403142151e+01
3.693955062860767669e+01
7.922058127630133839e+00
1.619471537096837110e+01
1.389909803456205672e+01
1.293505717127621679e+01
2.889903168389820820e+01
3.524585393996218130e+01
2.655092090690797946e+01
1.278166565289706824e+01
2.734330454798375598e+01
4.732543870960473953e+01
1.030552667050459981e+01
2.684111980976732070e+01
6.641917481876845386e+00
1.970455433945476642e+01
4.200826665085888578e+01
8.493576753990037531e+00
5.318898339015364485e+01
1.339978338272794289e+01
2.004245930377713591e+01
1.628575494416613267e+01
6.691152836255162129e+01
1.543299437751626968e+01
4.424715518493347588e+01
3.083601320381474764e+01
4.902527423598913003e+01
1.417484438975327343e+01
1.276309371977849949e+01
2.619900077704851427e+01
1.404753124618772908e+01
1.379108509450236753e+01
1.943433172297464750e+01
1.841627629290357504e+01
1.695266539595660049e+01
8.449344153646135780e+00
2.724500606770560296e+01
7.271076516430074577e+00
5.322785322309318445e+01
2.001379769788912810e+01
1.264060584619534566e+01
6.249158599770159128e+01
4.470812611064494746e+01
5.387248991784488084e+01
1.884066106079662717e+01
1.411483979217988605e+01
4.124793044460026437e+01
1.675680966884270262e+01
1.625878356298738936e+01
5.526898286898745738e+01
2.443511501324949720e+01
8.348814678358158403e+01
2.125638756043991862e+01
4.719856588061588099e+01
5.444705243517947935e+01
1.720671745397832098e+01
3.848735543985257124e+01
1.007542128557898486e+01
1.980030936227010585e+01
2.267160424822391462e+01
2.957307452187646746e+01
9.320475483052432253e+01
3.504651265235834501e+01
2.901234548681945213e+01
4.602796803380918789e+01
3.090443162247349917e+01
4.637317459739898595e+01
2.070246753353501390e+01
3.590444373850540671e+01
2.837067344167795113e+01
2.818924024156155284e+01
2.797294628656847237e+01
1.250030221184783485e+01
1.350785804171685278e+01
5.776044467980435115e+01
1.407114213165106342e+01
3.498972534929629319e+01
4.063465176548155000e+01
1.055825983931583778e+01
7.778244895207021159e+01
1.502144098740168587e+01
8.101739505826866861e+00
2.575161484920750610e+01
1.779038542964487135e+01
1.177877482881209303e+01
3.170467992654244682e+01
1.807713176048192594e+01
1.472528688109292361e+01
2.478934937756940826e+01
2.801617661464500486e+01
3.564235206245044196e+01
4.699878077294491163e+01
6.089792209090830077e+00
2.790298303981370509e+01
2.597186276306236152e+01
4.077184092851900488e+01
1.334371626990679616e+01
1.366160837270079753e+01
4.320104159848302317e+01
2.467613001668065209e+01
1.838239784206378147e+01
6.641868018072872815e+01
4.717665182220139286e+01
4.706844947629159037e+01
1.204485569423749780e+01
1.369080260441381824e+01
2.523264149332854700e+01
2.333397583162060585e+01
1.246624476068224574e+01
2.228699409584953628e+01
1.127480394302218691e+01
8.228139427082919610e+01
1.048949071615974660e+01
3.284031213337320310e+01
1.241556578435379166e+01
8.012888206624783294e+00
3.671042733881887443e+01
5.372569275344825712e+01
2.768765576875016521e+01
2.958247106627889877e+01
1.467648950353180837e+01
3.317513383989235365e+01
2.979023137437679480e+01
9.894128166406744640e+01
1.341666472072669691e+01
2.942906241461623296e+01
2.444417728172580695e+01
1.480966950918396208e+01
3.513852576914524661e+01
3.396462489569742615e+01
8.166397765245337226e+00
2.334948755559663525e+01
2.536021454725902657e+01
5.084194886720054285e+01
5.041341864171594267e+01
2.149712876320248256e+01
1.766355837679655494e+01
2.959691106958442930e+01
4.414058259088210434e+01
1.322765397562806555e+01
1.970662484219343114e+01
6.358125314699039166e+01
1.357572894864121515e+01
2.298074309091889234e+01
2.515402871037373700e+01
2.572770829717468644e+01
1.511339965144647124e+02
1.631694763450539654e+01
1.928849934151961421e+01
7.703966806849686044e+00
1.900951808938375365e+01
8.269100537167912535e+01
8.851537677969972151e+01
1.418878810923140854e+01
1.912292704342333138e+01
8.558139994950535012e+00
4.073847076787622967e+01
1.377216427005530619e+01
4.451110250118875911e+01
1.153787823174180716e+01
1.918113575036661800e+01
9.879910748033904611e+01
3.540108241629249619e+01
5.318601863124062135e+01
1.995453656412285781e+01
1.739511018175247159e+01
1.016119936588523132e+01
2.503753456452513149e+01
1.332541311606727419e+01
1.874429529374693004e+01
3.161752883273797465e+01
1.351951219945614113e+01
6.353715028258205422e+01
5.572352698554835371e+01
5.720223518859956613e+00
2.877290264181920065e+01
1.552043484451176525e+01
3.618976779248303899e+01
1.344090730946047962e+01
3.053091126972865510e+01
5.038178104727190743e+01
3.436114505526190044e+01
2.306743532815150033e+01
3.581952118443354038e+01
1.330528244426115236e+01
6.723249506460584257e+01
3.644104348377666014e+01
1.424271622593005837e+01
2.118026681651688747e+01
3.066868507863019744e+01
5.578540370728440223e+01
3.637239428213945303e+01
2.520108146178896646e+01
2.126100307521906529e+01
1.970962215430619224e+01
1.816335639218013398e+01
3.843371790982936886e+01
1.583446579515740282e+01
4.720593830180472139e+01
3.677018568488536943e+01
3.875193093135208500e+01
2.088403674838552604e+01
9.672275246754939104e+00
1.235786069127371078e+01
1.400460351595037523e+01
2.683829054810797743e+01
1.201297206912186866e+01
2.054757903775954730e+01
1.616733162498844933e+01
3.395934412457234686e+01
3.267419129061869398e+01
3.864737148725176752e+01
2.173079681464189505e+01
1.284134632073907234e+01
2.737303846285144004e+01
3.895232862374670191e+01
2.738872111515718188e+01
3.411679356156182763e+01
7.894466823202908046e+00
3.502028129881706775e+01
2.659290944905527354e+01
1.244678798708755352e+01
1.717913147390958883e+01
1.469682836170400719e+01
3.304956482243765947e+01
4.516600763036665001e+01
3.590430527019237417e+01
4.981601177416493442e+01
2.506232240873563555e+01
5.140625124651713662e+01
1.249149061262473737e+01
3.744664563611492980e+01
4.076802906087088019e+01
3.783496628539373319e+01
2.737441705240242129e+01
1.803068091574426646e+01
2.209401032813611465e+01
2.265313826493414240e+01
3.199825276128362361e+01
1.166192665389898764e+01
4.774108879062880817e+01
3.386492810103698048e+01
6.308749426461081100e+01
1.337293411173399349e+01
1.746664935918512640e+01
2.095341671648229465e+01
3.505394364985436795e+01
3.562533047341361225e+01
2.264043255094792073e+01
2.366976835000681945e+01
2.270097248459735084e+01
1.033349639149389532e+01
1.072924352381612856e+01
1.092168886813641748e+01
1.147070185853175417e+01
1.274293184070898555e+01
1.920532709895726242e+01
9.527334143392957699e+00
2.737648309995869056e+01
1.827822675685224851e+01
2.439425394528365132e+01
1.041869368045515643e+01
6.061936801430478639e+00
1.441175493043199651e+01
7.770047348449653946e+00
2.235439619951666046e+01
4.003468403774580509e+01
3.274868664663755169e+01
3.513909606544421393e+01
3.410939973590146934e+01
2.375896891587930781e+01
2.207048955606755314e+01
2.990025555660033163e+01
4.313740189000390046e+01
9.443185950619272262e+01
5.027566526415928649e+01
3.267994113376675358e+01
1.460086881253496749e+01
1.667203051685641313e+01
5.074782879855472117e+01
2.092768817303498707e+01
2.983508125440402026e+01
1.139571001215793800e+01
4.578384506246669616e+01
4.230632847348416448e+01
3.406632058205362057e+01
3.038836707933933923e+01
8.077325858505008682e+01
5.140717040326444476e+01
1.085701057711195432e+02
4.532251342818542383e+01
1.106403787350804890e+01
1.563623801859057671e+01
2.102611362840533360e+01
1.398163657802976090e+01
4.582077605586339786e+01
6.044971543404583514e+01
2.585436955130973757e+01
1.382052532752109997e+01
1.040607003787130758e+01
9.804896641233462162e+00
2.475992830904161579e+01
1.587999624262292109e+01
1.606158251204544740e+01
1.328800867405218256e+01
4.303812181495253242e+01
2.960055526451053254e+01
4.352183138603844270e+01
3.323088302621685841e+01
9.690680823428257895e+01
1.777483811645272382e+01
2.303779961362851125e+01
5.653713368488082480e+00
4.366179791747786965e+01
5.892160664173417928e+01
1.410815150689520436e+01
3.739803215904921529e+01
1.056817798435375266e+01
8.835557220518431620e+00
6.866070332550803812e+01
2.019447929092099514e+01
1.373038977400132588e+01
2.112825961474824155e+01
2.163149321332031150e+01
1.326728560862877870e+01
1.320805577101325134e+01
7.503632782426252845e+01
2.696289144059286258e+01
4.294919924466407934e+01
2.760403696269622031e+01
2.237573036504640811e+01
2.999921675033374413e+01
3.353428026701988074e+01
2.798472654291774830e+01
2.462726524671705164e+01
3.973666635464667252e+01
2.678756838562442510e+01
9.700823854915904931e+00
1.747359861565227490e+01
1.457212983618194713e+01
3.445818532449036553e+01
4.003047873263863465e+01
3.067639967068419082e+01
1.661513727742845958e+01
3.052915219317551987e+01
5.566801292865167738e+01
5.234189202819192843e+01
7.872388435088129199e+01
9.114657033074720971e+00
7.149784604692453804e+00
1.990568295961337242e+01
9.948287981222598830e+00
6.070442192655477243e+00
1.493302588382790397e+01
1.279685312974286227e+01
1.282558225198785884e+01
4.336991796427400203e+01
2.239799662269459191e+01
3.402645250936004828e+01
4.627351945179424320e+01
2.420122539075740420e+01
4.110427683113672970e+01
4.377043105413733315e+01
2.130085383952449618e+01
1.897553813340390505e+01
2.654585736864103040e+01
1.546312383300632831e+01
4.330949606059034096e+01
4.581749973323456260e+01
1.147813360899995772e+01
2.099228239628602211e+01
2.866627621493471167e+01
4.683880986280409786e+01
1.977103371729448256e+01
1.103305899727694239e+01
