5.583626905141811925e+00
3.570221204785899438e+00
1.264314108441759110e+01
2.740174237441677718e+01
8.782180792568420102e+00
1.104555193207477970e+01
2.851656486653696021e+01
2.126441855597813202e+01
1.813351172932776123e+01
1.699999432904739294e+01
4.052061210958824766e+00
6.276550928884285341e+00
3.144491487952617348e+01
2.053371448616376327e+01
1.095768473965071621e+01
9.647667317770876494e+00
9.844937678300984985e+00
1.917072078562697257e+01
1.643786638915211284e+01
3.309369225559624539e+01
2.055094431149917966e+01
2.485129805177174234e+01
5.649464415603049794e+00
1.403167129459730944e+01
1.611026072677709564e+01
2.308045423817107533e+01
9.211599556930748278e+00
1.406607233433856585e+01
1.140148445639386843e+01
6.439193438022940086e+00
1.787707112534621601e+01
7.557416362788256237e+00
3.879842477023694158e+01
9.186245752908931195e+00
7.102999090478475885e+00
1.727259787050319062e+01
9.914453592146880823e+00
1.583490285760884753e+01
1.295269658262345480e+01
5.663063477784603172e+00
6.981093688114557771e+00
4.028759633362329673e+00
1.108809568464001316e+01
4.449055002617087418e+00
1.308254659028586353e+01
1.191523499218322613e+01
4.328370254201533385e+01
8.232247021196393177e+00
8.228791092444383892e+00
1.366138177873440718e+01
2.369058573575218674e+01
3.778167043030639860e+01
7.334031219149430569e+01
1.709904890348601603e+00
2.961848649245750309e+01
4.073433854673167076e+01
3.916372177353845530e+01
3.604734663045498166e+01
7.632042289698310000e+00
4.492407359441685344e+00
1.514682530232628821e+01
1.211061097278548893e+01
1.502359615077084953e+01
1.827977956699114870e+01
1.224751916988934219e+01
9.057297615068858221e+00
1.127550135090846872e+01
5.550590506233013421e+00
7.486504998884801410e+01
5.563376343729566287e+01
1.205691260817236454e+01
2.259803548285536223e+01
1.788288795961940991e+01
4.112424417443476443e+01
8.094312563932383853e+00
2.328068838731564938e+01
7.950642781692953065e+01
5.058401439384793363e+00
9.305418039826925281e+00
3.190910806556435020e+01
1.665027364518631714e+01
2.543171275345796545e+01
1.888963166963328533e+01
3.391281802253995892e+01
5.784424782470914295e+00
1.526145284608342223e+01
1.259639871765952179e+01
9.297027957882972871e+00
2.199844213756306033e+01
3.137251333060256187e+01
5.725187092179581327e+01
2.516067559297817624e+01
5.818426870748717228e+00
2.327650744347090139e+01
1.460838689714443461e+01
3.308774142378020855e+01
1.212204474075917737e+01
2.312927526895483155e+01
6.941952551588028086e+01
2.544873825406202528e+01
6.073895256825871058e+01
2.351686694604162042e+01
1.422043429723765939e+01
1.464842030159081787e+01
1.219855543308359813e+01
1.062803606154847458e+01
4.686198794408938539e+01
4.798610674051450786e+01
4.942054231247396068e+00
9.776804410973554127e+00
2.152402488992245821e+01
3.507835704456240933e+01
4.534667527077383653e+01
1.672093788787818980e+01
6.138687525537743994e+00
1.972201766575976123e+01
1.050033015047170615e+01
1.953405847216079749e+01
7.377244081787043939e+00
6.254492173438687352e+00
7.622886366392143032e+01
1.444877937393610168e+01
3.005700991505590736e+01
2.902244114224124871e+01
1.032152941645733968e+01
2.473541211081145974e+01
2.922701765149158959e+01
2.187460569170256264e+01
5.620698062575618437e+00
1.916026211421009151e+01
2.419486178883636995e+01
1.797469760503298630e+01
1.162940421165672156e+01
2.451154105314692799e+01
2.803368827904041183e+00
1.305940553071325105e+01
2.895028710081016499e+01
8.428321836403961598e+00
1.702750466673432683e+01
2.062395411571027637e+01
1.420291075448629137e+01
3.358304692290258942e+01
5.691153953836473711e+00
1.791102704554445779e+01
1.880611164125158652e+01
7.896386946090869330e+00
1.159850917059453579e+01
6.278424767794856365e+01
2.050082521700966609e+01
7.674092604431333342e+00
1.765941056825995759e+01
1.420972040470694786e+01
1.691488491168074049e+01
1.455559773346070784e+01
2.598587644823199483e+01
4.091113669571438294e+01
3.403170320420368711e+01
1.439067450049576458e+01
5.427822411280127213e+00
4.425107267646326648e+01
3.652428079275356509e+01
1.714487160101866436e+01
1.351663410750657235e+01
1.616936874415400993e+01
2.514254149302276886e+01
2.139496476990112583e+01
2.733643476574173903e+01
4.293558656620456304e+01
1.660718929656693277e+01
6.338047095711087486e+00
2.843912574216306766e+01
4.160452151514710550e+01
2.123224448647766849e+01
9.822417976382125104e+00
7.375659931714237949e+00
2.576058145625613705e+01
1.385003317496866337e+01
9.823776647561292208e+00
6.601496331041666110e+00
3.844374634480652730e+01
7.801647014897412191e+00
3.790154144627222621e+01
6.230733453399192712e+00
5.920417704295530115e+01
8.867653313879085175e+00
1.971051309783747385e+01
4.899732375244204263e+01
1.805781602152026011e+01
2.279561873443944364e+01
1.262884431979683342e+01
8.826294728274099555e+00
2.202088232627983544e+01
2.022649871059277515e+01
2.755216934241252602e+01
1.853960241108971729e+01
4.690504684514023026e+00
2.296871188274263531e+01
3.112169318517246452e+01
1.826598629164314502e+01
1.334403684012624147e+01
7.503595358260372272e+00
1.993928900062862652e+01
4.498131164244184532e+01
9.279440004057208569e+01
1.775290176370767270e+01
2.155761346159398073e+01
2.301161366400416242e+01
5.036535187862314444e+01
8.429535438062031005e+01
1.917095130191714958e+01
1.181447014388768402e+01
2.203252936919460936e+01
3.263342562268011449e+01
1.104797208489923861e+02
1.310946294145253432e+01
1.450066108837102341e+01
3.306313703090333433e+01
1.404828518043335528e+01
2.471418908295441597e+01
3.997933383403181296e+01
1.698236741205155109e+00
4.325447156319738440e+01
4.838103854337823861e+01
2.780829202413968204e+01
3.030744056905462713e+01
3.928289057413670804e+01
3.065055487479995477e+01
1.764748966880382142e+01
1.456703994025333415e+01
7.339844313916640495e+00
2.713382416328187219e+01
4.139847181364991968e+01
7.346003151242806339e+00
1.182273121372954527e+01
9.875669479060753986e+00
8.485285777982335631e+00
4.442679927501112402e+00
7.069460176958308750e+00
1.377106929875268122e+02
7.933912409141678168e+00
2.228858675630311836e+01
2.253243535545935217e+01
4.690185012677432042e+00
4.440598330988984088e+01
4.545737614899998391e+01
8.982580069091763875e+00
5.473444889919770162e+01
2.393029245079425138e+01
7.717632808586632365e+00
1.978335286641897284e+01
3.032781329223936950e+01
3.040003050825380981e+01
3.083420882048244493e+01
1.951242746756989277e+01
1.501566112741563686e+01
1.270766929530429579e+01
1.883266958327791230e+01
2.498401685510377135e+01
1.103674424188552905e+01
8.311681317785076573e+00
1.261220585555438234e+01
6.726685036750347457e+00
1.823459572017458186e+01
2.576738580004992230e+01
2.619721631863718159e+01
2.161069586053301705e+01
1.340031968379057048e+01
8.904523265108508667e+00
2.798492732354884538e+01
1.554829964178293622e+01
2.822685415802599351e+01
6.077304905040574745e+00
3.030864584573706466e+01
3.312371819285846186e+01
1.239788504819234838e+01
2.320847355480857743e+01
7.579629263970245390e+00
6.568537166431833896e+01
1.591136746822942882e+01
2.234309079594709857e+01
4.297940056388372909e+01
2.801515704320722122e+01
4.021932530237283032e+00
4.631581325525750259e+01
8.130517243444650433e+00
2.160482515320678942e+01
5.766783278768192744e+00
1.353342906523331202e+01
4.394125555869031530e+01
2.480879256109063036e+01
1.307476289654594304e+01
2.388666607482150539e+01
2.998399748925983488e+01
1.617349765479531243e+01
2.388748588947827933e+00
3.318774661444142993e+01
4.036138102370076552e+01
7.650258907047254198e+00
1.494041975445889392e+01
1.195609484255669663e+01
2.343421245453760093e+01
2.018998564599423418e+01
9.132386061235894914e+00
1.948410646913351485e+01
1.243030883638451733e+01
1.254858999172639145e+01
7.909185653615601552e+00
1.936080829913223766e+01
1.228657363371214828e+01
9.531667678013045375e+00
9.605607382125326055e+00
2.770864580137874711e+01
2.065949360980374294e+01
9.163349323856518680e+00
1.074587592208270337e+01
8.371907074415272376e+00
2.187132381010882654e+01
2.758803233815183020e+01
1.293714363418149738e+01
2.191681527820574971e+01
2.472139919234924221e+01
1.041341835398238302e+01
2.116631559619276715e+01
1.896833172097457521e+01
3.862297781140114239e+01
2.521083606261421650e+01
1.503729104412780870e+01
6.853614141505555324e+01
9.594496121678085743e+00
1.994130645874514585e+01
8.958020625907016310e+00
6.933379522417843610e+00
3.352427500957288231e+01
1.425393337473888344e+01
4.876692618150663350e+00
2.665265612967737852e+01
1.541908005741663246e+01
1.265482822775593164e+01
1.295761803756630925e+01
3.115797850737539676e+01
6.820277449521094937e+00
6.023854255636613431e+01
2.547886977991930380e+01
3.490891862720616956e+01
6.391003094687238928e+01
2.056991611507182327e+01
8.720526090529808982e+00
4.384900269137918194e+00
7.669042779271553911e+01
1.167433964854246042e+01
9.068430803308812571e+00
1.366557127136946015e+01
7.403143014296110103e+00
4.428939919469534203e+01
6.404410042873479370e+01
8.770289263817669934e+00
1.076084233338245966e+01
2.688019347031795547e+01
1.888035522887663831e+01
9.756591391705281779e+00
1.504393147259590435e+01
2.684236871984503026e+01
8.749007351195251303e+00
2.296574982904058260e+01
2.334951245745740778e+01
2.093806803757104618e+01
2.778404427109336083e+01
4.835939082779592013e+01
9.301123153224326146e+00
3.552427346418518539e+01
8.959948317669159223e+00
3.025025805583809202e+01
2.057595424932726047e+01
3.388487694485412760e+01
5.734686910329607201e+00
1.149549056373455258e+01
2.276242687172411738e+00
2.841564488848340453e+00
2.020630353917614386e+01
1.887627353183309609e+01
1.982924987552509677e+01
4.619431199897712759e+01
6.899543115283909955e+00
2.503398165750313353e+01
6.902638639607097559e+00
4.575483751983009384e+00
1.365632940502830195e+01
3.448103911636520991e+01
2.063617310036731212e+01
5.961239589193951360e+00
9.382119962889742482e+00
1.815006556556173223e+01
9.116982078163438530e+00
1.443331622172389572e+01
1.754748729847489841e+01
5.010756180474304244e+01
1.032986631233685237e+01
2.354388935017165352e+01
1.361461515442242920e+01
1.097319709618268035e+01
5.013774025371196430e+00
6.017828721985314644e+01
1.002136550884746136e+01
8.446492787630941024e+00
1.091591078498325373e+01
2.047522644583528617e+01
7.377882009507398209e+01
2.165039231716868429e+01
1.658956717400902647e+01
2.218396438114472957e+01
2.135348890350826778e+01
1.415064241497445607e+01
7.945321919149344048e+00
1.445638542284664396e+01
9.932135878589079425e+00
1.171594773838741865e+01
3.838345709810301543e+01
5.674448227808881029e+00
1.039427054575062215e+01
2.791483455650875811e+01
1.135598692645194951e+01
3.575307016767750667e+01
1.289331425083074834e+01
2.623476935941931742e+01
2.763788236033714085e+01
1.948885933613662047e+01
1.239836071416880436e+01
2.390421723655117248e+01
2.940880824035856378e+01
1.791052571852745601e+01
8.379978703824564334e+00
5.031875615563865978e+01
6.513276205709843225e+00
2.338859773856188440e+01
1.743739704634137411e+01
2.091440350580526086e+01
1.050175035427486669e+01
4.406974644502962946e+01
4.294763719104518174e+01
1.004303458848366581e+01
1.532090203972911446e+01
2.203689227582155041e+01
6.105222979096994962e+00
1.721840947879612571e+01
1.789807179642272672e+01
3.197095790182166830e+00
2.603720768018447984e+01
2.921180939159024348e+01
4.739066223610597817e+00
3.127981199820096236e+01
1.424407599950305681e+01
2.873526206295488095e+01
1.266684948535011124e+01
2.234368982896925004e+01
2.997081355162758953e+01
1.170366556859670659e+01
1.172731712784431046e+01
3.208813104161217211e+01
1.586182249440681247e+01
2.086029523536937091e+01
1.822809776832537310e+01
1.152061112027367429e+01
3.605523908006932743e+01
7.294727492093756815e+00
2.459705914160899454e+01
3.131486338522569568e+01
1.584378233827992943e+01
3.878867430607903799e+01
1.362442108779696071e+01
1.718401657287139273e+01
5.152717177001671978e+00
6.203531331828060047e+00
1.823221303629157219e+01
9.325220421178265440e+00
1.074811873422482300e+01
1.798298442401379660e+01
6.344598152519334633e+01
2.907571772624831041e+01
2.570502926850869230e+01
1.006221805456316609e+01
5.280407036888002281e+00
3.855571063599002368e+00
9.935254959043923861e+00
1.490412066388360302e+01
6.455626092695518992e+01
1.970120575003388552e+01
2.346019777429246389e+01
2.112682877974224382e+01
7.343938577559257830e+00
2.905390181662089688e+01
1.456381189545401256e+01
1.033676612992468336e+01
3.283666100635178964e+01
3.444128354257474456e+01
1.356073662056332019e+01
5.758721891648327329e+01
1.593451338983705057e+01
4.470462866427659065e+01
3.039099030053811390e+01
2.046179616591300032e+01
1.901613500476811680e+01
