4.372590483795648630e+00
3.312683749214599072e+00
2.150882805988959134e+01
2.321218685463398046e+01
1.593535749452341044e+01
1.630189662152830721e+01
4.959058905286381957e+01
1.215501976958191577e+01
5.420210132768089295e+01
7.136987386767013497e+00
1.918684521720491887e+01
2.351701711209123857e+01
4.520537804819106498e+01
5.724066543410381236e+00
3.170145013441603510e+01
1.942583483169111602e+01
2.332417263850245703e+01
2.625336587343985784e+01
1.924544154376328819e+01
1.353088808522220354e+01
1.513611378184451617e+01
6.020736384200566782e+00
1.909886734147438148e+01
3.584190399844980135e+01
3.535465036527292604e+00
4.702378646758110392e+01
1.425533311036938677e+01
1.660159565628152478e+01
5.861817608357228870e+00
1.222877134586376116e+02
1.582332915381952176e+01
1.384620070249676260e+01
1.040483000701323313e+01
3.345758116635954593e+01
1.122307733706031385e+01
2.046147686109116037e+01
1.127728054778420308e+01
2.184250895023506800e+01
1.162409425344229241e+01
1.576727310379502178e+01
5.307201489285853668e+00
3.256975450145476003e+01
1.571299212059966166e+01
8.800438531918464591e+00
2.000626743550943942e+01
7.975913582178230321e+00
1.608643570689644875e+01
8.535244899993054801e+00
1.992321008298455709e+01
3.246987250091838462e+01
8.310567827949179787e+01
2.259528294352669064e+01
6.535085377669059170e+00
1.585321815252929056e+01
4.790837774129364846e+01
8.353559560589928878e+00
3.437112162602502963e+01
3.439009347761512903e+00
1.110901928594559429e+01
9.427408048354216419e+00
2.909989918137308251e+01
1.222693142778198627e+01
1.754706188592210836e+01
7.339497043536505672e+00
1.758132264891259666e+01
5.526192665439300988e+00
1.158019994158185462e+01
4.311474108365867863e+00
2.436232660913815096e+01
7.034645870239939036e+00
1.102587689886409805e+01
8.110304222114883999e+00
5.677121747401868035e+00
2.220848537750951124e+01
3.877140747283334576e+01
2.294738991904183223e+01
2.428455100927745747e+01
1.395965261463722662e+01
6.544617370888259344e+00
2.273275485758968983e+01
1.022171234963207809e+01
2.981746214623230173e+01
1.306843996524659346e+01
2.899993964563122972e+01
2.550937050883043611e+01
2.028806016160563885e+01
1.491670713028480044e+01
7.654483341429952681e+00
1.701412479273386325e+01
2.728035799514964665e+01
2.736385511547242899e+01
3.757578539964822539e+01
1.146124062449342240e+01
2.446787417642316242e+01
2.249575557651924029e+01
4.128103625373854335e+00
3.978888474466931768e+01
6.090011059824166573e+00
1.360759322088194168e+01
1.849865001322524449e+01
1.945654584915869734e+01
4.290454196006436405e+00
9.589229441659990982e+01
4.375802217285477980e+01
8.198340770266987931e+00
1.536441177381164991e+01
1.547348909365238967e+01
5.133665787477279530e+00
8.145436007006470192e+00
1.218113370713073884e+01
1.189392585271212113e+02
2.825018183894258783e+01
1.109181852499969345e+01
1.017499090662178318e+01
8.684661461274027161e+00
7.937549123649029426e+00
6.938813113910525132e+00
1.275389351495513424e+01
2.653741924158192589e+01
4.165205639268205573e+01
2.325108258769439828e+01
9.118431922259075506e+00
2.399863143247079389e+00
1.834272573746476453e+01
5.362568709444301973e+00
4.621201071565341323e+01
1.812212048363350902e+01
1.739831571292762646e+01
2.414463971311840496e+01
2.180531876088441834e+01
1.102812564611654977e+01
5.363030881374390191e+01
9.453072290257029664e+00
1.051640992509018879e+01
1.440889743810947010e+01
1.071765830048560630e+01
4.355833300822977705e+00
1.589231633999935056e+01
8.634775496834464548e+00
2.197493359382740863e+01
2.659646365597546591e+01
3.189691983569272082e+01
5.879758137020575148e+00
1.326807952546270712e+02
1.759969530647250124e+01
2.465465977654360330e+01
2.353561609647711705e+01
4.941616024057763568e+00
3.282002892116099968e+00
5.116453797645795021e+01
4.884567007441007291e+01
2.675242029605212846e+00
1.543836974296100450e+01
2.200907954800935684e+01
3.245647909977728318e+01
3.095755206299314111e+01
6.280185164822868416e+01
5.370814753435790578e+01
8.526836497568977435e+00
1.490783888725880502e+01
2.951340862188293279e+00
4.394869384416811897e+01
4.392252941555921097e+01
6.984253620944189223e+00
1.414229991554378607e+01
1.473409452750487603e+01
2.137798704910317937e+01
7.301767110933568006e+00
1.967932213094089278e+01
2.038110645290571910e+01
4.326507070501242502e+00
3.966676410424037869e+01
1.203103759055217736e+01
1.431842400580041641e+01
2.502321276325719168e+01
3.317005449375608261e+00
4.395898582587119741e+00
9.787872820498812132e+00
2.324554350697609806e+01
9.933777333380767516e+00
2.375050784956801664e+01
6.573362900230427464e+00
3.693959934885657770e+00
2.438929247439024195e+01
1.314526885930088795e+01
2.276992128782167946e+00
2.983446037050228483e+00
5.197774791680068951e+00
1.688456713106154083e+01
3.988486400612879379e+01
1.468739620809369484e+01
6.150334773795244558e+01
1.142085862037530575e+01
2.106806387817189119e+01
1.315084664823133487e+01
9.374257718322311916e+00
1.407759643588933045e+02
4.575147381669471436e+00
1.730711185366607197e+01
8.143865756650829013e+00
5.037350118121366016e+00
2.638301196397489434e+01
5.859046803894575817e+01
2.087946217991105513e+01
1.641464267242159636e+01
6.272483396127611144e+01
8.009346639515536381e+00
3.269673159722873201e+00
1.471401090244384946e+01
2.934464584758094929e+01
5.793611826026006639e+01
2.121639299780127530e+01
1.049139268032304528e+01
5.978507068266663893e+00
1.128694328508226974e+01
3.243414470112298886e+01
2.655659283797133341e+01
7.593720098437770183e+00
7.566500748856546110e+00
1.364149886701968661e+01
2.242001670071453390e+01
1.671778153104157028e+01
8.996183356673254750e+00
6.466412811408583927e+00
1.937641888915891286e+01
5.925526599326624400e+00
1.196524243479553817e+01
1.539944850621109040e+01
7.756908327422005200e+00
1.607444048139125670e+01
6.753753240663392887e+00
3.089299035693794337e+01
3.882405677824014134e+00
3.223463766844752598e+01
8.086375085270367435e+01
7.023014734115470503e+01
1.338357313174720176e+01
5.524636897336261399e+00
6.405208145717436707e+01
1.595354701535560871e+01
1.612216508429202477e+01
8.911320986395740107e+00
4.186671455453837787e+00
3.755784221224272557e+01
2.209391339403574861e+01
1.117868213473007799e+01
2.357685377586953024e+01
3.035141763823866157e+01
4.285969539258691441e+01
1.230385006960008631e+01
1.418129790636250220e+01
9.429101504703030656e+00
7.084847827630871286e+00
2.437667845195932514e+01
3.109926638344506777e+00
5.907842774492213955e+00
2.285870016113634051e+01
5.983792498934166204e+00
1.127349571150209506e+01
1.017094902443744218e+02
2.215287080401754594e+01
1.339206275305349259e+01
8.169949884744958979e+01
2.746642392415409972e+01
8.746105668539932765e+00
2.794320009307487140e+01
5.589451975888933077e+01
1.195291069228315273e+01
9.337294706443989512e+00
1.213810674167051573e+01
2.182846478148979230e+01
1.032712401976842465e+01
1.006626207173440690e+01
1.256979473700093664e+01
1.190377746034570094e+01
1.467809242611470566e+01
2.047434720270467068e+01
3.138311439357838495e+01
9.032195588284071874e+00
2.798083336081930028e+01
4.295459288494122951e+00
1.747834567602430056e+01
2.112646545186303015e+01
7.549196838026693968e+01
9.727586211269107253e+01
1.149430303446554014e+01
7.309628138963669031e+00
1.844363729764114623e+01
5.594371095274792260e+00
4.349214098500909387e+01
2.833849366306192863e+01
1.066720280430358159e+01
5.027669916073322298e+01
8.615574215060927799e+00
4.949082458637403192e+01
5.150133870059667629e+01
2.925261072320765976e+01
7.163999631047549599e+01
1.566050885482478883e+01
2.310861953595717466e+01
6.818909761148808535e+00
1.459185654020755507e+01
5.173431466303480164e+00
4.512809214092605714e+00
8.891621300804695593e+00
2.702904189139074731e+01
1.046755410803564068e+01
1.308429559779573914e+01
9.256151177429297050e+00
5.147704914058815007e+01
1.893176446500522658e+01
2.248066121034890941e+01
4.205008774073260014e+01
3.562515144271060752e+00
1.291653809187245194e+01
7.841270530211284395e+00
1.727554863763171227e+02
1.071407668225299759e+01
2.521124706577888830e+01
8.589256928888556075e+00
2.683299262627138759e+01
8.849325680267398297e+00
9.646523293937278254e+00
7.596935853866071398e+00
1.912879700064979360e+01
1.602954223742972317e+01
1.377430158758652112e+01
1.524781500105302001e+01
1.536383883244442394e+01
3.168484909583291653e+01
1.324178395891014226e+01
1.560501038180143851e+01
7.156809767885668805e+01
1.749327452416836692e+01
7.634765681709708041e+00
1.810736620885353787e+01
1.341338630061556181e+01
1.665448664853875016e+01
1.152650161010772045e+01
1.295226652736820938e+01
3.884500177477659122e+01
7.402633373468069600e+00
4.884165808706253387e+00
1.495654006242437362e+01
4.586903787553517020e+01
2.589681359263085625e+01
6.454774002217973816e+00
4.038067053372595439e+01
8.654427617306112097e+00
3.865996008648882043e+00
1.116933569853136632e+01
5.895356575709936209e+00
2.575330368419837868e+01
2.889689838656555665e+01
7.551717628654756709e+00
1.619482872623778036e+01
2.520881708858182790e+01
1.410309099754621975e+01
1.479518215274860493e+00
1.412283399915191850e+01
3.609523382032850236e+01
4.818545515421559955e+00
5.499184940531074872e+00
1.476204583153611694e+01
2.069273598438281780e+01
1.171081200509345521e+01
1.068816844710533154e+01
1.003000857476410523e+01
2.455694121020788856e+01
1.586302687605287431e+01
4.044444978571945626e+01
3.241875911651236919e+01
1.218169789643883227e+01
2.507098524653945759e+01
5.475010294558506274e+01
2.413808128756147653e+01
2.249180645858423233e+01
1.230011941481423499e+01
9.848192937923398560e+00
7.067293113781622615e+00
9.296831744419408849e+00
2.230957541760511198e+00
1.346571060919819907e+01
1.247117338302229328e+01
2.354929366714406314e+01
2.388282366477768193e+01
2.994756398509986894e+01
1.047347640484275821e+01
1.890573733842411031e+01
8.348289953555156018e+00
1.279396989414108887e+01
2.296837031129626183e+01
4.362536021927303409e+01
3.045884473398424319e+01
2.290992480402120179e+01
9.728535220750609724e+00
2.509734380163983047e+01
5.015025716673756762e+01
2.027328897009122599e+01
1.541908842686506631e+01
2.525059613714857321e+01
6.662798435746344339e+00
1.804800035104719669e+01
1.984900663956243605e+01
7.322729908270559918e+01
5.406861184450947100e+00
1.744958368937092885e+01
1.146382358206446206e+01
1.708411477811717205e+01
3.465437372483836498e+01
8.352096300982848831e+00
7.234012515179941261e+01
3.125486364370449355e+00
2.993357356420555249e+01
5.030059887903747473e+00
1.976323215284333656e+01
4.295627913034642198e+00
5.433419573715614348e+00
1.784597057070701709e+01
7.517968160562663371e+00
2.370033022819188062e+01
9.784754152746248934e+00
5.726037794401572789e+00
1.811950579760024027e+01
1.096237573385124264e+01
4.705473712137568043e+01
2.025786266935770286e+01
1.857339184627742412e+01
4.765489572857459777e+00
1.168558282391764891e+01
8.238651460876608823e+00
1.106188872617850194e+01
1.509501718781683088e+01
1.680214426493513002e+01
4.777194617908987695e+00
3.659779165233572495e+00
2.759489026621618279e+01
6.024459008543684213e+00
1.944455868958445777e+01
1.785504988547047134e+01
8.805206278968020328e+00
9.321047657214647231e+00
2.691668986358665450e+01
1.073825448082322787e+01
1.146239443469233876e+01
1.363074486791643558e+01
8.309186779711831505e+00
7.010572293377725472e+00
4.001997054086155359e+00
5.964799599755941983e+01
1.113275744791207522e+01
9.912771539884785099e+00
7.035368707597976723e+00
1.618032891050477673e+01
2.039258791695499440e+01
9.357946763340860841e+00
2.791327681171629393e+01
1.516489099668403107e+01
5.253095622890737104e+01
8.113337086199823744e+00
6.246475444379998976e+01
1.321896062150302242e+01
1.246824765342976171e+01
3.083332681231989980e+01
1.366410504671387294e+01
3.742915405487833880e+01
2.806403976720290316e+01
1.209717888293436161e+01
2.456943995847781181e+01
3.110835738284733143e+00
2.252040519493364101e+01
2.494767636587293680e+01
1.219435226266838690e+01
1.631726876435117646e+01
1.070240920436487464e+01
1.914174231737237974e+01
1.218218898653868187e+01
7.103785615482660631e+00
1.376194993460083538e+01
2.040693395517859798e+01
1.327247372025420447e+01
5.486346620909120730e+00
4.558421154488040372e+01
1.202733114638764000e+01
1.817747742619508600e+01
1.160766685868735593e+01
2.205208627270867439e+01
4.789044896568547216e+01
1.741270358117617789e+01
2.667473758680163343e+01
1.367443673489698774e+01
1.026772387310612444e+01
1.853372581132737551e+01
2.615076166967206817e+01
2.067924267290800699e+01
1.322527195399226940e+01
9.877826240173614991e+00
3.489098265347079320e+01
8.661518468545938987e+00
7.642156746756096020e+00
1.504955272495611673e+01
