4.992659580378255413e+00
1.747814285066904461e+01
2.512976188046622639e+01
7.617512527003358791e+00
4.467715928084398058e+01
2.059173889238518385e+01
6.442072847090381416e+00
2.124673050869101587e+02
1.834663942394960046e+01
4.196610226498176388e+01
1.707946773647648442e+01
7.357367238445404745e+00
1.953797285781948290e+01
1.015914976509818146e+01
3.849584239299960586e+01
2.595451950408085651e+01
7.383470276005884791e+00
1.182901061249288688e+01
1.361387184911007431e+01
2.291623616856686851e+01
2.215452154794229855e+01
6.061553734780405378e+00
3.138253053400620729e+01
1.051229966038625818e+01
9.173127362114479766e+00
1.746831758611251217e+01
1.316745504696115354e+01
7.263163176574626334e+01
1.385416178143954369e+01
1.116209835401788553e+01
1.869928045127720750e+01
4.655016350686629778e+01
1.833878976260736238e+01
1.402012448891738039e+01
1.713247305417080923e+01
1.969680375039256148e+01
1.106319319968667081e+01
9.921696020991515041e+00
3.940871633968505705e+00
2.319826052048079035e+01
1.192355068766117299e+01
1.644463789964380496e+01
5.345641457186074774e+01
2.598149554135504857e+01
5.766231661207961601e+00
1.482936967865837019e+01
3.117652191063435652e+01
5.123456277906930367e+00
5.253958427119125218e+01
5.856723692010330495e+00
2.417748226319053728e+01
1.901197786802852363e+01
1.430056022641217055e+02
3.248709707586666440e+01
1.427405835768839282e+01
2.545915988692280862e+01
1.714404076910022212e+01
1.769871428898554910e+01
1.411358144643512169e+01
2.802513451249329179e+01
1.396843043329836931e+01
1.532056108109493664e+02
1.821438059800007281e+01
1.570238155618832820e+01
8.128462660881206503e+00
1.447420537191101531e+01
2.273930546677652131e+01
1.067434963651466440e+01
1.756481967120856780e+01
2.669729019534974057e+01
7.165036033592230069e+01
1.055202864692087417e+01
4.088318005004311750e+00
7.443885233887716879e+01
1.155531054168864991e+01
1.089215809451179240e+01
1.696898442529705875e+01
1.343735088950209544e+01
3.825106349156288843e+01
1.170867272519132918e+01
1.927001037524970428e+01
3.185769369576239995e+01
1.468109623842008027e+01
9.272827163488633673e+00
1.009569194525170310e+01
8.881276691465917139e+00
1.885640569278282896e+01
1.488521073072807077e+01
8.561855807843999244e+00
1.034480617150928161e+01
4.365394464341370018e+00
6.290257875711542823e+00
1.966660599027468947e+01
9.547746136513637794e+00
1.364047940732065634e+01
1.365939556255348997e+01
1.944618868086934071e+01
2.454870429448928348e+01
4.535300971680943150e+01
3.471368306819135796e+01
9.264903029901232046e+00
1.798431198792833996e+01
6.605786997471723510e+01
7.157618915557757866e+00
3.090720265551564339e+01
3.924305250978803628e+01
2.296993586530714992e+01
2.259085628225152576e+01
4.884473882939655454e+00
1.027457820093438201e+01
9.507725027172126531e+00
8.066612171631870609e+00
3.739178476981793864e+01
8.449547071059249959e+00
1.174682201749210186e+01
7.952975693452602357e+00
3.464190164821943529e+00
1.455200364969495297e+01
8.153622921352225106e+00
2.742095079179138395e+01
4.252247096574358665e+01
2.219678213621588725e+01
1.357400352711130509e+01
1.164642626195991149e+01
8.428322251412444288e+00
5.295421094081491731e+01
7.363203150874952030e+01
1.062326102672021300e+01
1.094637263393673088e+01
7.076979916178548713e+00
8.568472932821423527e+00
3.632031677471545805e+01
1.532101723950668060e+01
1.597350369103039824e+01
9.337084750346239304e+00
1.946783100697750157e+01
8.411162478002113474e+00
5.685191392412414224e+00
5.633135960050849711e+00
4.299911966916489803e+00
4.964173990786211021e+00
1.109155652496898625e+01
1.704217258926714607e+01
2.824608789154873989e+01
2.552415300860634062e+01
7.555764348262229646e+00
3.254513334716826023e+01
1.549856475368385667e+01
3.080400536146447976e+01
3.816813612171980008e+00
3.083978983293371456e+01
8.120008894191602877e+00
2.656938526450304039e+01
1.542466035295794491e+01
6.953122182950341568e+00
1.352637284116224059e+01
2.186421402843166106e+01
5.044368809949089183e+01
1.509875604999307619e+01
9.752986244757256173e+00
2.701984101130488725e+01
8.310665035165705206e+00
2.607513313738639127e+01
4.912970734686874152e+01
5.005420364971805647e+00
2.797205726004939308e+01
1.606126153546797397e+01
1.048108526287169795e+01
1.341142186365881273e+01
2.818705738529011384e+01
1.873573649381072315e+01
4.510747651158875549e+00
8.735111045868766411e+00
5.452020313097877491e+00
6.601759594675346676e+00
1.227022124514146384e+01
1.017950419123745043e+01
9.819103160686218246e+00
1.456744931132660881e+01
5.410952089200540271e+00
1.745993254079340673e+01
1.909320875311430044e+01
1.123544710102389210e+01
6.617170615627519403e+00
2.043038888165315115e+01
3.836395671301018950e+01
1.095073468333957400e+01
7.006841122333570127e+01
1.732581060649592430e+01
2.112378516456097444e+01
3.025089151859131675e+01
5.992049846387787149e+00
1.968670519171217492e+01
1.988772251548101266e+01
3.585074262657774113e+01
4.258290286663672646e+02
2.909270713703199718e+01
9.626901531842754878e+00
1.532102269748120627e+01
1.264655499465105493e+01
5.756816437042631662e+01
2.054293179707187988e+01
1.639973230159273143e+01
1.408866656439922238e+01
1.106312272006847763e+01
5.697771003478959528e+01
7.704049017272128985e+00
2.180297088509511383e+01
1.173834877239671393e+01
2.222627127140783898e+01
2.226967604013619706e+01
2.258293141583606811e+01
8.310477375742335582e+00
1.821269355209716423e+01
6.396814670246437373e+01
8.378126559174440047e+00
8.700859124541493017e+00
8.907172985837796375e+00
3.687314934116341369e+00
2.537917474596974543e+01
2.458477303383842383e+01
1.224410937708782932e+01
3.046214518663575177e+01
1.104446545791935996e+01
2.249961337895013358e+01
1.912500730410139482e+01
5.498076981889432169e+00
4.173712184398109315e+01
9.263778004477552841e+00
2.000309332146091990e+01
9.812491150353595870e+00
1.280949830186808391e+01
7.820821721996183307e+00
1.164104117366321667e+01
3.785068045791519609e+01
2.204130034210518474e+01
1.632994559686785863e+01
1.078920891005497396e+01
1.047886966825419250e+02
1.073464521232078361e+01
4.307886518720174962e+01
2.023072820170012776e+01
8.027335811769516383e+00
3.222427162987357718e+01
2.321901951097501637e+01
1.595341549492137290e+01
1.249209392181417044e+01
1.734990934711607480e+01
5.697873015274323549e+00
8.171524949875893284e+00
9.771364263024613805e+00
1.431420474033795998e+01
1.194381526197471821e+01
2.177087716606294521e+01
8.141816320477911262e+00
2.228794083269621851e+01
7.182382450741038760e+00
1.563988811767264409e+01
1.433299381084078838e+01
5.495059624621312366e+01
1.519132870441006844e+01
5.613856883112664953e+00
1.362144515324356675e+01
3.384836272946723312e+01
1.352200332750829403e+01
3.473478338787485882e+02
4.755048602109709144e+00
3.442179314802037027e+01
1.011239414531108238e+01
1.143145416371133472e+01
5.352974059423823761e+00
1.866288629446433589e+01
1.328659331202434046e+01
2.629735308531561788e+00
2.401955699629709784e+01
2.843268430397426272e+01
1.787635448830277340e+01
3.688584178371373667e+01
2.972761229674909700e+01
5.552381892133438868e+01
1.679540830602854129e+01
3.534802062859034777e+01
1.625181017354717738e+01
7.776536229840079528e+00
6.295004661387535450e+00
9.435543161103980836e+00
6.698791344072515308e+00
1.800875582846796163e+01
9.095765381259344196e+00
1.616311478265992108e+01
5.625980994432181603e+01
3.986338587582267223e+00
1.590961271451964265e+01
1.001267413909725867e+01
2.417450140272870129e+01
7.429746245604409438e+00
1.986155053764792200e+01
3.840427207588859204e+01
2.848943715103620278e+01
2.253612436480121772e+01
1.056520446545991021e+01
1.603233230512423546e+01
1.373293961930398588e+01
1.811469213367687559e+01
1.181394606192280428e+01
2.202927044042823823e+01
1.582763886620925575e+01
5.504092223782613758e+00
3.121057043794063546e+01
9.791624522614190695e+00
4.266356365322918975e+01
1.841774473597135398e+01
2.239220915093712705e+01
2.384691462472185819e+01
3.955050673053809973e+00
2.246142409011558883e+01
2.180375091564260259e+01
9.261282444059474983e+00
1.990494203007474638e+01
7.582621369045399717e+01
2.056330807130148486e+01
2.463878248862380360e+01
3.284147913281838527e+01
8.104725532822662615e+00
8.429047098911492952e+00
1.594913086633077981e+01
2.691076631961899679e+01
6.077125401518470582e+00
1.399481906438490419e+01
1.943005808951924962e+01
4.430573039867871543e+00
4.321532053672907381e+01
9.156255514424589848e+00
9.707444507236003162e+00
1.384207898766976186e+01
1.457317418967974199e+01
3.098780306569163301e+01
9.633046856763105126e+00
1.947224280841255606e+01
9.424948129867544822e+00
1.694453651943815586e+01
1.050709601078582445e+01
3.961969923462910259e+01
1.682673000551974951e+01
3.713962917832227362e+01
6.870946717004150273e+00
1.559762658067880103e+01
2.069074017328314241e+01
2.712775050760592777e+01
2.255595423227913443e+01
8.757676393805509107e+00
2.751323243338507396e+01
1.000282982823689970e+01
2.950972491578751900e+01
2.786261226182523743e+01
8.192968684882233177e+00
1.143692560544536896e+01
2.534828535619052303e+01
3.544465769546401912e+00
2.978776353112054309e+01
1.404218773306688384e+01
2.516141716365771686e+01
6.717186042043746141e+00
3.395103648237733474e+00
1.349439855116929721e+01
3.623328336976152286e+01
8.806665640108468196e+00
1.484411630767850809e+01
2.631992355781364523e+01
1.086147407356181915e+01
4.203543066899740666e+00
2.465123543243122128e+01
9.683487512242622941e+00
1.642829088540613469e+01
1.041708522786752944e+01
1.152168818491636415e+01
2.102905548911493838e+01
1.668604315402092553e+01
1.876574856652437973e+01
9.468771547040800485e+00
1.082054508578497121e+01
5.618374715559118826e+00
4.581678121073144183e+01
1.548031142438414420e+01
2.932657395629595953e+01
1.816782638324238874e+01
1.172377245002401658e+01
2.771413284654097708e+01
1.108064150682688975e+01
2.480222938108138564e+01
2.065965036926780485e+01
3.633534205454646582e+01
8.840203458291192362e+00
1.995737446283702354e+01
2.093504756125022581e+01
1.584743628373059821e+01
4.439167962900052444e+00
2.424228728779034725e+01
6.594636033870238556e+00
2.992944385303529131e+01
1.517079747567966663e+01
2.267388820142719297e+01
5.113427586919986112e+00
1.661190434570984564e+01
3.851122674515498545e+01
8.246481201782482628e+01
5.216001171598594510e+01
4.671465001484528479e+00
2.464770563183459728e+01
6.023804229789414677e+01
3.630153275411606728e+01
1.600164214871436030e+01
1.349140115658115846e+01
2.186440109010160171e+01
4.069141129420413172e+00
8.772996654201737243e+00
2.526694496378840782e+01
3.996707301518129185e+01
1.269953593125336155e+01
1.548031380069442520e+01
8.583575697928884196e+00
2.191997373263035698e+01
9.137414990886616906e+00
2.915880649453826479e+01
1.295645174259593269e+01
2.109354028465345809e+00
1.139113851720922277e+01
5.800145941295964747e+01
3.826802720319700590e+00
6.445422425429171653e+00
3.606574609948564714e+00
2.572608299405035126e+01
2.018475268928490962e+01
1.421293757058477603e+01
2.621792318064365190e+01
5.979381769778411737e+00
4.389578016476270506e+01
1.970287845292113715e+01
8.387270376283030515e+00
1.115957945721083000e+01
3.562916131656803742e+01
2.454789023284588367e+01
3.846836876178409170e+01
3.870006281030530459e+01
1.217873811740707346e+01
1.031570767457286486e+01
1.149904306372993190e+01
1.713994182681064160e+01
1.531766985612533638e+01
3.734359938523075328e+01
1.496672931486519431e+01
1.607002761826312565e+01
4.711437983525037509e+00
7.425389519111491587e+00
9.001474154186492882e+00
2.715088642511535255e+01
1.042579922810322124e+01
7.280558649083118894e+01
2.622062796746531177e+01
3.285274981863909716e+01
9.594361657469393734e+00
2.003386641930946155e+01
2.475018228372422868e+01
2.143407759838575188e+01
8.119001647950542022e+00
6.461537388757245814e+00
4.039075492612570173e+01
6.186114463932375074e+00
1.192360307013734122e+01
1.959202370495546575e+01
1.125846446448490745e+01
1.569585898296675808e+01
1.806220099048275429e+01
4.888964834913108604e+01
1.405173777587245176e+01
3.095815660101837707e+01
6.071000665906179705e+00
1.029109178500519661e+01
8.383073944481918005e+00
1.269531169618136524e+01
7.308820665560338270e+00
1.171757865771288998e+01
2.080564526926238145e+01
6.874543589813401745e+00
2.467688586896449721e+01
4.585638714582151998e+00
6.528382964155296619e+00
1.368776150158139515e+01
2.001878116649423234e+01
3.527718351224713444e+01
8.349204244418180210e+00
1.507166157145169549e+01
3.851332137650243403e+00
4.480955799485427349e+01
1.733156351789217098e+01
3.597132810371352463e+00
1.087617057629773321e+01
1.099159072827625572e+01
5.621452010301332791e+01
8.843312690427806544e+00
1.171037473410053664e+01
