2.183126765927272928e+01
2.490961188211137056e+01
5.589849102761878896e+01
5.963230830834132234e+01
6.022974170731760069e+01
1.836197604622253365e+01
2.055214542076812378e+01
1.758507348681606786e+01
6.095988755373947043e+01
4.339501639612200279e+01
1.959087082027195592e+01
3.181544720555069716e+01
1.055878706976560544e+01
5.398821323614499335e+01
2.988227660093819082e+01
1.568336470634422852e+01
4.885735153455366486e+01
2.681205585724834606e+01
8.117935010136456242e+01
2.273676293272344395e+01
5.631523468674951971e+01
1.388117805757904044e+01
1.267849586954590890e+01
6.069364374594542255e+01
2.860666122504417075e+01
3.841862602173053176e+01
1.897975894480948256e+01
4.182154745445732402e+01
1.532335975081294421e+01
8.844242143207782902e+00
1.862846689136721068e+01
3.372090362316679801e+01
2.341596146167465875e+01
1.096877457437425107e+01
2.673200050707021092e+01
3.455699096668462289e+01
2.937074170326648215e+01
5.234684748856646053e+01
3.906191852343859949e+01
2.981142929572818900e+01
2.584476705468670943e+01
2.422467116979885304e+01
2.424280960033229704e+01
2.165759901890568884e+01
5.634439490093738812e+01
2.677528975351215834e+01
1.446066552280075612e+01
1.542315025173569687e+01
7.346382405698692253e+01
2.020009069235451449e+01
2.412677880911201100e+01
1.254228643608197835e+01
2.027097939320335129e+01
1.100305820579852600e+01
1.949976282882907341e+01
2.237908878072238394e+01
1.596173514113031011e+01
1.541453450246881118e+01
3.078474684942139561e+01
6.400025039565331042e+01
4.469153447453085448e+01
4.160793872721061604e+01
8.587428582702385071e+00
5.387557498375102938e+01
4.303420422275551971e+01
1.772732740016703445e+01
1.610315723213094685e+01
3.902389913551437672e+01
9.825471064613825689e+00
3.653585608181862909e+01
1.410927190063361003e+01
2.685192943710394786e+01
1.689330777803487038e+01
2.646295568227339601e+01
3.938014235494931370e+01
2.008951107154017990e+01
1.854204375244988867e+01
3.802190150448823402e+01
2.708100180378828625e+01
1.757557799568374790e+01
2.859093590487687564e+01
5.708092824390042352e+01
2.487348449642478698e+01
3.195886895563220520e+01
8.717498093293647443e+00
1.216054407184499553e+01
2.174817507473436251e+01
1.706140214720759474e+01
4.501749548779548604e+01
7.249103235097433640e+01
3.543210009068229027e+01
2.280434164531788355e+01
1.914528103507847234e+01
1.378231193229582452e+01
1.323078381305618123e+01
5.103593310234860780e+01
1.965766567675213849e+01
4.295345940254558315e+01
2.377023729811190833e+01
3.391136452901704956e+01
6.201761718575845350e+01
5.460956179410514721e+01
2.188893334070010965e+01
1.388569363669092915e+01
1.030858407747360062e+01
1.362959923539765050e+01
1.405898759982445689e+01
3.453257557791052079e+01
6.592604332375715082e+00
3.156473394667759180e+01
1.039934179572780870e+01
3.609508520224805750e+01
3.043452451689639915e+01
3.274881585336945022e+01
9.272440196535500334e+00
5.386353692366333235e+01
2.624458627255025434e+01
5.511448520879047663e+01
2.253608922299639516e+01
5.341469341441727181e+01
2.345913555502175640e+01
1.464956700940384593e+01
1.031098586380859672e+01
2.871936963240995411e+01
2.263668665748396691e+01
3.746201612764030386e+01
4.945119323135416067e+01
1.703273332702713105e+01
2.164177689849246988e+01
2.719425947358968898e+01
5.835450548043772834e+00
9.292247113638225642e+01
1.963741262497806517e+01
1.853023272205768635e+01
2.077216454467794904e+01
2.020079166751878219e+01
4.437054194556780118e+01
9.173074713191043728e+00
1.197971173712586612e+01
3.480133375882079605e+01
9.189604693545719627e+00
2.363581119686501353e+01
9.368723207978916889e+01
2.381741642277831872e+01
3.692219243981275412e+01
4.994663527027702088e+01
5.659044792413093461e+01
1.510665889182863353e+01
2.632504563394045505e+01
4.125508797169285202e+01
8.151447839318552724e+01
2.981136943311440035e+01
1.991728910880305747e+01
1.319781846398973535e+01
1.933942611077061713e+01
2.378346256910291601e+01
9.990931528285159402e+00
2.457308636922040535e+01
2.302034638538165368e+01
1.523799770812217602e+01
3.266484610357119323e+01
1.753677331231221714e+01
1.481205558091585672e+01
1.711333871872703938e+01
1.281576268262203655e+01
7.134890479622396242e+01
2.150839833427379233e+01
2.326659113579123073e+01
2.518513903204310012e+01
2.121281419069172713e+01
4.729364357837262389e+01
1.140652343942145563e+01
2.999211568098897729e+01
2.926028176434311234e+01
2.554754802049364315e+01
2.691991643552918134e+01
2.144079601071466001e+01
3.220020439052175476e+01
4.120872601802647495e+01
4.131539960476619200e+01
1.146591148513788383e+01
1.925434418551349580e+01
1.902500521336251182e+01
2.779850464785385356e+01
1.672368652671132239e+01
2.370126370619251333e+01
3.358406764049481552e+01
1.529073861025039349e+01
8.349040967430067894e+01
3.694340642210820391e+01
3.282157220385188623e+01
1.210139123061502175e+01
7.725164301909896558e+00
3.722973116725931675e+01
4.007291470983636827e+01
1.910396367782074378e+01
2.451049756910887112e+01
3.257954350394252430e+01
1.687114092969822465e+01
8.635507601852650339e+01
3.367581257563479369e+01
2.545608476683839783e+01
6.841433050231388258e+00
8.410004996013567435e+00
1.244305235422721090e+01
6.743174992920771160e+01
1.365524790822663448e+01
1.382498662987527780e+02
2.444289366453125112e+01
3.343451335587037221e+01
4.209671628650333730e+01
2.659885899071715798e+01
1.499824384167001057e+01
2.454477654001368236e+01
3.897619957969793347e+01
2.787801759137983026e+01
1.813742166446855109e+01
2.061080482882204024e+01
3.167439495751344225e+01
2.504515047541988437e+01
3.994937889804391062e+01
3.627938132123141202e+01
2.553187974024593032e+01
1.021201445593346691e+01
2.309459799499770583e+01
1.796102985940913754e+01
3.147086180652497944e+01
2.575173110157183842e+01
1.826076360046332425e+01
1.663183819697373522e+01
2.706984842621461240e+01
2.508473384624404545e+01
8.132083255636784713e+01
2.346039819575510421e+01
3.887647351467528267e+01
1.337673360516639143e+01
1.421122732315713222e+01
5.689302400629147627e+01
3.451783299373745706e+01
1.890823257152747416e+01
2.889956693833653745e+01
2.048302613919994997e+01
1.128827154808520916e+01
4.581867262873907976e+01
1.925416100726149793e+01
1.219823346549003951e+01
2.386679226046026514e+01
1.119192717985206897e+01
7.866628414721772877e+00
9.822201047354162995e+00
1.636417929342023214e+01
8.900362111213132721e+01
3.564964400943704703e+01
7.475400451098984433e+01
3.726366769561776238e+01
2.099326204829215570e+01
1.347588158038913946e+02
3.607779085395631569e+01
1.901141674646915192e+01
8.764149518994376109e+00
1.284623808262542433e+01
1.376586441751242695e+01
2.928543229860333597e+01
3.047530671587804108e+01
1.240536956174759453e+01
1.042809194456529376e+01
9.773478383392076196e+00
1.030898977822327822e+01
5.890672584697105307e+00
7.527240851523707477e+01
9.170302481436920061e+00
3.149510638605799429e+01
2.075355460665792151e+01
2.966307069906976324e+01
1.422822269197250478e+01
2.201782143130084890e+01
1.360121974999024452e+01
1.602279694705941893e+01
1.308676246745116245e+01
2.336562684132774947e+01
1.374711869362684524e+01
4.467232993363973037e+01
1.002717726192139835e+01
1.293933102018669956e+01
1.953541611997417604e+01
5.087913455240860117e+01
2.529532785772185832e+01
4.135335499415480598e+01
1.338172358224127478e+01
1.244351355542383963e+01
2.689214223805567272e+01
1.794105991068023798e+01
2.593734777491242838e+01
4.281672632616184160e+01
2.912355668285063715e+01
1.465375980344202134e+01
1.912410858946660497e+01
2.064862882060585392e+01
5.647830162680240562e+01
1.602856796571440867e+01
1.040844572152562932e+02
1.982927640555264759e+01
7.939800555728261600e+00
9.315483957899996170e+00
3.143059385086036883e+01
6.383748000210506923e+00
3.174240496138600420e+01
2.190871075787398681e+01
1.792083080288690766e+01
2.240971437606610550e+01
1.905644447527874874e+01
4.108164388320385996e+01
5.186290092352111714e+01
1.359081405936412068e+01
3.659815779360557997e+01
2.198391135123080531e+01
1.416074427332375762e+01
1.494682791178664694e+01
1.799085905660498952e+01
1.852008537362889484e+01
2.238191396634211472e+01
3.826822172328063942e+01
2.341476936847326229e+01
4.128665473941342157e+01
6.126817156423447130e+01
2.900776761157268879e+01
1.402126011665791339e+01
2.227995068769251219e+01
2.250059893472299422e+01
4.611432747333460469e+01
4.356280413934256046e+01
7.916321902156440160e+01
1.675020269268215856e+01
1.236839516919106963e+01
2.714927114219189974e+01
4.655998543459599404e+01
1.364792028320295891e+01
3.155393248131847628e+01
2.121050750018875775e+01
1.438760521440693196e+01
1.988796728978427453e+01
1.513536888253430135e+01
2.068424775999846688e+01
2.037997310929693384e+01
1.981583507725561688e+01
3.710308493313888079e+01
2.336224589334583257e+01
3.862983488974239066e+01
2.140866798857355491e+01
2.516794021444407647e+01
1.978052008902686154e+01
7.374512770325443611e+00
9.627732499613522066e+00
5.169244779778134102e+01
8.897785654222804652e+00
2.964361368199508107e+01
1.323541621843295779e+01
2.980050407474941920e+01
2.896466424279411811e+01
1.324047820528605612e+01
4.037442205137844553e+01
2.539961779123643737e+01
1.221838438698443063e+01
7.274688696025593870e+00
1.569685336180320334e+01
3.437139829959777160e+01
3.526645169385493972e+01
3.351449428572523459e+01
1.731325288492093861e+01
3.800798734947650104e+01
8.297806567447448600e+00
7.786227668469213370e+01
6.378337004251445563e+01
3.687928453822645736e+01
8.319793550656712000e+01
2.921966451479121574e+01
1.541398192388800581e+01
3.099578370416754325e+01
1.331671535780420967e+01
2.166716926982243763e+01
9.078285480309125077e+00
3.044606091159682393e+01
2.334530976670857427e+01
3.707845877874147078e+01
6.003649326208019232e+01
1.688110118182467545e+01
3.061693023065895503e+01
2.061061254725960978e+01
2.897789486940943959e+01
2.661395026299661382e+01
3.396540320704745142e+01
1.380661982748430461e+01
1.518789148898244079e+01
6.740291885532649019e+01
2.615773586278256957e+01
7.321356949360906086e+00
3.714380022549404714e+01
7.672912759397772398e+00
3.890391813785095820e+01
3.339789344701625140e+01
2.563608780249772678e+01
2.220165920087575984e+01
2.086652239262756581e+01
6.811260218774000919e+01
2.325255686383336595e+01
7.226665463477705487e+01
2.884168598088606572e+01
2.156673313984942197e+01
3.801174877436834976e+01
2.289132038571111849e+01
1.503141122378944594e+01
1.390523945528785887e+01
2.695561146982169376e+01
3.391939258362346976e+01
1.756919503021658358e+01
2.897568869349881382e+01
4.042308733862151371e+01
5.263531919969307182e+01
4.192565479876438417e+01
2.213027934686982334e+01
1.690246949321099379e+01
2.002797395032719407e+01
2.944498272790301385e+01
1.110666597701099256e+01
2.291167836148513715e+01
5.448170904090625299e+01
2.253935539773327790e+01
3.983834052181489938e+01
2.909744928668491681e+01
1.654849303165145002e+01
6.442992423658436962e+01
4.451753368355322493e+01
8.597746797306498934e+00
3.080886413254565070e+01
6.542945203471369098e+01
1.148974748856109187e+02
1.945866550782485760e+01
1.660143326549833631e+01
2.610469069610087445e+01
2.213568202217427938e+01
1.097332978016596350e+01
2.087910269502146221e+01
3.839434394150929108e+01
2.276857804283507747e+01
3.520619930083964988e+01
5.217579281439974181e+00
1.466183063637505768e+01
3.274143033086120624e+01
2.272620151069754613e+01
2.041538139356191905e+01
1.048670487507441251e+01
2.298260615392577222e+01
1.548676253230527244e+01
1.699874720806348449e+01
2.343948113473264527e+01
1.514432283501007070e+01
4.079128374366752041e+01
1.118234080843236100e+01
1.375059013737813096e+01
1.212730773775110649e+01
3.166940630576464244e+01
1.666784332171711824e+01
3.769107638963343732e+01
3.069907764820685259e+01
4.541081241174328653e+01
2.707897180070981236e+01
2.979656300314688266e+01
3.432903518674589094e+01
1.844174375798146670e+01
2.635800735930729388e+01
1.016129743834936150e+01
6.120652240704816904e+01
2.823839144678756341e+01
3.219620300937783952e+01
4.866365096257465694e+01
2.133017847520181220e+01
3.108466897810535201e+01
3.661386232617435610e+01
2.069912266737257767e+01
7.112688003950623283e+01
1.710013435597696940e+01
2.724981557650244213e+01
6.332299761322006759e+01
2.870563622597252973e+01
7.258032816467112980e+01
1.090403796673099457e+01
1.600644161718185288e+01
1.499173360219882589e+01
1.417061949836202395e+01
1.514238233163827907e+01
3.903889415918574457e+01
2.430332788538065358e+01
2.124179200694535652e+01
9.858496792328166336e+00
2.805483290735902102e+01
1.843876202742248083e+01
3.587630279103807851e+01
4.871110063312492144e+01
2.177537211789053728e+01
1.824984609731207286e+01
4.590384880088566177e+01
