1.860682365768449031e+01
2.850833790178104010e+01
3.206260638823953002e+01
5.924605761088574063e+00
2.694280296634931915e+01
1.946198296114944526e+01
1.352213514902557279e+01
2.212825630742861094e+01
1.371702647739743774e+01
1.657254769329000865e+01
1.829144828280907120e+01
1.988644333930888664e+01
1.563925761354645161e+01
2.086348669110812182e+01
4.585779383159600542e+01
2.734283476464114671e+01
2.146678649224055491e+01
5.423691519451205068e+01
1.975232257817744497e+01
1.601355937151697972e+01
4.387696398343594240e+01
2.873972670258469719e+01
2.674640381181909987e+01
2.452552827327137308e+01
2.868784151418535799e+01
2.548304010408165254e+01
2.971490371292520649e+01
3.852830017536422247e+01
2.466344638320436644e+01
1.762870618956416990e+01
1.783091343631342340e+01
1.875705047907693412e+01
1.386887337487294580e+01
1.677336522200033642e+01
1.745007294375408335e+01
1.293416422165434554e+01
1.539471588388924204e+02
1.805633247195621749e+01
4.599494833314136599e+01
1.437585965121771636e+01
2.426286125720738340e+01
3.282579406256905941e+01
2.593361730086888173e+01
5.244498797066923856e+01
2.339961386174861246e+01
2.980339090734740282e+01
2.242788696011738736e+01
2.327678643732923192e+01
1.569795978391620750e+01
3.277589519576163468e+01
4.821575294284330937e+01
1.725127117761536510e+01
4.045949034199617245e+01
2.023328820155983720e+01
1.281192430346103173e+01
4.021882431633339650e+01
7.694147163342971218e+00
4.107046344611991628e+01
1.905406328291402929e+01
1.950483999721518558e+01
4.775008695156028438e+01
7.367302463176775973e+01
2.288610386752963066e+01
1.922743803375204408e+01
2.164052422118086128e+01
3.228401946789119847e+01
3.775267533673916631e+01
4.247633537006291249e+01
1.364679524344203010e+01
3.411853852144971455e+01
8.663885751453262785e+00
1.685308289127593184e+01
4.369102205532924188e+01
4.505502449064989179e+01
2.069203102169576525e+01
2.880595098783330243e+01
1.169081055190003582e+01
1.149160556193958449e+01
3.354214233996592753e+01
6.207746764466331335e+00
3.639738717095944764e+01
2.521199251299906763e+01
6.275133846189688569e+01
2.089693007510821232e+01
2.459553010923258043e+01
1.485819605835558121e+01
2.940934316789755343e+01
5.850702724987174008e+01
1.101750389161019683e+01
1.166048204990181603e+01
3.817437924207783340e+01
2.507179057542294842e+01
2.549766840099665188e+01
1.276220649143238361e+01
7.063884028311220220e+01
4.444183494504945031e+01
7.452135850523100657e+01
4.222193765193247117e+01
5.855861904164759935e+00
3.215176577962094484e+01
3.770518663813797389e+01
2.830611273812179363e+01
1.139544392526994265e+01
1.456874521525013222e+01
8.953189446366382143e+00
1.892072793436510025e+01
1.917307702225437538e+01
2.596882732264120364e+01
2.413441504592062614e+01
1.811979528717575860e+01
2.567130953160563323e+01
1.398345091172179977e+01
1.015753713247936041e+01
2.276271585531151587e+01
1.894292962133015479e+01
6.419237365192145717e+01
2.387634799199344471e+01
3.239221226416065491e+01
1.913113531425836911e+01
1.687833530339826993e+01
4.402257715037792707e+01
1.689333560656283950e+01
3.025260709585948860e+01
1.923115327159691645e+01
2.798102649702578404e+01
1.487464033648176809e+01
1.604729729715627684e+01
2.914887160050896853e+01
3.225070644187219671e+01
3.995532429002171426e+01
5.908906106357033394e+01
3.001319940298776601e+01
3.038873194790949483e+01
4.315641803093351569e+01
8.738806142414981082e+01
3.154068066280138183e+01
2.334480670521465839e+01
3.788152049517967868e+01
1.570681387178222010e+01
2.159478885500305978e+01
5.189580830084879359e+00
1.735221172607263185e+01
2.198283006222352753e+01
2.514732430205909353e+01
1.470175427857683914e+01
4.353055219535522724e+01
9.122240627278547009e+00
3.704900506576296948e+01
3.131252099031028990e+01
2.212552997435451729e+01
1.269208369966019490e+01
2.323695208168811632e+01
2.670926581958267221e+01
2.354316416205593043e+01
1.973590133718334982e+01
8.104427048837223424e+00
1.602587189644285459e+01
1.203557462672611145e+01
9.510995649774782734e+00
4.228946143068773011e+01
2.967409505225854360e+01
3.379116721045167537e+01
4.361543152547286439e+01
8.424444072294662078e+01
2.694525424360759303e+01
1.429865689726369382e+01
1.568951432301774318e+01
1.165985979399504480e+01
2.262854579913613406e+01
9.680562014158375916e+00
1.319435459865560212e+01
1.322279259438491472e+01
5.439247058405351254e+01
7.566735728199483901e+01
4.789746745350630874e+01
2.292158118118326371e+01
2.334438687470101570e+01
6.576661009819233072e+00
7.684479099224428467e+01
1.665742332295225836e+01
6.474187841160176760e+00
2.508752471033971787e+01
2.864126476738579896e+01
2.486953443269771924e+01
1.369620841404448086e+01
3.567463539497170188e+01
3.632661916250103218e+01
1.716785220326239596e+02
2.043350537305297365e+01
8.430819157593145974e+01
1.544906117974890591e+01
4.545931523921765205e+01
1.040740186847681414e+01
5.311398296615108450e+01
5.476240279828488866e+01
2.979826181060744972e+01
5.573629125030940656e+01
2.146815668273074706e+01
3.594557049418250472e+01
2.399796891581733504e+01
2.242363164603140646e+01
3.757967649187861525e+01
3.339703377643172644e+01
1.638669361496118881e+01
1.247907432468422328e+01
2.101517230020825622e+01
1.302755151255460930e+01
3.852096194196705881e+01
5.580120897783312550e+00
8.511839324885535518e+00
3.150533232285333796e+01
2.310647445321861326e+01
7.718669597870198018e+00
2.541398718191976869e+01
2.046533829683399119e+01
2.522691248301994449e+01
8.732724223401660879e+00
1.660881099497683522e+01
8.587452561736366619e+00
2.275703263346666816e+01
2.161709272279812666e+01
2.276860622424604230e+01
2.684667028997743898e+01
1.424599183088498400e+01
5.896918698544469351e+01
3.938946626490969294e+01
2.276535710263771506e+01
2.176127550369044883e+01
1.009520680857283850e+02
1.305560127903944334e+01
3.060019544718418416e+01
2.598830484937738916e+01
2.991406937612065420e+01
3.182983050536633840e+01
1.778598878255837690e+01
7.770550942535875194e+00
2.383897166836661086e+01
1.961610428955089702e+01
1.227822973593737821e+01
2.260489571931275776e+01
4.015089744328914634e+01
2.022828088020666115e+01
5.335571906199843539e+01
1.008334066249433505e+02
3.949656604664515669e+01
3.415896895627984264e+01
3.119387951817469329e+01
1.935219158316997223e+01
1.063905779805283736e+01
2.569604662771299886e+01
3.056443571962583050e+01
1.738446020601660180e+01
1.275162532987901720e+01
1.657399882223106147e+01
9.794187695641692670e+00
2.298104498761724201e+01
5.131409054142569914e+01
4.879101055080032268e+01
2.871469015311033957e+01
4.101840200444353002e+01
2.098808144762361749e+01
6.160969250461531033e+01
4.378056294320050768e+01
1.450635877793747675e+01
1.757220058572145760e+01
2.210578463801268612e+01
2.872549654535561459e+01
5.668529304660915358e+01
4.149582898850960078e+01
1.956645930031368152e+01
5.208948343274546033e+01
8.396272636938792999e+00
8.600724298793890910e+01
3.031804776602304585e+01
3.103763590350886403e+01
2.105259464342824671e+01
1.477735490597101631e+01
2.053905349265216529e+01
2.402183868858424987e+01
2.176928496618148756e+01
2.281570359379531254e+01
3.297098414453061110e+01
2.946754911602607052e+01
2.955931402943381059e+01
5.200555148250359139e+01
3.406547792989220369e+01
4.194070182748948383e+01
2.830220598159685963e+01
4.461753114936547604e+01
3.037154853864510429e+01
1.444890462831718558e+01
3.933218674955490002e+01
1.526519641214048484e+01
1.964177307669384476e+01
4.121740404400933500e+01
1.476217881969820311e+01
4.355657258931012876e+01
7.810235980644195308e+01
1.747308617192544133e+01
2.064141004675245483e+01
1.024131789510403401e+01
2.626370690849481804e+01
1.700228209233441135e+01
2.669452986296388275e+01
2.568466883628616770e+01
2.757046865007282932e+01
2.942082444953299003e+01
1.971235005712043176e+01
1.249465101362721597e+01
2.492786538287033693e+01
2.239729026185186100e+01
1.500436656489164200e+01
2.323999421378030661e+01
2.279678029619681467e+01
3.828924958808443790e+01
6.162374682928744818e+01
1.849347495823063525e+01
1.213914196451486305e+01
4.230813267024119284e+01
6.983044309185723364e+01
1.795450521911977049e+01
2.752651066540579450e+01
4.243342160773072180e+01
1.301062954413518291e+01
7.402035155166890945e+01
1.549714757059804171e+01
1.669149722616178266e+01
8.058467332593473031e+01
1.232496124958238148e+01
2.874350156624917929e+01
2.217404004523227457e+01
8.876806055231142523e+00
3.383817894536338144e+01
1.322480430443648913e+01
2.759838698490072773e+01
3.296498734135881392e+01
4.403626543790118575e+01
2.497897371614694251e+01
1.403719668575246082e+01
5.029838037413141194e+01
2.460296417871025554e+01
1.688207855612650121e+01
2.264925937797946176e+01
1.643786862535009163e+01
3.154385103509607546e+01
3.725302902934787852e+01
1.996454287418520579e+01
1.205970173341649243e+01
1.749149124740025130e+01
7.995561995616849771e+00
8.235238933650049376e+01
6.986766670258974798e+00
1.452849228729081865e+01
4.523148055316563187e+01
3.909413711279993464e+01
2.850370160159940625e+01
1.567894191741548937e+01
1.510797300059115145e+01
2.307193219697602871e+01
2.077663473230364843e+01
2.056643397088036096e+01
1.098205647101794646e+01
1.699981548547444987e+01
1.766751527992940041e+01
1.741670204301577840e+01
2.975416355893503351e+01
1.712329340821449364e+01
3.105031016213149542e+01
1.861819097361523845e+01
2.930362171625962731e+01
2.367324128727320343e+01
1.548251151683691518e+01
7.054828938480402201e+01
2.313435745497535123e+01
1.865246437355249753e+01
9.407223889171993036e+00
2.117745756581583905e+01
2.365841688094227990e+01
1.836457005471807591e+01
6.951826462199535150e+00
4.038114817724009242e+01
2.297982618146720668e+01
2.943897980109205292e+01
2.670548636329191439e+01
1.273403602107685018e+01
9.340170788614335251e+00
6.146248338355167107e+01
6.370529616936095429e+00
1.453373705793522319e+01
1.792149556108820718e+01
4.673538601618004407e+01
3.207240781910151384e+01
2.870414887107843427e+01
3.925114286479637826e+01
3.546867294460720643e+01
3.049547571569743809e+01
6.509491152635827405e+01
2.051233084189095379e+01
1.325392303060160692e+01
2.726938522530696218e+01
8.648945710858123803e+00
2.285746455864256177e+01
1.355540818207469655e+01
1.909138796083074396e+01
7.915006789363451922e+00
2.400555597203234726e+01
1.547239381001608649e+01
3.075101935877015080e+01
2.687352561555836061e+01
6.781525848447431315e+01
2.065141961597745635e+01
5.247148183687280465e+01
1.419529019165495320e+01
2.146777970176241013e+01
1.055330915508278622e+01
1.012935427669991384e+01
2.287085152686850975e+01
3.586815792163461225e+01
1.872860912620912899e+01
1.901763335451216363e+01
1.163294166483929537e+01
2.353554825748081925e+01
1.735571619039006563e+01
1.707038833141525913e+01
3.495158180538452086e+01
1.222160266928300132e+01
1.119275618448517307e+01
3.323329901008177245e+01
1.369701563255682331e+01
2.434309102887571896e+01
4.228399638576838981e+01
1.426856571575544663e+01
3.723315252858481728e+01
1.989187133263008178e+01
2.800008815429892195e+01
6.183244053218061964e+01
5.965830741041340701e+00
2.460798531059146299e+01
1.706940897353264575e+01
2.506118809613289145e+01
2.771710341919195741e+01
1.320624827941143664e+01
1.391228527911632007e+01
4.022385857096625017e+01
3.786813408579762097e+01
3.051237098244850188e+01
2.119143472934097616e+01
1.663581255213236076e+01
4.845100697747738394e+01
2.682795842407199416e+01
1.653181306414287022e+01
2.155767490728330316e+01
1.851769428339259704e+01
3.907245026507258956e+01
1.477571887621740565e+01
2.333377476265755490e+01
6.342585905942036106e+01
7.873431851223122280e+00
1.639147871464031070e+01
2.090306807913874110e+01
1.760440987087122622e+01
8.446127624166908987e+00
2.865784578481002498e+01
3.645938903087926519e+01
4.067244016166404208e+01
5.415750561582694900e+01
2.576564699533805936e+01
3.234581395117982083e+01
3.927073846603031626e+01
1.290219522987023737e+01
4.541179671867929102e+01
3.021223790587136548e+01
2.343083098161840283e+01
3.788667408511675205e+01
7.159055620530965314e+01
2.346967452005476673e+01
3.820367265628467379e+01
3.005109855134858421e+01
1.646955237599546251e+01
1.449690540887736923e+01
1.644494406853280921e+01
1.687119524597127906e+01
3.092018883459415690e+01
1.976927993447186438e+01
3.518960698361371442e+01
2.934886302206488295e+01
5.640387534617080867e+00
1.788087571390548547e+01
1.587830179688394416e+01
1.885850773048125006e+01
2.236142738769790483e+01
2.655912995303209456e+01
3.064675532440838523e+01
4.263327798459674511e+01
3.977901616598401091e+01
1.952280185135332147e+02
3.704060641917068608e+01
7.382335910496357201e+01
5.070000379410393521e+01
4.273637636247207183e+01
5.600412233874639867e+01
