3.825310294936505784e+01
2.235801227334378893e+01
3.088371054486117728e+01
3.229821328504760913e+01
1.383124552904682503e+01
8.341297139611207001e+00
9.565551333720801352e+00
9.806794861544851472e+00
1.157672373857661263e+01
3.302416441349754450e+01
4.306293550069212550e+00
3.536510962518972434e+01
3.005583103368334008e+01
9.795595516860876728e+01
1.013401627706647368e+01
8.014124066303150329e+00
2.492443185025231500e+01
1.116677890297422593e+01
2.746193793106800740e+01
8.998552156780830202e+00
6.434178831022360612e+01
1.372247804940315241e+01
2.335192847140045558e+01
2.986286522214587436e+01
2.071766597416467803e+01
2.813680902383792315e+01
1.654806238651003980e+01
2.051142929241710888e+01
6.113450040605376223e+00
5.801693758065132656e+00
7.509176991574878279e+00
4.836478923182552592e+01
3.809774738633607427e+01
1.266173948715245068e+01
4.946963461624375924e+01
5.922253873205150398e+01
1.681956902240283469e+01
1.268919411016374532e+01
1.416045724182423449e+01
4.518570622456519459e+01
2.084600998149457851e+01
2.194007262587478380e+01
1.601761179246105016e+01
2.767805769181094000e+00
4.193549236707275440e+01
3.013466420997504969e+01
9.256045190612960383e+00
9.933628325775381995e+01
2.081875323944745659e+01
8.549885908221828146e+00
2.217585737909739052e+01
7.783329762695912812e+00
1.887410616828693222e+01
3.693067185941255559e+01
5.780300849282302522e+01
4.931303748845083135e+01
3.248532153732909933e+01
2.148628216656323531e+01
1.112833541760266876e+01
4.536352246235323094e+01
1.913113029693976230e+01
4.805940685468090834e+00
1.658850133047011610e+01
9.658885052539773142e+00
5.222684926694641661e+01
8.539821315008465419e+00
2.149767953276570509e+01
3.019368452695351834e+01
5.435697013080380557e+00
1.890739168232762069e+01
8.911601177807876084e+00
1.580351374168816392e+01
1.000842823241209523e+01
4.037688190436386293e+01
4.117410367683583416e+01
1.767587974520182215e+01
3.735394717509316820e+01
4.334827418230086238e+01
4.143609871912758535e+01
4.438634437962537760e+01
1.297959953268686917e+01
9.631906850920341157e+00
4.736190574649714158e+00
2.121303134452481842e+01
2.939502694200882615e+01
1.156612742347729395e+01
4.415812700136593882e+00
7.418744169804296185e+00
1.324822120299179495e+01
2.131682515707677794e+01
2.165639002052903805e+01
8.649385429629417388e+01
7.164497516962353529e+01
5.435125797855429397e+01
9.603202155730168954e+01
9.470424602698022554e+00
5.738450482871901848e+00
3.797895633505664392e+01
1.748956968232522513e+01
3.031049172551531967e+01
2.728500867878457825e+01
7.241188868837598136e+01
3.172987529942583862e+01
2.694195194569191898e+01
3.441052836372435308e+01
6.586742656396685547e+00
1.229787920943140023e+01
2.820350047526907389e+01
6.843684537649581401e+00
3.675090764328081150e+01
2.386381981275975761e+01
1.540722056141403229e+01
7.285832290784159682e+01
3.491647697388464167e+01
9.230246117989842958e+00
3.503942896630308468e+01
1.554344794237395710e+01
1.070116030557121256e+01
2.121889453075456800e+01
1.779983392110293750e+01
3.125968080250972037e+01
4.531513399138149367e+01
4.137639233630038049e+00
1.086667163600603025e+01
1.025154154451018051e+01
5.346574474455826120e+00
2.551311741691203494e+01
2.805001153176180750e+01
4.394040606667515902e+01
1.928473879011815839e+01
3.422949811144821552e+01
2.310618936666541146e+01
8.052230905718786858e+00
6.237008666530984513e+00
7.178137885417311281e+01
2.525481562158333659e+01
3.867731980144202453e+01
1.961230239126354036e+01
2.586577763994214152e+01
5.269408405574299792e+00
9.446456196650746762e+00
1.532696624868568591e+01
3.777520315368128934e+01
6.847730463228931974e+00
2.833141227884284064e+01
1.755638837620269399e+01
2.179422494841233160e+01
1.331129551238755049e+01
3.550146100298555041e+01
1.310658548713887939e+01
1.600510176620321801e+01
9.053626601902286097e+01
1.696116108161902147e+01
6.815172049569331314e+00
1.081762167741196556e+01
3.983882416801693971e+00
1.299675460942762051e+01
3.343087228600824545e+01
3.383401765444332199e+01
5.833666875289916476e+01
5.786464128351621383e+01
4.671385800024985002e+01
3.809754323394691511e+01
1.340417646149996322e+01
4.658175686926140813e+00
5.886593236418426045e+01
1.658880943445171496e+01
2.796849425889743301e+01
2.956979410768617811e+01
3.587774634864152290e+01
1.441530835476050676e+01
5.782624126360919803e+01
1.330035235984299824e+01
6.103620138302373022e+01
1.011351069269006686e+01
3.961953040910869817e+01
1.192928154255599615e+01
1.560750394236296401e+01
1.607425080553861108e+01
4.604147724293874688e+01
5.493581207683057244e+01
4.632123488161881575e+00
4.055985340631127478e+00
4.697628155521115190e+01
1.047863678830834715e+02
1.356374528514913891e+01
2.885524484346772311e+01
1.509625777809394975e+01
9.908192274076355943e+00
2.531697618715437414e+01
6.811002988620823650e+00
1.739732492906314221e+01
4.398137984904512798e+00
6.707298138953572852e+00
3.034705484916368334e+01
8.350717929922691951e+01
2.328584785876460472e+01
7.232463774248648392e+00
7.012694317441272140e+00
3.101655218028333039e+01
2.138116618353188159e+01
4.630492802785244066e+01
1.662128577414294384e+01
3.347535332596419977e+01
2.668234474573773607e+00
2.993230361421238683e+01
4.975257718173878629e+01
6.301701282836354778e+01
5.704884554044014777e+01
9.206614609668575255e+00
1.210718287411849126e+01
1.023063640718463851e+01
8.667107293894090958e+00
4.264328865197407836e+00
3.297385238127814944e+01
6.439211596953021477e+00
2.074500298623759775e+01
1.025163127040316091e+01
7.668664585685435853e+00
4.513229905164386935e+01
8.085211211916458751e+00
4.473219023138410932e+01
6.719843114587867206e+00
1.616273488206253006e+01
1.236030700902058044e+01
1.254834283865865352e+01
7.135845936153092595e+00
2.881542968790914117e+01
2.272603161126964366e+01
1.064877259759353301e+01
1.862713124813524246e+01
5.667687163291663666e+00
2.441446514274914392e+01
1.108342652783319409e+02
1.165303061072327750e+01
1.870979619269417071e+01
8.839495606571736275e+00
2.484998783317855597e+01
1.314957413886899751e+01
1.325616773844098262e+01
6.330675079613479994e+01
1.298362001439609159e+01
6.811216787678612050e+00
5.845028547586723633e+00
5.304975944091060569e+01
1.130020750593791767e+01
1.156461353854483676e+01
2.474038721159694276e+01
1.689235971061921049e+01
5.529557231773727466e+01
1.876910605028104229e+01
3.760480079520273300e+00
1.116301426148138987e+01
5.429695982040424695e+01
1.335357302491757814e+01
3.201398256913378759e+01
1.274286816037611203e+02
6.480848237823207114e+01
8.068495134645937483e+00
2.137592056727162415e+01
3.197950519582338558e+01
9.338860507676818301e+00
8.254991441621018566e+01
2.005106180139405581e+01
9.427268959300620921e+00
9.364883289615967499e+01
1.657998210779159720e+01
3.018748006071235679e+01
2.160922563637735649e+01
3.700742762090305149e+01
1.599717700430230494e+01
1.633491614714417750e+01
1.353079484730764470e+01
7.673770263024268345e+00
2.526890963253744360e+01
8.004407684459671657e+01
9.508748829748483899e+00
1.141326371855547350e+01
1.499776828540664653e+01
4.542746052320246974e+00
1.954079022911502861e+01
6.221046006432245257e+00
1.662865591062696069e+01
3.512695477208204409e+01
1.049315031851020663e+01
2.459391257569166100e+01
3.561092889606276657e+01
9.025316675990636028e+00
1.010282599353058330e+01
1.919679877399344647e+01
3.184720741496629426e+00
8.135718737720916138e+00
4.741138828031964181e+01
1.164485404743668795e+01
5.248295281301730064e+00
7.180861386280707848e+01
1.780458246132746680e+01
1.574203352585060856e+01
5.094668166428472489e+01
2.316740077089835737e+01
1.438373505368535454e+01
3.730456719568849167e+01
2.005811054327523379e+01
3.988315811197087868e+01
2.844162525914095951e+01
1.185358839392138464e+01
3.775765190637110891e+01
1.012622447869478215e+01
1.154574155482835707e+01
6.237733226415060983e+01
2.252066658183107251e+01
1.567137921561694469e+01
2.427796123372878512e+01
1.337155036976547606e+01
9.257353872973071773e+00
1.796180556094464364e+01
1.557767940861627132e+01
9.830384924315083595e+00
1.074514247205606132e+01
2.880769899734649897e+01
2.281749636310372864e+01
9.639505821220136994e+00
3.853956693233227782e+01
1.300404182041581791e+01
1.008404887558456586e+01
1.304758362518406578e+01
6.256680036086560648e+01
3.783184118783564287e+01
5.518815758346701728e+01
3.962486666294535809e+01
4.641230976777239903e+01
5.060380649717107993e+00
3.585821891838423170e+01
4.867217461697790526e+01
2.798603163038413300e+01
1.396932495665499196e+01
3.007131444812316090e+01
6.645579238242719100e+01
2.152150352284453305e+01
3.954094350889543197e+00
1.081819608455307957e+01
1.105689208596516693e+01
7.726633594603323552e+00
2.113835616587829946e+01
2.385318200594107552e+01
1.300834717724695722e+01
2.050553946670124716e+01
2.739578472137707621e+01
1.844314356715739223e+01
1.870583646252831400e+01
1.242443105517745749e+01
3.010238653761474126e+01
5.278350665300568778e+01
2.106548024861724144e+01
4.488153862890550982e+01
7.056402936423866734e+00
1.294788640987794359e+01
3.814833264998068074e+01
8.812919211630967808e+00
1.790657903126876604e+01
1.842617912494761256e+01
9.393303074859032264e+00
1.360043633081107117e+01
1.900001611680900737e+01
1.670784107693220477e+01
5.761431757112953278e+01
9.614576064790924192e+01
8.889601855794756702e+00
2.042683345984444188e+01
1.969266715954604408e+01
1.025912015816600764e+01
5.674772765206752467e+01
8.858822855440802613e+00
6.344451557514682705e+00
4.111832732293817827e+01
7.022226637489711543e+00
1.016267629067970013e+01
1.096892941469076135e+02
4.658658561324740077e+01
1.763049308155636652e+01
1.553675999426259580e+01
1.673922287631573624e+01
3.200852537221214789e+01
2.350433904481934988e+01
1.756933677407108263e+01
1.605528606471581199e+01
2.336967577821265252e+01
3.843211248170725014e+01
8.646005499922452486e+00
3.556126377606104505e+00
2.186146624854141507e+01
4.419941791879436721e+01
6.649632845828342020e+00
6.384592798416577786e+00
8.923905562865897423e+01
1.963592370392903064e+01
5.485723823696808665e+00
3.547894042843670093e+01
2.356788428199858387e+01
2.729459100984597697e+01
2.911270020349174956e+02
1.472119036811360537e+01
2.956618054333822698e+01
7.105908902685492912e+00
3.590388156083803750e+01
5.523435837558589157e+01
1.848801120567102529e+01
1.331971317010125055e+01
3.175603738116970121e+01
2.082449131074880100e+01
1.361257220551935276e+01
1.555711689543545795e+01
2.062247226653139265e+01
3.989661516295965527e+01
1.761796475368674564e+01
2.662724848704723613e+01
3.324324091741583942e+01
2.809688205190541410e+01
1.201342968931892052e+01
2.288935615676985691e+01
2.611084106964969820e+01
1.332939749094721371e+01
1.552544809183379826e+01
2.543397345083030459e+01
1.110931957006755688e+01
7.623649288710618421e+00
1.156221064932143427e+01
2.213877155281244669e+01
2.435203716124870610e+01
4.162432529738571674e+01
1.214603179553301082e+01
9.475713379031157046e+01
1.231217088201444909e+01
4.249017401836556473e+01
2.999604222563028610e+00
3.241892623789413364e+01
3.130980440346642979e+01
3.391730166688998338e+01
2.973080562003746863e+01
1.464278817400627730e+01
1.034619676622486040e+01
3.414219364361436249e+01
2.298240630471921975e+01
1.229525213097671887e+01
1.295826822014033297e+01
3.827577541915047021e+01
3.469005247715155349e+01
2.012924865378893813e+01
5.067441885200966567e+01
1.282931160915470770e+01
1.410467789976341813e+01
2.827912791514986068e+01
2.362750793820896433e+01
3.841847054512241755e+01
5.628461034057097301e+00
6.267242879303906555e+00
1.694293538873881744e+01
2.223155249402410405e+01
1.483584155292358098e+01
3.231701898064046929e+01
9.920734757687474925e+00
1.488984010384007206e+01
1.294105102293184295e+01
2.080007622799075051e+01
3.321569181980168395e+01
1.290969048531604990e+01
5.042195061615286988e+01
3.260592488562402025e+00
3.906059010970048817e+00
3.340174305877214778e+01
3.448478205092754223e+01
1.852986320871869808e+01
2.090615427397752768e+01
4.074794736580420818e+01
2.324661106486387041e+01
2.459372679695741937e+01
5.917743686753428989e+01
4.685715032606607622e+01
2.881181230979381525e+01
5.948587755871729499e+00
1.476885926400602322e+01
7.462845722710347296e+00
1.175787466179183482e+01
1.595714023851124921e+02
1.265534030636591289e+01
2.778503658665239584e+01
3.562749119143243348e+01
1.450330072485460420e+01
5.183159789856183863e+01
2.594531876529785208e+01
3.923011900539447083e+01
1.621212637919118293e+01
1.457898021082458939e+01
4.177776625502668040e+00
5.890366888120593103e+01
3.972995176062820377e+01
4.960680478771854496e+01
1.538073256585988702e+01
9.919824317805655767e+00
4.068077948946574196e+01
9.858768677208114894e+00
