5.754062062115476550e+00
2.084756025514214883e+01
6.183482064983525817e+01
9.909626975617427114e-01
2.276775678041303763e+00
1.416020169613576352e+00
2.638703830157373531e+01
2.007050977285794602e+01
7.266095229240285391e+00
6.133617477416760444e+00
3.814060356093665227e+00
1.683020324261158152e+01
3.300148031703440665e+01
3.756577357818580154e+00
1.068021575468996787e+01
6.267017575065015222e+00
5.979100145205206829e+00
8.645477766010175813e+00
3.433736637728228125e+00
7.365509719865293903e+00
2.598441971393206984e+00
9.107950924749800281e-01
4.041132261915374890e+00
2.072561514431721719e+01
1.002642078872077569e+01
6.000150960641533970e+00
5.242203618215720695e+01
5.581398144783308979e+00
2.547050303015233386e+00
2.920034692735464343e+00
3.457219793554615062e-01
1.917820314211656196e+01
1.973437611354966137e+01
1.190232739963913744e+01
2.988254423506797508e+01
1.954906605550058574e+00
4.535335357096769826e+00
2.649177707186980424e+00
2.135661902372343945e+01
1.413256887066893164e+01
4.337097488569959580e+00
2.866023492163770836e+00
7.014149767073176278e+00
1.610080882074332465e+01
3.874525209868975750e+00
3.602252398143681233e+01
2.432909536550329932e+00
4.550280867279061781e+00
7.850292625013267411e+00
1.851559025533029512e+01
5.592306615929641289e+00
6.442519610456592716e+00
2.431379421627012150e+00
2.029093421466146197e+01
9.933133672284842675e+00
1.933295758492715954e+00
2.652040302919786541e+00
2.226327343368623257e+00
3.442434920769784412e+00
1.024787870605359963e+01
5.453857984123581026e+00
1.720588822318045175e+01
7.445270791397611276e+00
4.198080745489586008e+01
1.707156123858791119e+01
2.355111146716471371e+00
2.652687794232728891e+01
2.270450919815209545e+01
8.573290660053761769e+01
6.979678176099890941e+00
4.079305097311203276e+00
2.231646205813882133e+01
2.943602701457810333e+00
4.837964810053753695e+01
5.410891179411023266e+00
8.418085662556523019e+00
8.161535073064481338e+00
1.112073235638056978e+01
3.053155959751568815e+01
3.338499959446129850e+01
2.233625376592554446e+00
1.387941894926333930e+01
2.872433993654373463e+00
5.225921231653582133e+00
4.342179761473627941e-01
1.189056974660559263e+01
3.206681662961334922e+01
7.538612681395702175e+00
1.347641780337542450e+00
1.459833002680644931e+01
2.548722861819120311e+01
3.642738995703695970e+00
5.892050785442890515e+00
5.041648664072594599e+00
4.265457093425358437e+01
5.326646090420558366e+00
4.157842790860466664e+01
4.012687416661197659e+00
3.971049253738752949e+00
6.075957451309704105e+00
1.845448396423146065e+01
8.854150608350090934e+00
1.011601234932348170e+01
1.792285268253076325e+01
2.468751129587726822e+01
1.415621917386059536e+01
5.653086029632698128e+00
8.350289213048478487e+00
9.190374064776211327e+00
4.822729093786629839e+00
2.447827825839362426e+00
6.082857679800658168e+00
4.824170867787808348e+00
9.787433489361024641e+00
1.243847850579729908e+01
2.063124918353023318e+01
2.469195607799001380e+01
7.600069376840582258e+00
1.766324323133552099e+01
7.550232821978481468e+01
5.730586491662458926e+00
1.755059676223486420e+01
5.343474622758439807e+01
7.100912742578199044e+00
4.664574175262389133e+01
5.734565869218418044e+00
6.560341843081380020e+00
1.016480561894912649e+00
1.059769299800815467e+01
3.072259460118355889e+01
1.620349117763563740e+01
8.531791691216175977e+00
1.930135991057774092e+01
1.486839022932982601e+01
1.382322905719367778e+00
9.423758271758449823e+00
1.395953240375737892e+01
1.450629489752880552e+01
3.883190473359937300e+01
3.317617629910959209e+01
4.570919435225049732e+00
5.747027619956116240e+01
1.210233327060521447e+01
2.400048843067021931e+00
2.005610717501160600e+00
1.090251541828918702e+00
6.887222249666529628e+00
6.727469875234080909e+00
1.815972305552179122e+01
1.311223213166983825e+01
1.386502433876765927e+01
3.012111212308045438e+01
1.627588415427919344e+01
1.061068295550055929e+01
2.503070650953996790e+01
2.798246089521617463e+00
1.137692878146648034e+01
4.592375138974396087e+00
1.814498077884935778e+00
1.327580446824193317e+01
4.831573549529876388e+00
5.101187334136239926e+00
1.161516008518115228e+01
3.685260546022461003e+00
1.655241168416825337e+00
1.021868105596890119e+00
2.130772548001375277e+00
4.261498500924989941e+01
2.357241493482012284e+00
2.832420522812304053e+00
1.086202884460010409e+02
7.159652205789553747e+00
4.999215870236058734e+00
1.637183837415792542e+00
1.467647130409197764e+01
5.945394540304710596e+00
5.323874493752991555e+01
1.154172777072882816e+01
1.157796364720359605e+01
5.654396855279768097e+00
1.064200090083791128e+00
1.596396410476006889e+00
4.350129687245159360e+00
9.189540926272330879e+00
9.880047028707069856e+00
8.457638504663048451e+00
2.457009225229073834e+00
6.770136179378856589e+00
8.230038128450111401e+00
2.278667075761415362e+01
1.185506417046993732e+01
3.199234562532697002e+00
6.931227193505901774e+00
1.236606756323014977e+01
1.995534057977113918e+01
2.353709067079795325e+00
8.566806333650724525e+00
1.246163717279831396e+01
8.166544908285587212e+00
5.506035318503978537e+00
2.937038679762031812e+00
6.877258510577397566e+00
1.582045080770279988e+01
2.441573654974298435e+01
3.308792525956713249e+00
3.088925995845058114e+00
2.513210418970016846e+00
2.857292287809247266e+00
6.015183608171444263e+00
6.942936180036618943e+00
8.034930341898208539e+00
1.204595698732847175e+01
4.221525952130805592e+01
1.160808280555146688e+01
1.600929235709331522e+01
1.851755934775510326e+01
5.590240933023665093e+00
4.776948296583835685e+00
9.718477638381633810e+00
2.256963952325782685e+01
4.348093431677972021e+00
7.614665040592381473e+00
1.331297086668195995e+01
9.502134480593790400e+00
1.286159174350107115e+01
6.835349122683811451e+00
5.418130616682781842e+00
1.578025580592971622e+01
3.656009392690149351e+00
9.578758294400200768e+00
4.820674438604462431e+00
2.498506204109439910e+00
1.126206772900804864e+01
3.013815977747720609e+01
1.212412504752542119e+01
6.304534718105343494e+00
1.409232198077957143e+01
1.060565654541263925e+01
5.158117792001351631e+01
1.024569982796479550e+01
1.635103433275087781e+01
3.906041436446086834e+01
1.411046973251585257e+01
2.962707675171196442e+01
1.243509416264937961e+01
1.099782060699069852e+01
7.798406568582290532e+00
1.052997884469642820e+00
1.234054769925617201e+01
3.350003340068982993e+01
2.047706907066799431e+01
1.712106642009447199e+01
2.315542778418161696e+00
3.331096835856239124e+01
2.460045112031027603e+00
2.011918037020458883e+01
3.874471020811932842e+00
5.620001273210998072e+00
5.640443432748236674e+00
6.461167249551027503e+00
3.373059569556089432e+00
1.679536965425218353e+00
1.177322610012317838e+01
1.349109254021557014e+01
1.055833229249929772e+01
4.938501250282576649e+01
2.611059149218621922e+00
1.802589066876557666e+01
5.253267825192016183e+00
4.354545733347259251e+00
4.448138664883196469e+01
1.179473606380817507e+01
2.534873427083605080e+00
1.558518617204797074e+01
1.497406878938760855e+01
4.635690198299345255e+00
4.431785535166086731e+01
8.185055179837082306e+00
3.246816863243886520e+00
2.895314897079299232e+00
5.597204514385373919e+00
1.556019228234439034e+01
4.458976737491504849e+01
2.189614139031236029e+00
2.365739338036128903e+00
1.259761045484434838e+01
1.371036812267102256e+01
1.156254413899653066e+01
3.725703967310163289e+00
2.163034129290509711e+01
1.112739953203844046e+01
3.987573594133077659e+00
1.024631499976566147e+02
2.101208733767419190e+01
1.495220062169471342e+00
4.428309083853138262e+00
1.294878477313456289e+00
9.765761443534522357e+00
3.047840207067387297e+01
4.292330167541424046e+00
4.095367221615011033e+01
3.378638033775816396e+00
8.885252281760621429e+00
9.937938758976203601e+00
1.248011959032096208e+01
4.795451389950270205e+00
2.034560290762982149e+01
6.259582266030408348e+00
1.027051656445907035e+01
1.656171482697048702e+01
1.830362433022360236e+01
1.096802662989044030e+01
3.821237107182916759e+00
4.305795706412975044e+00
2.110152583429014683e+01
2.629844508175756701e+01
1.796198022257884386e+00
4.204268514689435854e+00
8.179353246857754556e+00
5.465082364367074064e+01
6.586509328645491657e+00
1.966602622460567273e+00
1.601720637767628119e+01
7.905508689483362161e+01
1.142087834521046474e+01
2.114067545250361135e+01
1.257956573158221758e+01
7.882617845997696548e+00
2.094511619633018462e+00
5.787843540052165991e+01
2.646423571471311575e+00
1.663101677997325467e+01
4.365477622817194003e+01
7.652985264433317170e+00
7.235058140481681610e-01
8.282043700079263715e+00
5.574256648913615209e+01
1.323586089958672574e+01
1.642865929268117142e+00
1.511504398493358492e+00
1.962468697926802452e+00
2.469902752726566231e+00
1.860450244026906574e+01
7.714205897805168632e+00
1.247828100963712750e+01
6.509096438081082070e+00
1.560349506637292905e+01
5.576125178664171678e+00
1.007343472732497958e+01
6.488510493346520747e+00
1.049009840018650053e+01
1.074192276104425758e+01
1.122637186628572081e+01
5.778177929680494174e+01
1.941017416297404452e+01
5.351837526504068165e+01
1.306625282337079952e+01
9.231470982580685103e+00
4.912621285028186513e+00
5.922810990627430883e+00
1.100023137575993637e+01
9.400593527771041735e+00
3.659200278086137903e+00
1.247297703656840673e+00
3.010140662210040574e+01
8.337225614815688246e+00
5.729732420906676893e+00
4.593427292693858632e+00
4.640939148159633376e+00
5.757477438623737065e+00
3.859369391994119880e+00
1.425440909282903590e+01
1.033063965840907539e+00
3.858561508604617529e+01
3.364345406094761515e+00
4.917689480846332728e+00
6.687672595117288843e+00
2.960713488043730024e+01
1.130324589335985230e+01
5.426252518027358640e+00
2.177956948348873567e+01
9.496037652692148612e+00
8.018370938701967532e+01
2.204051858129526309e+00
7.827977944007420419e+00
1.013709787868027234e+01
4.336242113147784849e+00
4.079080826625651746e+00
2.252999064821526343e+00
2.381858837941190465e+00
2.441450750840333583e+00
7.814075258513910605e+00
3.003443956211975774e+01
1.090663880799874441e+01
2.118277482580288051e+01
2.454019968551199415e+00
3.020929000557198307e+01
4.569127990479600498e+01
8.981739648315487656e-01
1.515414715345675312e+01
1.797031555327765773e+01
3.038795163329779569e+01
5.258663014411057546e+00
2.476806757760260602e+00
4.383285435832318200e+01
3.837546191045218080e+01
6.244080679985217763e+00
2.120657097237191202e+00
8.624278727924290067e+00
7.821245198946041199e+00
5.437334043876172807e+00
3.649208896992508944e+00
5.419693711666132785e+00
1.904600402125718617e+01
2.794174604789135152e+00
1.645354840340939262e+01
4.053068363970204757e+00
4.044727921494237322e+00
2.434250716418750571e+00
1.538515180356084500e+01
3.201326825933277220e+00
2.088110538698369112e+01
1.444057692779128033e+01
1.703612276622630706e+00
1.774017269550706155e+00
1.009816474855099599e+01
4.844640902863976972e-01
7.741081406663752773e+00
1.369139199059943834e+01
1.781887030163379793e+00
2.839154983221714446e+00
1.210806507854952763e+01
3.945030930190590812e+00
7.542270212559608922e+01
5.407725151083317527e+00
6.744259434547446475e+00
1.137331742175507010e+01
2.473259651225105493e+00
9.088572668284068401e-01
3.179737576477267069e+00
7.659334220219307099e+00
1.516884423204074217e+01
2.613275671292491165e+00
2.670929720161179244e+00
1.504845169180973441e+00
3.557177322642222528e+00
1.384237781185033711e+01
2.214283455612754992e+01
3.988877765710124201e+00
5.348724626856002473e+00
4.150846507268191488e+01
3.574288845651646795e+01
4.520181838826258236e+00
8.116771171035854593e+01
2.670956892005895700e+00
8.756112478964924506e+00
1.528278835230357835e+01
9.425839009372035449e+00
6.778717966361187841e+00
7.739330003902245458e+00
1.091601279548237891e+01
5.864022288567939611e+00
6.797922031284320710e+00
3.787562148188036382e+00
1.520072061107908379e+00
1.739126420920951821e+00
7.013061102533985292e+00
1.038981989859086852e+00
7.501060739253732734e+00
5.203515742472671235e+00
3.758207331779967575e+00
4.237861381930349225e+00
8.058758914379568594e+00
1.756951738179547462e+01
2.107994617394637515e+01
1.221749670767188967e+01
1.279732195829689445e+01
3.378802950670327654e+00
1.105094033089735106e+01
3.533867657816291086e+00
1.140347866483233652e+01
1.398674221310109100e+00
6.729540535618792063e+00
2.192896576478170090e+01
2.971522857057706357e+00
3.118782282114088389e+01
5.269745454359894943e+00
1.884516123376961261e+01
1.640171803789270299e+01
8.089913975393528744e+01
6.519026267165771493e+00
3.770332483780487109e+01
1.123652971855095757e+02
1.398571875435279610e+00
5.155901785350799571e+00
5.337812498612015233e+00
3.753348888325595567e+01
5.259383359413272174e+00
2.242859123242016306e+00
2.084517794811822711e+01
1.886661483201814349e+01
