5.722089900456158951e+00
3.214500043870678780e+00
5.579653677726803096e+00
5.022865671970413892e+00
3.144201829841674289e+00
2.414209969875912520e+01
1.560125566070875536e+01
1.302582977235867467e+01
2.264000083367090710e+01
3.581086044826693637e+01
1.082153600444148722e+01
1.073385628157916827e+00
3.906142058850892340e+01
4.785463840606276165e+00
1.481918873238020851e+00
5.384280013981754820e+00
6.380857776960716876e+00
5.470698419722178407e+00
1.219430898857191359e+01
1.489686819718911970e+01
2.963224990298990491e+01
1.173754933255263211e+01
1.043825539180479112e+01
8.514930265074630356e+00
6.863285827164049557e+00
2.276000429707407235e+01
1.007057820314113838e+00
4.203946816506589634e+00
2.479079045427450012e+01
8.203881248301602369e+00
1.009244704422726180e+01
2.602704430871218388e+00
1.140606610436202395e+01
1.477869593786848057e+01
7.079620174217509110e+00
2.132062547821875498e+01
1.117929599855823497e+01
9.773755137444695151e+00
1.629892827609860362e+01
1.215265132223044020e+01
5.504914109653736176e+00
1.546563507859494635e+01
9.938789565761329214e+00
1.872605541170424770e+00
2.137241631542313502e+00
3.183869503884506713e+01
6.672011608814708339e+00
2.301780994766438937e+01
4.999022050988473964e+00
2.607018045719214427e+01
1.676536687541822168e+00
2.126904852772502963e+01
9.029935192441362446e+00
4.197323154341805918e+00
6.131277091966125248e+00
7.036043700750095553e+00
6.888847238018013464e+00
6.043320295861291491e+00
9.275337183819361897e+00
3.174616181645021129e+00
2.818522279649485895e+01
6.792382684205422017e+00
5.959488125720251439e+00
5.137007024176877934e+00
3.053557587528678674e+00
4.755975533000847300e+00
6.546915543708114349e+00
4.503334081061685623e+01
1.211734854622354085e+01
2.751539627807703781e+00
1.539164197326613603e+01
8.979991998051730206e+00
2.113830432501018564e+01
4.233751451443358960e+00
1.743275505743346798e+01
1.387379393377457504e+01
8.290928192351531223e+00
1.670308762510416400e+01
2.236976662505782087e+01
1.417991673809064501e+01
3.189087415258769198e+01
1.149011323620710989e+01
2.348536104777519640e+01
2.952453832292812663e+00
4.485420576761281808e+00
7.365085825241165729e+00
1.288043832369647212e+01
1.951973453077828680e+01
1.373929048034849743e+01
8.937016278902236266e+00
2.621459774502031603e+00
3.830813084972229277e+00
1.593974844394253587e+01
2.135693530898365111e+00
1.180864328564153531e+01
3.024927631461803212e+00
3.504875798674526699e+00
7.158192939231198260e+00
4.634069695720974380e+00
7.356405980827805280e+00
2.279405572674816582e+01
4.114333563846060748e+00
1.625965684197859140e+00
1.358241888553867405e+01
1.055802756496449391e+01
1.372899546059943177e+01
1.355747102126325920e+01
1.122742025777989916e+01
1.416681500820754991e+01
2.283678156466515397e+00
1.165399200017446235e+00
2.205229540831849189e+00
5.997536126170894377e+00
2.140719005916211870e+01
1.966515353747143635e+01
4.267408024472916850e+01
3.955641364888693090e+01
6.657269244134072395e+00
1.607500553776220187e+01
4.631061266326037540e+00
5.143303931376106419e+00
1.233307765129115197e+01
6.477070686338398886e+00
5.753488543501472208e+00
2.543457515768655419e+00
5.859875156465008672e+01
2.643089254136175015e+01
8.350546241614043907e+00
1.258385323807712730e+00
3.846186858779707229e+00
6.174147776679214772e+00
1.881485590797276330e+01
4.523570485441394062e+00
4.926783557821680759e+00
1.735215325569764389e+01
2.595834747023663880e+01
1.425882467297890166e+01
4.189210406398435893e+00
1.920723730058265133e+01
6.721551418899473163e+00
1.576332004400604170e+01
1.882187142188723783e+01
4.529973474836060277e+00
9.368678481844224137e+00
2.039206957383101315e+00
6.939344703460196939e+00
3.370222004269542992e+00
5.373784345685151287e+00
1.347935681152623033e+01
4.560711822123859172e+00
1.476363497734217489e+01
2.226017816388406700e+01
6.071143302195509683e+00
2.830853841767083168e+01
5.339315829354975840e-01
3.144520145835499658e+00
8.480975982627697363e+00
6.617332168645477353e+00
5.437798519698135991e+00
2.838343837289644789e+00
6.725683216338945059e+00
4.195356444813869601e+00
2.971027121320491293e+00
7.144201159337027818e+00
1.039057129731432738e+01
1.300982943614588905e+01
4.034726077655818699e+01
6.024110794867461038e+01
8.114177962486669671e+00
3.099811910065982445e+00
6.247190695817339545e+00
1.516160707016105391e+00
2.308673316740421555e+01
1.222007581464056436e+01
5.958827705625969529e+00
7.982338813553950807e+00
3.239235387179638437e+00
2.166179351200473224e+00
2.835078417398779305e+00
3.781027674938637340e+00
8.287410012380938440e+00
6.454514855495347092e+00
1.477017094999161273e+01
6.016924404536625914e+00
8.116670125291447491e+00
4.980814797847369912e-01
2.198393343965858282e+00
6.225845731775176084e+00
7.261218584663671649e+00
2.019144211863026062e+00
7.277066910409911493e+00
3.051734403043781185e+01
5.862713586913421260e+00
5.529376262666764319e+01
2.674067649049615625e+01
1.020893536177197625e+01
1.931329684312270700e+01
1.261175577332876685e+01
3.372473238867250700e-01
1.312815282150463503e+01
2.354239173567960641e+00
1.423515312984694425e+01
1.935374736130779283e+01
1.069298175477487733e+00
1.357219050751813150e+01
1.297926361681119012e+01
5.491553560192824257e+00
1.701012254127531875e+01
7.980254857973175575e+00
1.824580375014984712e+00
1.612104188672097038e+01
1.640621190745555324e+01
2.554938294796114917e+01
1.384296058525348094e+01
2.272511863614082639e+00
6.170751043551724990e+00
2.004190488981660323e+01
1.655226471762871654e+01
1.621065649896889127e+01
9.852366584456811793e+00
3.840253278071511733e+00
7.100117369128521538e+00
2.742124862229153237e+01
1.674766834679407523e+01
1.879270954250189263e+01
1.622133245858711881e+00
4.260152289788808666e+00
1.075526293167149561e+01
1.206954768331303285e+01
3.273672439729994110e+00
1.693862191789645877e+01
4.902889570818915743e+00
4.700854203018085542e+01
2.817398931693181563e+00
2.836240480617532977e+00
7.041364409673173341e+00
4.046627209285577464e+01
4.549747261321200220e+00
1.762637364623343306e+00
3.982980955895612851e+00
1.791532021387061491e+01
3.973191935860266977e+00
2.083927865940495394e+01
2.545989159215407582e+00
1.643908931916342686e+00
1.289213365003562828e+01
3.259890458110726641e+00
2.072559071991754820e+01
7.119372779067780321e+00
1.158737113458965950e+01
4.653517585788828015e+00
3.593555279482875342e+00
1.196141490831825749e+01
5.363804838267886232e+00
5.285818780047689458e+00
1.113378158620016301e+01
5.699017043326550791e+00
8.747770209977103306e+00
2.942668705429396070e+00
1.749536020991548924e+01
2.586954568932553489e+00
3.456709151620423359e+00
1.698519870088155415e+01
7.717541827429066359e+00
1.728695563574347815e+01
4.887074058243800145e+00
6.931988141177557239e+00
3.840055670850760716e+00
1.801559614685901423e+01
9.926506105391245782e+00
4.019660413542163724e+01
4.134096696812890315e+01
5.898768602449478315e+00
1.475298538938202064e+01
2.458781444181628473e+00
3.833954085521721566e+00
1.218468990316236678e+01
9.825364868905623439e+00
1.177148848225039757e+01
1.206657263912383593e+00
2.992899648937694224e+01
1.727582028904038225e+01
1.846230155763161518e+00
6.259064233817007050e+00
4.614731708712445091e+00
2.510305188378099928e+01
5.289797793592067698e+00
2.589549464249749988e+01
1.371612144163775149e+01
1.557978975509935582e+00
9.674567860303705302e+00
1.588962276183351818e+01
6.454389015977205490e-01
2.329011998119814564e+01
1.692605886955485062e+01
1.121728457387483502e+01
2.218960486381561736e+00
1.026989742616347456e+01
2.612974471474977278e+01
2.509448137086626218e+01
1.092555899840223255e+01
3.905346861500913924e+00
2.469265817328362367e+00
1.283645659387964777e+01
4.770037738895470669e-01
1.649551310010415861e+01
3.173048669140157152e+00
6.747677121066632644e+00
6.357042219418379325e+00
1.288908907982498420e+01
4.046946086316663305e+00
5.363811382619696921e+00
2.594651795317906107e+01
2.775069064262055463e+00
1.844512844466022017e+01
2.378075710775157248e+01
4.169763520359181541e+01
5.448077409748364630e+00
6.602148999622261094e+00
8.727023064931728413e+00
1.085759277999178174e+01
4.171629254532696507e+01
1.518153461393381853e+01
3.983968866695938971e+01
1.593968499255831262e+01
5.994676430975669490e+00
3.227399189537874413e+00
6.026339199351370191e+00
2.844650866273837053e+01
1.582785013861345291e+00
2.246602233922772474e+00
1.012723403626906737e+01
4.426794910345391187e+00
3.054382893947366728e+00
3.367448947112167801e+00
1.516932256343867635e+00
1.540531836728775517e+01
1.906199020464548610e+01
1.771486469079389536e+01
1.180043126263345066e+01
9.201020058460160556e+01
1.081437818642136506e+01
2.270545650196993837e+00
7.555916600976537723e+01
8.210282013080339780e+00
6.832352121517655696e+00
1.776814572839277462e+00
1.595045953827111695e+01
1.122441816594240294e+01
7.543715496264724152e+00
2.372365103492202643e+00
3.086935978923919066e+01
1.451647321027500404e+01
5.773077179358916844e+00
7.554012567035869097e+00
1.051768194552172631e+01
4.855513527842226296e+01
1.480881851959046891e+01
4.161053926486315113e+00
2.242846823943451540e+01
6.496041557179326631e+00
2.373006549372076446e+00
6.778861453544051230e+00
1.039308762814154541e+01
6.178335690681055148e+00
8.561871810852451858e+00
2.944328184301077123e+00
5.314649591805076057e+01
1.872996329758586764e+00
1.599004781048197898e+01
6.396878151884717312e+00
7.670096553796578398e+00
1.953842548525903666e+01
8.865006616960547703e+00
3.411909815677562019e+00
1.226456951687966423e+01
3.143394215937317604e+00
1.007733215168653906e+01
3.248913471551863275e+00
1.446136107993303277e+00
1.083225337639128938e+01
6.912400044758701512e+00
1.367711540602666176e+01
1.968449326679607481e+01
4.763097920560849019e+00
1.398611594899340949e+00
7.168720468979162774e+01
3.196982171887410740e+00
3.244518995328605548e+00
1.157828772683167706e+01
6.932134972780473525e+00
2.107405967302869776e+00
1.165477484727135860e+01
1.642132190105951395e+01
1.474340946762730908e+01
1.104527774576470023e+01
9.368517869096278261e+00
6.103757107293224848e+00
1.845770030646705084e+00
1.234354620698979410e+01
1.575825165822299567e+01
2.092917945629620036e+01
1.464637493590578599e+00
2.013843292553594821e+01
7.371960121150658551e+01
1.560596816251015184e+01
1.886506425876163462e+01
3.998637014256988031e+00
2.480288578308176284e+00
2.401363765563473862e+00
1.803573607244845434e+01
3.420008019704994684e+00
1.706006760427905533e+01
4.461579047016588362e+00
3.344626282864982869e+00
6.376699563020199690e+00
7.491953424464333544e+00
1.640485264386683895e+01
1.206258514556117056e+01
5.522803022813523199e+01
2.181872478567451168e+01
5.127890565663210332e+00
6.275682105238259645e+00
1.204667086190293190e+01
2.843053263208144443e+01
1.014258494683267031e+01
7.084794341625767267e+00
1.408625241452856258e+01
1.681132940089814909e+01
1.535462361097263262e+01
8.705442373007568069e-01
1.014985013838880690e+01
3.982704794709763796e+00
1.292784393105642948e+01
5.063922329324399563e+00
9.434494655182762202e+00
9.432439317926220923e+00
2.864795400887688714e+01
2.055043555232675789e+00
5.889804665921063886e+00
9.733589239065491228e+00
2.954433687372713724e+00
8.414045312239693430e+01
3.141854247567362179e+01
1.187561071418102010e+01
1.190045563486917857e+01
2.251124801037031986e+01
4.736536027148909511e+01
1.401482530101755053e+01
1.998919013226040819e+00
1.437700860101950084e+01
7.728671533053450560e+00
7.521072527614708347e-01
3.772974015308353746e+00
4.858391599177270592e+00
3.304228550142033782e+01
1.485071173749381579e+01
1.386503794910221288e+01
1.650605338057556892e+01
3.881104659928226397e+00
7.616086050695790810e+00
1.454598801646531214e+01
3.454700818390730888e+01
1.429504556953881966e+01
3.391005255313134015e+00
6.956320122667837502e+00
3.337768614081578988e+01
2.743238904796446320e+01
1.265217230189733399e+01
2.015021351814351647e+01
5.489899005685223266e+00
1.638505329355967888e+01
3.093274866600377759e+00
4.682499127824582885e+00
1.684808525758876740e+01
6.915427543350144646e+00
4.349551327651199273e+01
2.262400999081291175e+01
1.218616942676266746e+00
1.171110937436496968e+01
2.917284168397290856e+01
5.038708204125225620e+01
5.509381424457133747e+00
4.529634645943265703e+00
8.327872821151245830e+00
4.308344859320696330e+00
2.487700632768829578e+00
6.871031081825181630e+00
3.923351546487533881e+01
1.897655050006269661e+01
1.057721028946532638e+00
3.383397681405548951e+01
1.526327389124375600e+01
2.006718067760649760e+01
5.634555877476988428e+01
7.456772257239916257e+01
6.090409493306581101e-01
1.518324440321458368e+01
3.004264060954478310e+01
1.054255212460535063e+01
8.445726151105068524e+00
