7.108863849739807783e+00
6.740205654083290199e+00
5.441896242111368309e+01
4.503360636690266539e+00
3.160032254566562315e+01
6.209988639028887647e+00
8.051494553628984363e+00
1.009973527287409212e+01
4.514748499467882681e+01
2.124476521364698201e+01
9.165736644549214773e+00
7.436949358233734486e+00
1.956772959746198026e+01
3.596267126332885766e+01
1.287026503150004686e+01
8.969292663296862145e+00
2.178483362140631741e+01
2.280911462173344262e+01
7.375807206767166946e+00
1.573770547139101339e+01
1.917337017574197944e+01
1.344060373004710662e+01
9.428858360743538114e+00
6.378260473304045775e+00
7.651914634655284431e+01
2.356558892895795765e+01
2.278756065161321942e+01
8.377829586190951972e+00
1.302838957323317715e+01
1.738628563748018152e+01
1.097812230008035428e+01
2.096548116077394042e+01
3.737538301139807828e+01
2.755730310960053941e+01
1.412563483269045506e+01
8.006464237575531229e+01
2.993337745451205478e+01
1.365129559995400044e+01
4.604809091254268516e+00
1.463750238056557684e+01
3.096982397661173891e+01
1.146802641708714177e+01
6.137090139082644669e+01
2.571519857781942520e+01
1.890047255030414775e+01
9.000351433915177779e+00
1.334811966629700919e+01
7.203996236481700066e+00
7.534680297500557344e+00
3.298991677521851784e+01
1.754679092626104620e+01
1.276719308679920672e+01
2.114062782222367787e+01
4.380766877003319237e+00
1.702359582560664109e+01
8.007613543128275779e+00
1.877365562624256867e+01
1.100512395177913660e+01
6.744080626249576937e+00
3.975293321457984064e+01
2.867249368678190358e+00
2.783086236971672012e+00
4.985938285065929954e+00
1.439178250367814016e+01
1.506543024314691337e+01
2.265793501031085810e+01
1.908999870999508275e+01
7.566787482543780641e+00
1.370812523850772990e+01
2.361016505939321064e+01
1.637492007828011964e+01
1.815884474357044809e+01
6.757524266685642544e+00
4.765249409298339600e+01
1.807334635620382812e+01
6.959457639525137296e+00
3.983797249727153655e+01
2.814248208509968663e+01
2.172777865395208252e+01
3.956990349806929430e+01
2.019083845118404241e+01
1.093550576487177928e+01
8.266391647691788691e+00
4.269696702494520935e+00
4.269528711615439676e+00
3.529441193854372472e+01
2.658366244351808660e+01
3.552407971138552512e+01
3.329372898916682644e+00
4.339044097594257465e+00
2.060992580445019229e+01
5.117980866737301682e+01
7.729145940262116099e+00
2.252202597466887557e+00
3.558586111393975404e+00
9.309158817689043630e+00
5.161348078806403450e+00
3.034100045383391375e+01
1.130599845338737808e+01
7.530972935486508035e+00
1.423853090186371873e+01
1.862563067905947278e+01
8.541685206163824873e+00
6.566806321517699274e+00
2.588888865683898288e+01
2.070215012663795662e+01
7.337997412111988638e+01
6.266552699603336407e+01
6.794737017533049084e+01
1.907211683440993255e+01
4.271056193014880265e+00
1.498647789741108838e+01
8.083737574404782578e+00
1.611224365559174032e+01
1.424412021249690596e+01
1.332400820610519609e+01
4.653657299894737776e+01
1.628840159370561480e+01
9.937873247072285920e+00
3.215582100908841223e+00
1.046594872723477643e+01
6.559755151719512511e+00
1.018478612704785036e+01
2.178311753567336595e+01
1.846056389591960922e+01
1.108415760310867526e+01
3.913839546196377306e+00
4.664759440402458779e+01
1.042180387773308681e+01
3.130683888368208301e+01
5.159718898633014028e+00
7.197354822349225856e+01
1.118913453323580143e+01
1.011200026013727893e+01
1.632661677404375666e+01
1.891579164975336269e+01
1.669627261412556507e+01
1.437599462487620805e+01
3.354945487931738057e+01
1.296845820674750271e+01
4.242528671476870272e+01
1.237518300017606521e+01
1.620380312488126862e+01
4.034433602577622224e+01
3.373523746177708205e+01
2.533850653307933598e+01
2.470062225210527629e+01
1.345604521410535170e+01
9.013049077946952536e+00
4.300003219389639142e+00
6.422398302138705617e+01
9.291612723926220951e+00
2.032133468862116654e+00
7.162834026614541827e+00
1.459323644961765609e+01
7.695908031379905090e+00
6.207586030675178890e+00
2.517432740441912387e+01
3.778974873744813223e+00
2.573895622386172022e+01
2.928483622779013729e+01
4.434875275259541283e+00
6.169612685309668620e+01
1.237702125015119847e+01
1.623299220086054362e+01
5.545691190466362386e+00
8.907372701204707255e+00
4.536012875434425951e+01
2.095173187230062517e+00
6.767281937977762674e+00
4.303569094008370399e+00
9.347120351196133825e+00
2.828769115797341627e+01
4.601237557392104804e+01
2.876351008247241836e+01
3.296006449274072736e+01
1.727656710459843126e+01
1.424028077674500636e+01
1.712377900080509363e+01
1.107782774343497856e+01
3.552063253052946834e+01
1.186541445069318357e+01
6.520543046354086769e+00
1.213939980780024541e+01
4.645783512590279329e+00
2.268412071742411484e+01
1.697289032753119997e+01
2.858217756475955085e+01
1.706120549627688732e+01
1.640020508356188955e+01
3.211507876039539866e+01
9.802238030731682272e+01
1.360720460966079948e+01
1.199058255079555479e+01
1.280746409761948357e+01
2.636098042614745651e+01
2.283029397628322954e+01
4.150824157230057487e+00
1.143079544121688862e+01
8.660076793158073372e+01
1.930734450604231256e+01
1.537469256096596659e+01
1.045316775265546383e+01
8.573138893324077969e+00
7.513441325961903949e+00
1.956182500681064695e+01
6.937238352236828831e+00
2.013796122750657958e+01
1.367507401690426860e+01
1.423833487371631534e+01
1.084923686995491110e+01
5.729284386138099094e+00
1.961941365468968712e+01
2.303214486157191487e+01
1.086349466692746013e+01
8.030880692247382768e+00
4.871908496131156063e+00
3.273497672968710503e+01
3.106782746699463260e+01
2.064948020264609241e+01
7.257745166243657309e+01
1.394509301912255950e+01
7.310040583074961518e+00
2.693629012412677071e+01
3.136556200272091388e+01
1.498065336032578188e+01
1.576348506959552864e+01
1.979713334129171898e+01
1.476685443500514872e+01
4.787589027778699879e+00
6.970610148847592669e+00
1.081960040951497071e+01
1.314337571532817428e+01
2.821742872580796302e+01
8.768436994663581174e+00
3.260902981012743851e+01
1.171671402473334567e+01
9.186817728021019036e+00
1.896615546733281477e+01
2.547188665378911665e+01
1.081314151949034219e+01
1.584807961627513961e+01
8.064225473474726513e+00
1.109218817536724977e+01
3.517594026135781604e+01
3.357397185919992921e+01
1.580404967195675781e+01
3.551571257428934558e+01
4.597372952254213274e+00
3.459139462714669833e+01
2.878221495440648425e+01
2.292211468595852608e+01
2.100953432988336544e+01
5.801874578217179668e+00
8.372421911369475112e+00
1.090404298115970860e+01
1.674479973097006180e+01
1.049026141697574133e+01
8.678322269630662333e+00
7.732850562814985729e+00
1.534127102295204637e+01
1.950311720401409588e+01
1.386319468500579255e+01
1.290448983544396278e+01
7.725075305695494166e+00
5.642863176437449368e+01
8.116543736436385714e+00
1.353485696060964472e+01
7.969613623918952783e+00
1.786856101666266028e+01
2.299478485108973569e+00
4.388350931629052099e+00
3.430915152040028726e+00
7.579731871271212285e+00
3.642855374312961203e+01
7.797514647236873486e+00
1.020776204170796753e+01
1.307675040194601479e+01
1.065041914596541517e+01
1.939466840268505621e+01
1.177736007688073094e+01
8.872434861036775544e+01
1.520390425467909346e+01
4.736340449909602057e+01
1.407907811987295510e+01
6.806339987994204144e+00
2.989122816191979126e+01
2.015690782191176567e+01
1.627911620015641603e+01
7.809948761416512397e+00
1.216719643256751127e+01
2.364028866292534659e+01
6.019256127532157663e+00
1.878976428159259626e+01
4.207506902184812247e+01
1.174317789613897922e+01
2.373084672805536499e+01
7.389691955190542672e+00
3.030338555887376373e+01
3.250817662433485111e+01
1.459397296253485443e+01
1.079536767918403761e+01
3.097845858301733557e+01
1.608972999923830116e+01
8.860947164496362660e+00
3.166824688414960676e+01
1.296035986222849345e+01
1.186261009209241379e+01
3.009403666361776430e+01
4.383578035179723997e+01
2.425805115810987900e+01
3.649398912628439007e+01
2.779644877911925605e+01
7.970247545930924105e+00
3.260160900297204023e+01
4.047581282544616954e+01
1.014966889576853148e+01
8.858825543847312645e+01
8.220274453009007942e+00
6.299527592842590451e+00
3.152506624782665057e+01
3.738956240979036671e+00
1.437867855158420838e+01
1.351187945530963219e+01
3.940903837513432872e+00
1.806041730683574897e+01
1.263674471169498759e+01
2.019346552594979016e+01
5.866883919361818300e+00
3.925200267337078941e+01
8.271628689689123348e+00
1.563906180076473973e+01
1.715899682111835745e+01
3.076238369724395838e+01
2.315892412471878004e+01
6.358203796588384193e+00
8.279375298610446521e+01
6.593926023232108413e+00
6.043294605290024890e+01
2.579033847891060560e+01
3.858184394430667297e+00
2.450883210130145073e+01
1.180405177940310324e+01
6.697681528191237632e+00
7.561657621193472067e+00
9.835010736330517034e+00
1.381629015031231411e+01
1.020016159467626515e+01
2.016680107558119772e+01
8.630857869233551583e+00
1.585258182041964758e+01
8.682357938196888369e+01
2.277886978643929083e+00
1.184589838308754928e+01
6.299702660052654224e+00
6.840046895410718264e+01
1.811502574969205170e+01
4.238339039792365526e+01
2.680079562407576788e+01
2.268422774069730252e+00
2.954273241032764474e+01
3.730401088217649885e+01
7.923304286847272060e+00
3.497369959388545624e+01
1.662501019773776534e+01
5.687441836161597308e+01
1.079615697624448387e+02
4.205642066145333757e+01
7.741928502046095062e+00
9.831035799457485069e+00
1.472694489845206967e+01
1.793494039229028303e+01
8.944523456527688765e+00
9.071624502594101358e+00
3.165553070503865740e+01
3.654811868407582320e+00
2.544870614142762832e+01
4.975027258720442092e+01
1.269074092117076269e+01
9.406336002307087440e+00
1.267189725375757270e+01
1.297851191721386677e+01
6.198274431252531080e+00
7.668565463907604851e+00
2.039268158916176077e+01
2.217997986914662434e+00
4.504502644642315090e+01
1.029631714579084090e+01
4.050420041310143660e+00
2.315038853794545304e+01
8.305991120807570383e+01
2.424013118899511454e+01
8.449132018524183607e+00
8.369385285990246004e+00
5.606604807906999888e+00
7.825054378616044026e+00
2.173863986050810837e+01
7.085544298151769560e+00
3.942302880094636475e+00
1.288838893683772113e+01
3.152819524534826456e+01
8.648344292435286462e+00
2.470160699448186747e+01
1.179337800840731276e+01
1.268621545114594440e+01
1.655048610185131963e+01
9.665065296680198870e+00
5.910659562776070075e+00
1.695888429546912235e+01
1.563900440984511597e+01
1.197203227012053794e+01
1.953179801079513567e+01
3.113256680691048572e+01
4.057805878812885680e+00
1.457467794885883627e+01
2.245077281425262683e+01
3.606174636140293543e+00
2.144136611283767735e+01
1.567205476561936983e+01
8.313250134970537886e+00
1.241105166589939657e+01
7.808513640688573787e+00
1.015952961901171570e+01
1.872878236403434826e+01
1.234218805606047020e+01
1.234588314652374130e+01
4.517957013464882543e+00
2.319864589779124486e+01
1.401963867527545204e+01
3.953948443750609609e+00
8.156943577900722886e+00
5.954162655304070739e+00
1.332626874687790597e+01
1.097221857027288294e+01
1.991198162795704363e+01
2.659962304049656012e+01
1.072352404197532927e+01
7.589450285897141768e+00
2.906621244492039580e+01
1.987308875111082074e+01
2.393366084054172660e+01
1.892324237355784433e+01
1.715923210913386754e+01
1.414628455437950194e+01
2.386799194810313107e+00
5.412051659074352017e+01
3.310069954442990348e+00
2.112224556112913731e+01
1.479103744726996084e+01
1.794830070979480041e+01
3.629911287162207678e+00
2.138198123063310163e+01
8.547997792742194179e+00
5.327445531611565421e+00
9.717468744998289054e+00
4.958212739996278984e+00
1.705329864825920083e+01
2.123686853880639092e+01
2.996664602542801603e+01
1.554670520444248005e+01
8.162719589713070434e+00
7.517255241122702714e+00
1.577098719186215092e+01
1.356815417343484675e+01
1.700146681923707703e+01
7.798293932194424016e+00
8.742045964520087864e+01
3.521854336719635370e+01
1.105672115203086925e+01
4.990881204474136190e+00
3.891310134217362382e+00
8.017017413394562197e+00
1.902388345558524918e+01
3.585683644859234676e+01
2.333479702272469147e+00
1.977533146464361380e+01
7.596958894202417767e+00
3.085889952298007888e+00
3.163955799159498028e+01
6.158862507607332049e+01
1.055020333219237827e+01
1.873794781321808500e+01
5.786122267863622426e+01
1.836069906076613734e+01
2.266026592171374077e+01
9.729706306563304707e+00
5.785049368068590603e+00
1.308814699764660006e+01
1.412471259027947923e+01
6.308981273971224546e+00
5.936676770068181952e+00
7.009544096580403227e+00
5.926287564790348128e+00
1.470929067834290649e+01
2.092530122184899710e+01
6.463171510325298641e+01
3.253229713640824805e+00
1.912293783751853482e+01
3.268821995577981454e+01
2.137066814149525129e+01
1.117379843967516351e+01
