6.475665467707276690e+00
5.982017749788737682e+00
2.846037345999365797e+01
1.804931947003865744e+01
9.569365359671533611e+01
3.954784117346919459e+01
9.393092414127554690e+00
2.474447030618438248e+01
1.404758921528894788e+01
6.434487950377001830e+00
2.089390659891417101e+01
2.059805901042056675e+01
1.169620997166816778e+01
4.622009919315041060e+01
9.230323206646655620e+00
3.042774951718740439e+01
1.005585047933953824e+01
4.067300001955747035e+00
4.085655886792805802e+01
4.446001540649393036e+01
8.504923233501772373e+00
3.974121836428419385e+01
7.891694526207751359e+00
1.547661737188834508e+01
1.856037226326293776e+01
4.312766583361968742e+01
5.257516038147945991e+00
2.289511539133141582e+01
2.480299361772597777e+01
2.214466012763652003e+01
5.785356247312260081e+01
2.307042065349589421e+01
5.183680163118626893e+00
7.134462004497859056e+00
1.175909766398795142e+01
1.003725777744134540e+01
3.298834398946133284e+00
2.211898921098072535e+01
5.521613359837789226e+00
9.509037891219028538e+00
3.191651115315993081e+01
3.557095869829127821e+01
1.010012870626530201e+01
1.024893405836240845e+01
6.807522576530455893e+00
1.646568313461973077e+01
7.367279041200363920e+00
1.861491098415614687e+01
2.063860426091484257e+01
7.008922822355329174e+01
4.043559078297861475e+01
3.898523014495046368e+01
1.111872278948994541e+01
3.803102155565939313e+01
1.423270018330965669e+01
2.309740102230767533e+01
8.144305988402514629e+00
5.279426648386348120e+00
6.765270472166811544e+00
4.084921526644283318e+01
2.668460686587406627e+01
6.701121241052735655e+00
2.136406721850831403e+01
2.822324661199142781e+01
1.867624982887231866e+01
2.860339771418672683e+01
7.204985710184372394e+00
4.247665451635212364e+00
3.074590214982572434e+01
7.838877080613294801e+00
1.347056523421026597e+01
5.158005220120682743e+00
1.955386815091531361e+01
1.465141568240074932e+01
2.089426143662511137e+01
2.105756910900463463e+00
1.239504234389378645e+01
9.734602047018192650e+00
4.516948511594461735e+01
5.145296669986685778e+00
1.211106639832403076e+01
3.714940212906217454e+01
1.865539931222804171e+01
1.483045335880207283e+01
1.977407572984933992e+01
2.771877950290428316e+01
3.796083409304810807e+00
1.293830369741924713e+01
1.040390172352308795e+01
1.425275101351063078e+01
5.012513657827015834e+01
9.752008414697202809e+00
8.854169795500350659e+00
4.159670224812595052e+01
1.381553422363441541e+01
3.033981440574896027e+01
1.278160232937966434e+01
1.108306437385940768e+01
1.278146148586548492e+01
5.047272006238729603e+01
1.295220716205206379e+01
3.518641475664163920e+01
4.813314166172620645e+00
2.318866735322732708e+01
6.555630718139002333e+00
2.102910107128528239e+01
1.300096398533382569e+01
1.430379929188480226e+01
6.209731574180954006e+00
1.876988365863692820e+01
3.825356832150520603e+01
3.226309748113210674e+01
1.254532614513717803e+01
1.454247713041297629e+01
5.326444011502939446e+00
4.804025480777070101e+01
1.347079190693880868e+01
3.517099901606486867e+01
3.509927510798869577e+01
1.015559677697755525e+01
2.114624121949870883e+01
1.479288238119232624e+01
1.415717176566412761e+01
7.665190082982497266e+00
1.521082722432212186e+01
2.633002580802994430e+01
1.526446458330949341e+01
5.834939462095672269e+00
1.311874939989152367e+01
9.768709241231210427e+00
6.723216983729998653e+00
2.185946325046000283e+00
6.309812088162053101e+01
4.035081403028755176e+00
7.868951934087238698e+00
4.142383304286713752e+01
8.775297264447273093e+00
6.409265939781764843e+00
3.606053699824892433e+00
1.097671346950383686e+01
1.341624603531207249e+01
4.023355324603367755e+00
2.626344423613024759e+01
2.483148903116776385e+00
6.721152713646326937e+00
4.704539656291795602e+00
2.444797087918299283e+01
3.293012048788438673e+00
3.739688503365936612e+00
9.030060367921635134e+00
1.662288300649193928e+01
5.484413355742499441e+00
1.255075696770520643e+01
8.754951168032022224e+00
9.426164031923331521e+00
4.367173087393724273e+01
4.892379900641635970e+00
4.191666522195458100e+00
2.808945979817858429e+00
5.189058530288299664e+00
5.551088573725581199e+01
1.821872576542121891e+01
1.924400537672583056e+01
1.506777042919424403e+01
2.847411221279442906e+00
3.202902659638880323e+01
1.280492458205940665e+01
1.764415446640503538e+00
1.719280815660839679e+01
1.244714071199341276e+01
5.394013769324137897e+00
1.876537462547624813e+01
1.453548068300768747e+01
9.993416911288679927e+00
7.045541365231422049e+00
1.664368401820157928e+01
1.742185469543204412e+00
2.106126235804264724e+01
8.460364695278816072e+00
8.637705606936140867e+00
1.268366954675590641e+01
2.804856232934904980e+01
3.031387143391733474e+01
9.072686038860313218e+00
8.699211640847355653e+00
1.195569867493034799e+01
2.431932732098795569e+00
1.481837132076075569e+01
1.202904232532421425e+01
1.301714711262353674e+01
1.105235591600721357e+01
1.397536155647653899e+01
1.460155014287577657e+01
1.503779423243132918e+01
7.735258253765097791e+00
8.421776720713395337e-01
1.030040859545785459e+01
1.332838613263999683e+01
1.537067613183633341e+01
2.437087897572478568e+01
2.512227750127784276e+01
2.059565831351083176e+01
8.652039045087791536e+00
3.728941252737904932e+01
6.930107240055362183e+01
1.008055978032898636e+01
2.749467578503927001e+01
2.813536652873622046e+01
3.085850983916896340e+01
1.336187125149550781e+01
2.373123540930703967e+01
2.951469904412924450e+01
8.859714405973296181e+00
3.099265808634409680e+01
7.864835419045560627e+01
3.155353994171241538e+01
1.340445617138224854e+01
1.054255748724833808e+01
1.272603186948155063e+01
2.901595632306297645e+01
9.909282244256456096e+00
1.185946053351351459e+01
7.332148681664518719e+00
2.400755597039411526e+01
2.096011582985173405e+01
2.875118348271745816e+01
1.010254904893083605e+01
7.114049842285174563e+00
4.926038906393102934e+00
5.347767852920332388e+01
9.572321383347746959e+00
1.046633826364999464e+01
1.094610073269509343e+01
7.448025220265325430e+00
8.306035531615965084e+00
6.102883245518469835e+00
5.636515020448936042e+00
1.293949301534184215e+01
3.416119367464688139e+01
9.040363567915578713e+00
2.552624674956839534e+00
3.300283173088311095e+00
3.809467831262139281e+00
8.437567087625950535e+00
1.390160370847089766e+01
1.335817261331754580e+01
1.463058525750349759e+01
2.041414642441923633e+01
1.083385511225595366e+01
2.711285647920829689e+01
9.836111884010799500e+00
2.205219145496214495e+01
8.992619766107736723e+00
2.739021388044602379e+00
9.188619304183216485e+00
8.154807597916361672e+00
6.552367918507874478e+00
3.974257460216178117e+01
1.745225195924653860e+00
7.137465607513647115e+01
1.183943042059426176e+01
5.892098453952483439e+00
1.583415775446872686e+01
5.879426933889011764e+01
1.112892915088318091e+01
5.874286819166247398e+00
5.988335312746358774e+00
2.208527879056539689e+01
2.017170617407670363e+01
2.694129673211357812e+01
2.084750035945299729e+01
1.209478185546383244e+01
1.898813967977333661e+01
1.318430217075618671e+01
6.549549092922651639e+00
1.445461779404359248e+01
6.713731992042228036e+00
3.520450627469838167e+01
2.006532900692531207e+00
1.150432858903301181e+01
2.159959432210176189e+01
3.029381770405317909e+01
1.682482086041680702e+01
2.222222859134468820e+01
2.362331974154852077e+01
6.426299232318152477e+00
8.124746681666502823e+00
2.963811655651408472e+01
7.746150616574681180e+00
6.867141326029161164e+00
2.522247062226541914e+01
1.051125219732702476e+01
7.338446763885221102e+00
1.166362893542571832e+01
1.530833399382381721e+01
5.706734826940817129e+00
1.010394669444525384e+01
8.458484256135548662e+00
3.222087573399878835e+00
3.411010084120003683e+01
1.280383912106589150e+01
8.550285871418068950e+00
3.704367443575736729e+01
2.119996146649880586e+01
1.114376882324133078e+01
1.318477345021496916e+01
4.349526831160904550e+00
7.137225675621985843e+00
3.196565968224763665e+01
1.462917187051168355e+01
1.226587839249796019e+01
6.349875368304426893e+00
4.625413488302400289e+00
1.678355765509096642e+01
3.115206514583008346e+00
1.597911073587304109e+01
6.005132392220998483e+00
1.141544180562333466e+01
1.529637949657847429e+01
2.385485873371832355e+01
1.832765914219461933e+01
9.115491165656404604e+00
6.992340848837987011e+00
3.778546170574101914e+00
2.101677888065569277e+01
2.043767386174328138e+01
5.086785788330066893e+00
1.042994023617683119e+01
1.820327002039828912e+01
6.770979808254665500e+01
5.888011028624393184e+00
1.521884608135441930e+01
2.980150089120751034e+01
1.737739406464609360e+01
1.293905552624028132e+01
2.100719640970987356e+01
1.087857273390137003e+01
2.740449567913869799e+01
2.248070121564484047e+00
1.207093215389669005e+01
5.383362730326100021e+00
1.110282483170574430e+01
4.508021567443778466e+00
3.342493521398706591e+00
1.480629722395788939e+01
4.019035282416663968e+00
4.327384208358133755e+00
1.252790649756872554e+01
1.743926916853948939e+01
2.379212639899644444e+01
1.384270574205670989e+01
2.124554362749129410e+01
8.455462884130390933e+00
4.066991054325691302e+00
1.578015660092777050e+00
2.094461854575849102e+01
8.570630608558747809e+00
5.402208795023899945e+00
5.850643015453339046e+01
5.258797417740018965e+00
3.115657447957577375e+01
9.271008306401453680e+00
4.075715349036783230e+00
3.510296815920636249e+01
6.603952333352339110e+00
9.827317408312998381e+00
8.526632262268535101e+00
1.957050258567857171e+01
1.052768512267577705e+02
3.018498476386204032e+01
1.447162886194205456e+01
1.559597908143854461e+00
1.458439453635645044e+01
8.727407231983097091e+00
1.497786237811391175e+01
1.594717813611694268e+01
1.746317653112952328e+01
1.608867616397893130e+01
1.602416908264942919e+01
9.535854880343425322e+00
8.029293995457392086e+00
2.083012734942359145e+01
1.783653775282706633e+01
9.097736084044246496e+00
1.178380175229875171e+01
2.595270992959493483e+01
2.140307768449678605e+01
1.622156439076847789e+01
1.894547119079839348e+01
6.072477921511704402e+00
2.051455478106973018e+01
2.061880126676744851e+01
1.717441588533698038e+01
1.873043696248988965e+01
3.763464422755358196e+00
9.073584520337631076e+00
3.048437615389713429e+01
2.465723440804979205e+01
1.162510677139275828e+01
2.190478947454813508e+01
5.304261907851027580e+00
1.542347238755563765e+01
2.085269356891679138e+01
8.400412222967710818e+01
1.330358971573715898e+01
2.149460903495883457e+01
1.061273741939145410e+01
3.824169948750892445e+00
1.937464007047907444e+01
1.891344299122517114e+01
4.382624878401465196e+01
4.431326836196379126e+00
2.334416678557260383e+01
9.630123112890608184e+00
4.094436113233079766e+00
4.496163278820379361e+01
5.850068414518885263e+00
3.001002719216388392e+00
9.975136951529941953e+00
4.921715452287497072e+00
7.955604659243096677e+00
2.109075072881399748e+01
2.956258367848780466e+01
1.530276746577132485e+01
2.454927539766087108e+01
1.577522427370587899e+01
1.051229789284360550e+01
1.985987537533121383e+01
4.939214606925778739e+00
1.739317128124390521e+01
8.822636433446504611e+00
5.141213781006157113e+00
1.219888780923815830e+01
6.699239839492574511e+00
9.619375683933762966e-01
2.500436938429513845e+01
1.616091559768167585e+01
3.683173504551645294e+01
2.284766133476299999e+01
1.747740178756641427e+01
1.380474030199135349e+01
1.411446466074357708e+01
1.439632193334704979e+01
7.751869339540025550e+00
1.407968889912797117e+01
1.505452076193122402e+01
1.202719313938682149e+02
1.776219980848133062e+01
1.238611207098505318e+01
1.288716119768761637e+01
1.398174015311244389e+01
1.768536543930285276e+01
3.340766322694595658e+01
1.231664338725202157e+01
3.947685875088432539e+01
3.482651508348522640e+01
2.248257631505628140e+01
3.057078045394479915e+01
2.251305150147430112e+01
2.000448235221636040e+01
3.040987569891995435e+01
4.552693844038962112e+01
4.237574135203168169e+00
1.495030703313681641e+01
1.230357557231741694e+01
2.604301829699456761e+01
2.948579311848949658e+01
1.941955509283882719e+01
1.349308845201967877e+01
1.308241101687120533e+01
4.803021065470378659e+00
2.584173680145622143e+01
2.529289535352726404e+01
1.088824619703323471e+01
2.591929663231322323e+01
1.268898277166230137e+01
9.150566608794637347e+00
2.312153985691370650e+01
6.240639354659926141e+00
1.700010047339557673e+01
1.072204410038907874e+01
9.994672139424487511e+00
1.344629451367847217e+01
1.008091655742458670e+01
1.864973525693152467e+01
4.199544080378707633e+01
1.096394857655289812e+01
1.691810308678438091e+01
1.155132209576582625e+01
1.586381205447307075e+01
2.210368199652197063e+01
5.839667311461495203e+00
2.786367425838790979e+01
1.531497708230834043e+01
1.949475023298657206e+01
1.561894482751958524e+00
5.571187033171334235e+00
3.364139937543868797e+01
3.139469649154894171e+01
1.277242873421324099e+01
9.290877740024070519e+00
