2.592730500206007704e+00
2.789628498425879854e+01
1.744292480665286149e+01
2.595131068848286304e+01
5.879437186777066060e+00
1.502789295492391553e+01
1.709281280033125583e+01
1.847020942490673079e+01
1.585163715295147924e+01
4.535946319738147103e+00
1.153362950738221926e+01
1.594401760809830826e+01
1.686339377300676290e+01
6.601821729365524583e+00
9.860034090890723135e+00
1.247461129374236499e+01
6.165904231103215949e+00
4.592766275465331560e+00
9.754737880167621000e+00
9.123322475340291504e+00
2.791715274443429262e+00
9.526919015517011147e+00
2.241992248037939106e+01
1.112201037059240427e+01
2.264404155569466681e+01
2.439769454688802952e+01
1.108923907602277126e+01
5.560358639022068949e+00
1.030054552197587725e+01
1.580499008489203305e+01
2.753531546778583472e+00
1.807786910440248196e+00
1.483790101461782740e+01
6.900401060911448781e+01
9.090418839933004591e+00
8.395628924454831221e+00
9.728339704791098441e+00
1.624319888089382857e+01
4.977586871962235371e+00
1.286056800827162760e+01
1.353165057623161971e+01
2.578458831409214724e+01
3.339135628939973177e+00
2.705286790825321219e+01
1.502625387919897548e+01
2.334485158890892009e+01
1.066327859548889423e+00
1.873825137409185260e+01
8.346650327384379509e+00
3.067969179646654254e+01
2.727856957672028404e+00
6.335999274328541375e+00
8.460539969190461917e+00
5.848318696085912372e+00
9.418183534623818076e+00
9.977117951328217771e+00
4.785624357898059600e+01
1.152942086383502485e+01
3.618426372314803352e+00
1.973555655830161015e+01
6.619544541230451884e+00
3.522454763194017513e+00
9.085329377871977030e+00
5.765042986231556910e+01
2.174972613261205368e+01
8.586874471746600568e-01
8.068154676531230862e+00
1.669288512269036318e+01
5.964601764749895452e+00
5.643588268531740226e+00
1.850889071229759608e+01
1.790683700928970978e+01
8.732651172293509845e+00
1.350329617200464227e+01
4.671443206478348209e+00
6.568671468993248830e+00
6.322657897005650618e+00
5.696271481751905341e+00
4.023985697219874424e+01
2.819214828696760833e+01
2.517343709743443370e+01
1.945241904587562942e+01
3.149785638256377140e+01
1.365608516439428488e+00
9.403233688325514095e+00
4.121027767187269042e+00
1.881674973237404069e+00
6.169548993762640876e+00
9.867735442346347696e+00
3.235962605782874135e+01
3.551420260633237014e+00
3.502685508905384637e+01
6.650158604751611691e+00
9.862222304968504716e+00
1.277248158492658270e+01
1.141701235623200894e+01
2.114605829022134387e+01
6.944013704537118414e+00
4.925600109493919021e+00
5.915318112708869869e+00
7.676694010883993613e+00
1.766276141469758088e+01
2.598259242330223628e+01
3.238864194242278671e+00
4.939769462024420577e+00
5.055711084221933937e+00
1.911357853583780653e+01
4.135920849286041090e+00
4.235691033200730260e+00
1.351354413398232346e+01
8.683902288915341217e+00
7.646553846418751021e+00
5.341314331489525280e+00
3.716389083523409909e+00
3.294737596416134284e+00
9.272054159093871206e+00
2.392532076464955892e+01
2.015241539341054278e+01
2.743225500706020981e+01
3.862862156972712846e+00
1.062436226256749450e+01
2.478709494050127748e+00
4.662571333209389657e+00
2.157465818880571362e+01
3.998603568103088435e+01
8.358322746072300191e+00
4.355519936547574744e+00
1.245181045655951557e+01
1.779663013708284325e+01
1.216872447756080433e+01
2.775499086695581141e+01
1.006920817209464047e+01
5.347911917933656412e+01
4.010183273790191905e+00
3.321716435966612035e+00
7.353419543419381199e+00
1.397778124052850401e+01
1.183071326629492859e+01
6.635770154818700917e+00
1.654398014483686508e+00
1.987363634039327565e+01
5.244012448103065438e+00
5.869166061009179813e+00
1.043440847611672595e+01
1.259393252035431132e+01
1.323538414557155107e+01
3.428597384815196047e+00
2.634859845446656745e+00
2.985909729136158930e+01
3.604695919382034930e+00
1.267659712148417306e+01
7.067740110006859311e+00
1.439397240037790482e+01
1.934447348044094639e+01
1.556335043764308246e+01
2.827601974215046887e+00
2.782395626044080217e+01
1.552278250585746022e+01
6.689132507575439313e+00
1.136166230536205646e+01
1.217257426746637528e+01
4.551346326552607735e+00
5.805400014559521082e+01
4.105296342581171487e+00
3.069073745543889675e+00
3.051734552382454524e+01
3.075941996964234093e+00
1.947077892589787851e+01
1.580170064421534981e+01
2.894246384963659047e+00
3.939532683725379236e+00
2.429179147771050040e+01
1.341946124421830788e+01
3.373735297656096144e+00
1.480780932149075468e+01
1.098894326047872561e+01
7.800699176895671272e+00
4.037706171897476715e+00
8.757111444311478365e+00
2.866476448006818245e+01
4.392877244050357888e+01
5.659535219779555426e+00
1.515009793331562982e+01
1.112700433390269339e+01
2.367378841767379782e+01
5.201350432450693617e+00
4.778804059061354081e+00
3.526047062150495570e+00
2.513940036426498281e+01
1.225063687883484320e+01
2.435169734407336861e+01
8.030483622121534992e+00
1.980649644645038165e+01
1.327796370274110593e+01
1.162198922646870969e+01
5.917109628607400751e+00
2.855663620105984180e+00
3.846822062902214157e+01
1.883833133851812391e+01
6.419140117922419009e+00
5.351771683550897052e+00
1.228117053360183597e+01
1.057934697067014618e+01
9.940785277677585796e+00
2.122950905972979285e+01
2.995783761786442767e+01
5.123440886907389746e+00
1.756105039668998913e+01
2.627542910321085223e+00
3.691108601361780650e+00
3.014836016187648227e+01
4.988516735116947132e+01
4.212967925641310174e+00
8.491141948960050811e+00
1.264150312332681558e+01
4.300826009616609547e+00
3.826777438174891444e+01
5.759941093575794646e+00
6.815966629411107647e+01
5.610181196536819570e+00
2.895108534500073993e+00
1.425557124469679771e+01
2.395162255894291192e+01
3.556818709260378686e+00
3.919290880644005171e+01
7.957142257698580856e+00
1.075372774304583778e+00
4.843191914319166180e+00
1.613967112262497450e+00
3.574275386448138470e+00
6.011798709138190588e+00
1.558720169650217180e+01
1.099489574585600593e+01
1.051221854187984484e+01
8.101136387444968889e+00
3.679910092671271826e+01
1.861718632894508474e+01
5.243032575776908288e+00
3.812742303299527791e+00
3.378465051142911069e+00
2.289682649865085295e+01
3.193285529033473402e+00
2.466774650221694287e+01
1.828344545683013189e+00
3.070344302063807262e+00
1.297236692340909769e+01
6.535372145117316123e+00
6.151631331827442040e+00
8.218245170118203546e+00
1.966248851302935918e+00
1.519523419408322873e+01
1.019094240761138259e+01
4.883058452408888428e+01
6.722710997818866829e+00
5.042815160787781359e+00
1.538612012276414021e+01
2.454638831349181149e+00
3.063029031878891573e+01
1.191165651446959295e+01
6.197252043582244241e+00
2.432595899464348577e+01
6.015124248213081337e+00
7.624434661938686020e+00
1.220082484849632287e+01
9.055441272373721873e+00
3.006174627838091595e+01
1.096082632454209538e+01
4.095887504473163077e+00
6.737558762459418205e+00
3.731547726779780749e+00
1.628346991830423818e+01
2.219780785281020741e+00
7.197878701079508446e+00
5.750538352171891354e+00
2.701393297457119047e+01
1.927661201079741460e+01
6.604959936676230825e+00
1.277339131940105155e+01
1.448479480310051670e+01
9.759487752390720416e+00
1.676631264665783272e+00
3.350269352215774266e+00
1.343104109580318628e+01
4.860287978688650590e+00
1.149162497748718792e+01
7.835779780843933118e+00
1.170953168997957050e+01
4.734468993375182677e+00
1.103824730357833772e+01
1.827356896391495678e+00
3.435370113706448514e+00
3.605638818602460383e+00
1.028114209671269563e+01
3.961594367979157028e+01
3.226710312719500706e+00
2.737554180575404317e+01
2.494422667541920191e+01
3.630276659348993906e+00
1.266644860739604006e+01
2.118125907652691708e+01
1.383955198934817687e+01
8.742182614247655081e+00
8.508912597806963518e+00
3.364586140836375083e+00
1.078777965265258665e+01
1.352351304183585690e+01
5.367374254963918290e+00
4.840402130314222617e+00
2.770794187035634515e+00
4.680485531967998547e+00
3.228855910522722894e+01
5.493060788515292003e+00
1.036546009398300860e+01
1.494256757507299804e+00
1.891490016923389561e+01
1.167060060361403551e+01
2.895773721695703351e+00
6.124402767445583429e+00
2.090710038033416396e+01
2.552408488845621193e+01
2.799340810521221812e+01
8.700521652242702686e+00
8.270172820570730110e+00
3.181858954739306355e+00
2.176131400444639041e+00
2.409084123209745698e+01
1.221436705864758743e+01
5.233973793857675805e-01
4.366392962917254650e+00
3.203751502469353696e+00
3.618107601910431459e+00
3.300185084941100300e+00
2.227134948654952318e+00
9.963286358498576689e+00
4.027350982389721779e+00
7.577499252535282892e+00
3.517902717468762486e+00
1.923197892893024274e+01
1.338474892667597516e+01
1.026994346137870906e+01
6.691181341203408905e+00
3.761940526094821990e+00
5.914770537170628728e+00
1.316614722349227584e+01
2.644249160982532931e+00
1.566886931840976160e+01
1.962305002324360892e+00
1.990082825666022970e+01
1.525061038964532401e+01
2.143313381060973555e+01
1.736310052861004927e+00
4.237369570133012964e+00
4.152057305995420222e+00
5.016945090384718142e+00
1.822792333118735897e+00
5.208454982468061267e+00
1.225925890204987390e+01
5.588675487859815050e+00
5.588558491271705009e+00
4.610679220828072999e+01
5.239977986548214339e+00
1.134569623903711388e+01
2.086270013393722866e+00
3.460837393000941375e+01
1.840514095658749349e+00
1.369760168608780404e+01
2.414933493528913644e+01
2.825975722015142022e+00
9.073290726466106904e+00
8.173515163870519018e+00
2.935389286063632497e+01
7.755838866193648151e+00
1.287479168895871240e+01
6.268956877127739524e+00
1.268819598974866558e+01
1.774249472619296242e+01
2.296405118944926826e+01
4.099822012114549352e+01
1.475587006643804422e+01
2.358883870417790352e+00
6.583052689580791927e+00
1.127141039081013574e+01
3.727579201593357983e+00
7.144179858744807099e+00
2.917670096152951587e+00
4.088935558251766800e+00
2.861050021062524706e+00
4.565845410411689009e+00
1.237751607357580941e+00
5.457857339223251891e+00
1.053688948288730209e+01
1.246571786596514464e+01
1.221505694612322124e+01
1.092179147815166651e+01
4.186008181193118460e+00
1.270827508195381039e+00
7.156106787470043251e+00
4.116066741253677996e+00
1.828529263965809193e+01
4.879369836027217744e+00
2.391806027419151448e+01
6.074818161350465040e+00
1.111986600837048478e+01
5.393325172368306220e+00
4.126271730020932615e+00
2.817767273519950422e+01
1.005554786273433754e+00
2.174585416776176672e+01
4.590965569885090858e+00
7.812178787382333844e+00
8.911103997604051585e+00
6.961350450917012544e+00
2.010300479531058215e+01
1.209525869730924086e+01
4.871489973712730404e+00
8.878667077311790834e+00
7.670569058202482360e+00
1.322054396120512543e+01
1.984496221084902956e+01
1.733945203724576345e+01
8.105712666622697071e+00
2.796190793645495631e+01
2.573757011250398463e+00
5.466595401746419114e+00
1.363188994881251936e+01
1.255639483570654846e+01
1.659751823577844565e+00
4.553581638456376979e+00
7.478719204641442353e+00
7.551982509391482523e+00
4.986460423046591650e+00
5.507073791524447870e+01
7.625903068072664048e+00
1.992703110741991779e+01
6.598099123536762534e+00
3.042206598845292476e+01
7.015474582823055805e+00
7.358831083395317663e+00
4.734702807904014321e+00
2.428532598822747701e+01
2.259674166291208053e+01
1.402482253778537924e+01
1.664641593458229707e+01
6.952049264634721837e+00
1.402180102834453557e+01
1.285410119816424590e+01
1.315562992406840870e+01
1.157003121041355165e+01
2.674140994686776907e+00
6.217078726956195567e+00
9.819120510048040984e+00
3.485212896147035888e+00
5.542888103961116641e+00
4.152971298458669303e+00
1.578019668428457978e+00
2.864294763130931187e+01
3.705032097221138354e+00
2.092237313802900012e+00
8.854227858963970021e+00
1.058899582795054641e+02
3.979109555618239202e+00
9.922767620422852985e+00
7.342669198962450849e+00
7.551773064227609744e+00
4.478991090430541000e+00
6.444229315960089188e+00
1.099051122479220588e+01
2.542069199723828277e+01
4.013098120311671124e+00
6.296916221784021772e+00
3.804802929772311604e+00
2.974377631148661827e+00
6.370026569963002316e+00
6.273495862858636585e+00
1.416549841901014872e+01
1.666402013890439804e+01
9.547711691707348791e+00
8.354329238518056755e+00
7.642920516645312468e+00
4.442071695264639963e+00
2.850761702451045565e+01
3.717800661058353384e+00
3.751369971640200873e+01
2.983228756650353830e+01
1.579659081689237254e+01
1.296188969520137668e+01
1.074041232082979924e+01
8.051698657765223643e+00
1.585157802914520575e+00
9.699625752427417424e+00
1.237963097188387529e+01
6.207202590928601715e+00
9.682920940123947773e+00
1.014563169778698004e+01
1.517591513186125241e+01
1.382821387368019472e+01
3.532032977348779212e+01
3.054042549084496017e+00
4.098158893222479726e+00
1.484680062144096624e+01
3.282010346739975493e+00
