1.744704463418190699e+01
1.747206932134145774e+01
9.415573377568715330e+01
1.313988250358329992e+02
1.522389394248089722e+01
2.533449051268119945e+01
1.776319680689090319e+01
1.063085734159173690e+01
4.306216037734709090e+01
3.871610043382735711e+01
7.410877661826906149e+01
7.495338120867014453e+00
1.679551263575674724e+01
6.751296497882967174e+01
7.204062177220214913e+00
2.366745782228598927e+01
1.916094453963913935e+01
8.884128768767389772e+00
6.931211387529430112e+01
1.933534794099349341e+01
1.358289743918117232e+01
9.882879911888460711e+00
2.806716049825726600e+01
1.512003604924654532e+01
1.066641361486510142e+01
5.700573511188527931e+01
7.301055365441270339e+01
6.023137426834355779e+01
1.253755931179702898e+01
1.722648636271751599e+01
1.211499165961247293e+01
8.731719310659734390e+01
4.517928436959745397e+01
4.714302725274559691e+01
3.134324689234887984e+01
5.147836335620647574e+00
4.887859123053981136e+01
7.984918144975735821e+00
2.040004492357675048e+01
3.225871761372501823e+01
1.158648637949058191e+01
9.155341621566204680e+00
2.032668014673359380e+01
1.302963426736805452e+01
5.209879919152348293e+01
2.026999205168782936e+01
1.965034862470043464e+01
4.864942444761178564e+01
4.941518275575252694e+00
5.588962069600511029e+01
5.426796106088362492e+00
9.643782023884159571e+01
2.009456240451471487e+01
2.479386736583445838e+01
8.217158112232199940e+00
6.034826286604002554e+00
4.077097881212569064e+01
3.562051069243895807e+00
3.110507134286664410e+01
2.208694679375104286e+01
1.007637206022554821e+01
1.562147785904496189e+01
1.287656905766245252e+01
2.628715632372706779e+00
1.402592010571487080e+01
7.539957440103789210e+00
1.355429981126354448e+02
7.329430197688459714e+01
1.964390497538878222e+01
7.018614555394876220e+01
5.236855388449599857e+00
4.236731301181807297e+00
2.045501400205315790e+01
1.880378850035853944e+01
9.781839682225697885e+00
9.666336733106616919e+01
8.048102879458884473e+00
2.328791045861955311e+01
1.739158463796957932e+01
3.011803409949843413e+01
7.106237234449165108e+00
7.281947242955011390e+00
1.506157207442477954e+02
8.823489118737352754e+00
2.452323827459960626e+01
5.644542596953949243e+01
1.613265095160015505e+01
2.072883094549501948e+01
8.715848812443317684e+01
5.903730739675585681e+01
2.058588273609109009e+01
2.716121163083604984e+01
1.550450586631617611e+01
2.427080522008543184e+01
3.940788141264756206e+01
7.923050332414700136e+00
2.286535570647117055e+01
7.619886470504570575e+00
2.223462947206345675e+01
7.002968220799619559e+00
6.851490387992006603e+00
1.064037359445913467e+01
4.890908351122413933e+01
9.854240536571444053e+00
2.801926183033388185e+01
6.521821047605325816e+01
1.159143945491112149e+01
2.251560588892525914e+02
4.365402293802960187e+00
4.386982893114238635e+01
1.457806412000605789e+01
2.480100376361441405e+01
2.322985160003785410e+01
4.160256882647666998e+01
1.246549751895273417e+01
4.743426718292115041e+00
1.150193710909257483e+01
4.458633543285364453e+01
1.460729783993647501e+01
2.148181061949714987e+01
1.789799734877301063e+01
6.792897635975317883e+01
1.243761463767166617e+02
2.114798779334699930e+01
9.619499282291796405e+00
2.183852527216843242e+01
1.810310573626502517e+01
1.432458851307339742e+01
3.072558524874659014e+01
5.083392465198479471e+01
2.780599497014445731e+01
2.197573037885323188e+01
3.298409052318955048e+01
1.002971099214689410e+01
1.420649116202862494e+01
1.213222346592165302e+01
5.744499076998528153e+01
3.236650672095866810e+01
5.398404708256895645e+01
1.331988747015519259e+01
3.161900311781250039e+01
2.856918742116063115e+01
1.587031044889936204e+01
3.160114497451533566e+01
1.194909149988686359e+01
6.483606981574882866e+01
2.169728350898326852e+01
9.700100875306675974e+00
1.146335870918402122e+02
1.358324493982966530e+01
1.340517571196082613e+01
1.276674414383083800e+01
3.436338034300172239e+01
1.617078495354294603e+02
2.262686683487178385e+01
1.564207439355395657e+01
1.132247873237938762e+01
9.987085641058651930e+00
1.122317262353287148e+01
3.977837212601527028e+01
1.158959757404929114e+01
9.455278744842672722e+01
2.155514652058833036e+01
1.269862491775161750e+01
4.388013452051994534e+01
1.286284806831298155e+01
2.501400270056618069e+01
2.379806975650969747e+01
6.367514767986635071e+00
7.575459501274083607e+01
1.310885424012130329e+01
1.322882976853364845e+01
7.883615618812429204e+01
7.995714075285680167e+01
1.306923968196065466e+01
3.435337433529581119e+01
1.144097031146243104e+01
1.114214969371830222e+01
2.927710686233643500e+01
1.237211310382319240e+01
7.837149195686389191e+01
7.163481883071725953e+00
1.264546238618864571e+01
7.263560521548897952e+01
1.443856069170564993e+01
3.829791756873485298e+01
1.549402642971156041e+01
8.719284798657769286e+00
1.058018863562589118e+01
4.236584812287963331e+01
1.087017886176979253e+01
1.324314452705198164e+01
3.278654500793229687e+01
1.117594100394142131e+01
6.490802552974822959e+01
1.581124039128744130e+01
8.677444117825457326e+00
8.771571007730745606e+00
7.641548191384574196e+00
1.334222226352645890e+01
2.987816995086156169e+01
1.511690803184168530e+01
1.098881936890924607e+02
2.034888899264539575e+01
7.404784904203050644e+01
1.349610374760043285e+01
1.939102185336087203e+01
1.404378579978234320e+01
7.152337601179995374e+01
6.858877143176620450e+01
9.325296752004865652e+01
1.902200292103130153e+01
1.082958305015643496e+01
8.093294328218661349e+01
1.072799787282972375e+02
1.599262951349909478e+01
1.713164745687902979e+01
9.263970191456267855e+01
1.995271554037015349e+01
9.755807949589652139e+00
1.906899809401273060e+01
1.606078713801820967e+01
4.166891274534585676e+01
1.519324062979525536e+01
7.196894453147726800e+00
1.852791182532168079e+02
7.003224505299596103e+01
3.921192594069236748e+01
2.707997826700439248e+01
8.534347603220036049e+00
1.113051921868589744e+01
1.687449992630374140e+01
3.987428200195962447e+00
6.877490177697846541e+00
1.490468577236259229e+01
2.074335346889355236e+01
2.943969214616216945e+01
3.924688015040848654e+01
5.913685678959170389e+01
6.576335843516438295e+00
6.863023699320349635e+01
5.364231186741096025e+01
9.671464886044097042e+00
1.754453444125330108e+01
1.123903449937108157e+01
6.446030979324752330e+00
1.054506946736139028e+01
1.862312176206071967e+01
5.745273161520517036e+00
5.905080111852060831e+00
1.562442275117257680e+02
1.840919706069128736e+01
2.185499407422124207e+01
2.374677592347750377e+01
8.538749564682653670e+01
8.453916420907715334e+00
6.240106769577744927e+01
6.342675213269580325e+01
3.719400814195056881e+01
9.111792828099005703e+00
4.646859024685844020e+01
8.017077734718361270e+00
4.562873852862277424e+00
2.036569355365478273e+01
1.104963853827222664e+01
3.552851621049233444e+01
5.169488425748368599e+01
1.355793271116681176e+01
5.574042513827687628e+01
2.454062767694003355e+01
7.570578354958308331e+00
2.019162768220827786e+01
1.268866760056529941e+01
4.162860566155049469e+01
1.406125094978311374e+01
1.850949035500340756e+01
1.502810930130375588e+01
1.379938775276369967e+01
4.469842913124131201e+01
1.665324736804326378e+01
8.931874763367572356e+00
7.660877475597681396e+00
3.024723331322985231e+01
8.276125212660456754e+00
1.144158550926596796e+01
4.404385619998201662e+01
3.079097664715494531e+01
6.661825832966989935e+01
1.211551973211485347e+02
1.547382918529212859e+01
1.092432205976571424e+01
5.027636140445967783e+01
3.958706385092163771e+01
1.503520781555031682e+01
1.806072651314266153e+01
1.228267975200576956e+01
4.974553362242506438e+00
2.477568099253974410e+01
7.454477317996015096e+00
1.641945019885718082e+01
2.388420002622270033e+01
8.098795115958370872e+00
3.544032450681300794e+00
9.495663806005948615e+00
1.364371109878422850e+01
2.532815909689816181e+00
3.079858510725876908e+00
1.351434348920278161e+01
8.956547107065544466e+00
3.557298256259955327e+00
6.086363017183421320e+00
5.505684736853215355e+01
1.222706378805517886e+02
5.441576514712760826e+00
8.868419578620303056e+00
5.664052788782323944e+01
2.195756912075177780e+01
1.944943389821609969e+01
1.540005143687604239e+01
5.065982022459557044e+01
2.207078847303937152e+01
7.618981960669158227e+00
3.579067068427374210e+01
6.981320053491094413e+00
1.848065760986915862e+01
9.667695905905725695e+00
4.373157518484714501e+01
8.225177868969910833e+01
6.132869709683459902e+00
1.604913323061120423e+01
1.650655651090879417e+01
1.738076419438641551e+01
5.653506722484483937e+00
6.189756238852177184e+00
4.942744539053959052e+00
5.905964675862860780e+00
8.898589411342681998e+00
7.463592397387940025e+01
7.375395005822551475e+00
8.170910990386667905e+00
8.554295095185905140e+00
1.007043672452708627e+01
6.356894862556541348e+00
7.508120332243041872e+00
7.869684679420807072e+00
1.144572848192370884e+01
3.550759772837068340e+01
9.785189092531162203e+00
8.456088965576191185e+01
6.154992697141516800e+01
1.393211829275146840e+01
1.210640264021384915e+01
2.274667534463276297e+01
3.429435616563882405e+01
9.999566979776581377e+00
1.377841787518169347e+01
1.629432978962739087e+00
1.955597979137010611e+01
5.735279209573617010e+01
2.052531187844941130e+01
2.175028395023297278e+01
2.563569249625190594e+01
1.510153524656546509e+01
1.742649603598541574e+01
1.089542745171065441e+01
8.566863046575777574e+00
1.909945829078048440e+00
1.255633434197598142e+01
2.570241012655723356e+00
6.490781864814681512e+01
5.953078050036781477e+00
8.030680126324456936e+00
1.358614504446773630e+01
1.703118105823384454e+01
2.568260496658667691e+01
7.929003730793154148e+01
3.518312062993346245e+01
7.246158222848781350e+01
3.629309118735378092e+01
3.745840051692059092e+01
4.321037256943385074e+01
4.487277571271023113e+00
2.432088208435179055e+01
4.445109382900051287e+01
1.638421669812946035e+01
1.150849209292441166e+01
1.089036721628875171e+01
8.532720138784348762e+00
5.078498320849074332e+01
1.795912175069506134e+01
1.578108953270846193e+01
2.913166172583872182e+01
3.356379512554875078e+01
1.239180931951177378e+01
7.892719296654750138e+00
2.365258981506666203e+01
1.451442472983224974e+01
1.553801431888172147e+02
5.146930787585662870e+01
1.752131396432253041e+01
3.382102848572090892e+01
5.708874711490249609e+00
5.767432698595795770e+00
1.010197126094303854e+02
9.401803100715699202e+01
7.324593200226573231e+01
1.062113165395487897e+02
4.950309951173133882e+00
4.492683634497863210e+01
4.790283542013409779e+00
1.172955239137599293e+01
6.814364359974873331e+00
1.645078705070553582e+01
1.134560144742069525e+02
1.667586040055767782e+01
1.291092113955417986e+01
5.112597894517574559e+01
3.456153431491559758e+01
1.058989421202261205e+01
4.835575719415823315e+00
4.608114861974520693e+00
6.529390830163150383e+01
4.265356797427827473e+01
5.541384551925396806e+01
1.647708619526601481e+01
3.853464435714092673e+01
1.133480527417113670e+01
4.708285968782468522e+00
4.200440861164074846e+01
1.931655451730070894e+01
1.002191104493850737e+01
1.616900649545660684e+01
8.334884163508116117e+00
1.068848784967632781e+01
1.699386206404371080e+01
3.381200870355728938e+01
2.735685196409641406e+01
5.922493822394261365e+00
1.376440920630076370e+01
3.195637784215323407e+01
2.108691103489827157e+01
2.916616191272802538e+01
1.109293842796483354e+01
2.378906581644313079e+01
1.261933593080295068e+01
7.454582413094401616e+00
1.201821964767895707e+02
1.147944535926935927e+01
1.001736960625983208e+01
2.374106104353692501e+02
6.487781608862033522e+01
1.889388413293145419e+01
3.013925809657879640e+01
5.486723649587347040e+01
4.634036128651945319e+01
1.855171588338084732e+01
1.242830350692487968e+02
1.857999508886798878e+01
6.403844520247220728e+00
2.081152825564793929e+01
1.738228985882624755e+01
1.238106516370923202e+02
2.189627827300470742e+01
1.062291558599649832e+01
5.137832706981814113e+01
1.353708355327164803e+01
3.018535332331817145e+01
1.050097850525871195e+02
2.136178595333495522e+01
3.606190324370778910e+01
1.286939712842728945e+01
1.870540535892395724e+02
3.406044968199381628e+01
8.788130355690947582e+00
7.229450753306657873e+01
2.546644381144933078e+01
5.362705563682749244e+01
1.324671198103775538e+01
8.931883824056901844e+00
9.403957513340243324e+00
2.226579885889699995e+01
3.546890195306419002e+01
7.138518626906152242e+00
1.448109894661561725e+01
1.635630576455027096e+01
1.451319172924469036e+01
7.352230675010750893e+00
3.294906171024291552e+01
4.149315898842673533e+01
6.429890054432503277e+00
3.213031263511710733e+01
1.381573408930969649e+01
5.211172906766666557e+00
2.084997823879323420e+01
1.532955139911365272e+01
1.997284569715793978e+01
2.613420817282246844e+01
1.206854360178006935e+01
2.845094062104615773e+01
1.077887866709607323e+01
1.629565171454303751e+01
