1.807854136089708419e+01
5.451218474643128253e+00
6.397556476866140684e+01
5.067669846891575958e+01
5.651345993388366651e+01
6.359401541450389317e+01
4.192702672336071146e+01
1.254306331821526399e+01
3.853525762074039562e+01
1.101510283424511982e+01
5.916323491750952002e+01
7.743153899520926586e+00
3.730161696929413750e+01
1.249828318782626191e+01
4.239898414582037844e+01
1.574721087924885232e+01
1.750866839295073518e+01
1.370222689077004929e+01
1.074166879139770181e+01
8.024238746192085614e+01
1.533505291051923614e+01
8.375361269750122517e+01
2.143559464528981806e+01
1.628484549686984195e+01
2.229576351136085322e+01
1.107568612204956082e+01
7.994576130958583882e+00
5.079235907063463884e+01
5.286303514505918955e+00
2.043708588676102877e+01
2.477509800074150093e+01
1.008460557982370531e+01
1.431189043070735067e+01
2.606724674849172807e+00
1.255566790270049893e+02
4.621760892025386624e+01
1.324985530828613989e+01
1.888459999584541293e+01
1.606233472629407544e+01
6.379474304762150716e+00
4.093922554216059240e+01
2.645405014991542103e+01
3.467383327810610183e+01
5.842195201718920039e+00
2.917030563673348098e+01
1.273768482110954103e+01
2.082982406117192653e+01
2.090609980616888919e+01
6.140056127266186081e+01
5.289706610293779754e+00
1.231818378114422075e+01
1.020588239211253345e+01
1.542598089863661848e+01
1.047825573060982585e+01
1.537336020470542053e+01
4.000203774509095211e+01
1.382753380165784662e+01
1.729679139882948675e+02
1.715402818818557407e+01
1.501255838840847048e+02
6.215701732297559623e+00
1.106421967880056201e+01
2.322817118759409993e+01
9.467087463602686270e+00
2.004120526829397519e+01
3.324511379684300749e+01
3.511492008757282690e+01
4.152561344550847622e+01
1.095225309392109203e+01
1.109190936556832163e+01
3.233540467473935109e+01
3.286213173029251067e+01
4.099740627592519893e+00
1.062006909406392019e+01
1.689454577299120430e+01
6.648467152322265150e+00
1.246542519866124188e+01
1.495264803724166036e+01
1.051545685224965183e+02
8.292104249065989308e+00
5.173875132610842797e+01
5.783168527565612038e+01
7.352285476684775389e+00
1.051935294530146869e+01
7.584101223347995813e+01
2.235847728807905099e+01
8.124607955632074052e+00
6.192064591246697169e+00
4.374685911606473354e+01
8.884299626929183091e+01
2.434735030051458438e+01
2.245018107415354436e+01
2.241288585908367637e+01
1.187643437261045420e+01
2.196797084360354688e+02
1.654362055976158175e+01
3.414830212055073844e+01
1.920616607019714195e+01
2.353312524657845728e+01
1.981920853802222737e+01
2.477849130401984112e+01
6.468154277726726242e+00
5.974182120907327231e+01
2.196836979526249323e+01
1.276085092314301228e+01
1.501495043205869528e+01
2.184817095719832380e+01
1.985206417958062275e+01
9.063231119719011986e+01
2.724255528325286235e+01
3.375569968492091988e+01
1.806431394962982395e+01
3.117341379644148702e+00
1.263623074763711998e+02
2.260723134854409722e+01
4.911441148457842587e+01
4.046774662722220484e+01
1.626863297393624208e+01
2.079574979861112638e+01
1.480484531294156270e+01
8.725381866146584287e+00
4.854161804564564164e+01
2.868514084005446207e+01
4.009504416318683440e+01
2.150556959367590437e+01
3.108981639614988879e+01
2.093225512867554983e+01
3.562362239603852032e+01
1.313146041608328751e+01
2.164793279237917289e+01
9.305593553747387503e+00
8.105986391742507635e+01
6.158869224016357435e+01
1.045488236698018625e+01
6.739164980437919006e+00
9.781886283301835405e+00
1.160844938712147645e+01
1.820877188417163239e+01
9.994523902798761128e+00
1.431808235907817739e+01
3.396952304807543044e+01
7.503498368487789172e+00
1.052455713369445789e+01
1.008291023553372057e+01
1.063979262751371806e+02
1.146252043866163284e+01
1.469838022499687291e+01
8.999798512782639648e+00
1.014088663239310684e+01
4.364378777072724347e+01
6.079438801588903374e+01
9.683310574261149384e+01
2.276978267014339252e+01
1.738970404096257028e+01
7.711777076583349988e+00
9.946046425894296661e+00
1.008169048773349914e+02
9.105945864907909026e+00
3.136809426636697751e+01
3.991922660526197575e+01
8.489580569831510104e+00
6.323491748822004155e+01
2.029935466868501948e+01
2.429778007736324241e+01
1.444581872232307695e+01
2.184846893629531905e+01
9.754949281099994707e+00
3.646232786025526451e+01
1.598703803919127076e+01
2.121182803988219590e+01
1.032438205551974697e+01
5.111512002690131951e+00
2.992013780474597340e+01
1.185218275117468245e+01
2.717662710905086598e+01
3.355270436387410626e+01
2.626323020838746913e+01
1.659046627345131242e+01
1.576265094912551135e+01
2.176080984013869468e+01
1.008515285759713365e+01
1.895262962314642152e+01
1.209725833049250099e+01
4.114454355555022858e+01
3.415555328260711576e+01
9.632660523408330278e+01
6.446124774844899541e+00
4.744429323814965471e+01
5.084135410945213707e+00
2.155357354020092941e+01
1.934860885671819375e+01
1.896602626900162747e+01
7.491249829961381224e+00
3.041345990876126848e+01
6.115960065950795332e+00
1.418088223490153688e+01
1.638418391849978306e+01
2.407880749917531560e+01
6.062448340299706473e+01
3.188897891467750156e+01
9.603393211472596391e+00
2.569292521187351142e+01
1.510820046908704661e+01
3.125275977046580067e+01
8.591726018797960762e+01
1.355566494014272827e+01
3.416995622203452143e+01
1.158030964177884812e+02
1.407016567053110023e+01
1.907103761273912923e+01
1.232643331426941202e+01
3.988878286147319585e+01
2.005770650348681272e+01
1.286498255789534184e+01
6.609221802822469272e+01
3.300967842503749949e+01
6.606512041619005515e+01
2.641532977379332081e+01
3.717174735769790317e+01
1.967240426161188083e+01
2.796465412719138754e+01
4.512444887327181675e+01
1.527967945625816526e+01
2.939076079031491773e+01
6.439791150019579469e+00
3.859797138374158010e+01
2.758139622595880880e+01
8.601562368158122140e+00
6.731673252965173049e+01
2.763689719181836324e+01
1.352993110044608827e+01
9.117504629237515701e+01
4.254340292045098693e+01
2.088624811604330134e+01
2.207477929089039037e+01
1.483986490625952293e+01
3.341841306320907279e+01
1.621889817230577790e+01
2.193658629730656884e+01
3.151060572985469932e+01
2.229940018811168301e+01
2.432228967287999666e+01
2.283200136262038171e+01
3.806741000791893725e+01
1.236226430126902187e+01
2.534420242014611091e+01
3.148917228462381956e+01
9.362895140943848560e+00
1.292687424193392687e+01
5.467368294968102305e+01
5.814710283877918329e+01
1.273392419898165073e+01
5.626184168469348990e+00
1.217293579004195436e+01
3.250493494835468056e+01
1.616916530317602962e+01
1.322299102353158418e+01
7.613937213418630279e+01
1.508845509058427581e+01
1.202668414875733127e+01
5.086037549893143250e+01
2.178806563645494876e+01
1.498739250630945463e+01
1.056944257866160086e+01
9.054201911474615372e+01
4.003789822810149701e+01
4.548180612001228695e+01
1.915049140036048314e+01
8.976587459648918355e+00
7.834377746010113164e+00
8.232138294019033964e+00
2.737122175925169643e+01
1.231857642473258174e+01
1.130883303530839257e+01
1.475154646131736769e+01
1.079411649570624832e+01
2.020584771973750549e+01
1.211489785025831623e+01
8.652293487652734427e+00
4.633961074631703525e+01
5.092228939624659390e+00
1.546796066708570194e+01
4.166677431740903437e+00
1.967817942689447364e+01
1.675563935129954274e+01
1.323104270467016086e+01
6.608087635737443577e+01
1.386461831485731544e+01
4.482507459650912018e+00
5.586935758060871393e+01
8.760383280954481933e+00
2.267546816314528968e+01
3.433079598267052290e+01
1.523194660936106288e+02
1.332146390613594455e+01
1.019095236551831363e+01
1.932746037004562112e+01
1.152508558483516588e+01
3.061908629409696658e+01
2.927769426947097742e+01
5.352637607806165221e+01
1.599445452854756589e+01
7.572655736577713625e+00
9.822859149221226716e+00
6.833716736229418665e+00
1.606989379709846233e+01
6.762304707371542101e+00
4.845859619571597499e+00
1.867121615608524721e+01
1.126897768801061162e+01
1.232810339860575333e+01
1.416455687321818147e+01
1.711394734378823301e+01
1.729030951213928446e+01
4.250162248735859016e+00
2.846685927246259595e+01
4.529882364480086920e+01
2.814703712840609029e+01
8.281246550914966065e+01
2.330995775808160886e+01
6.043224011915881988e+00
9.724553469999580813e+00
3.064082450130467805e+01
1.058713130279473091e+01
1.489969203161134459e+01
1.666134140107110184e+01
2.570294986364237388e+01
5.415802677138891852e+01
2.069478954643424515e+02
1.241225956201485658e+01
1.005121276572994020e+02
4.732243296687494194e+01
9.972081974085647005e+00
2.349822832162505648e+01
1.112528074349095775e+01
5.502357475049505808e+01
4.968429840117683227e+01
9.091226274752235881e+00
3.654213685378518761e+01
7.589588227124226094e+00
5.308117485233680988e+00
1.448376003943140766e+01
1.228950247452059230e+01
1.429081586636651480e+01
7.233129804665588303e+00
2.127048376179374145e+01
3.452809265884125267e+01
5.602114422825555096e+01
2.738540527588542872e+01
3.166513280744151615e+01
1.438277422179676712e+01
3.711456383007919868e+01
3.000406557778136829e+01
4.587197608361902468e+01
1.618149036583385225e+01
1.793233288395146374e+01
2.911161822904084673e+01
9.319592141601042101e+00
5.835113359045017489e+01
1.132196631626231920e+01
5.702681619174267524e+00
4.544236126591348324e+01
6.616624443068709560e+00
7.177056660013248823e+00
2.517069529947746531e+01
2.405552177876377584e+01
1.099449044272477671e+01
2.631704562856564777e+01
1.166715573127657102e+01
2.387607008309475631e+01
9.853629073227329727e+00
5.334704476876130030e+01
1.810769999504717376e+01
2.200458957099517576e+01
2.433116923671295240e+01
1.435128157808120193e+02
1.016239942179738343e+01
1.112456881201200929e+02
3.708828967633651530e+01
2.343852257692951824e+01
3.228509580774483112e+01
2.570353248637339405e+01
2.624490405530167436e+01
6.819271104413513029e+00
1.355507124098195959e+02
1.957741144437336445e+01
1.113384256724753563e+01
7.987403599256051479e+00
5.237148425193801415e+00
1.483890000725961933e+01
3.544927351341704025e+01
1.784503218784661982e+01
3.240614225035157148e+01
7.630318742645558316e+00
1.101437730968102002e+01
5.219496892229092566e+01
1.874318062642111471e+01
8.371580546072840079e+00
6.878327704101662832e+00
1.537932315462353827e+01
1.300182982124731979e+01
1.865260736802730435e+01
1.417330091774593548e+01
2.216110064844751903e+01
9.054832588459007070e+01
9.410914578632722183e+00
8.037289154814240533e+01
9.042650611392613769e+01
9.301987543021818183e+00
2.370022327635843240e+01
2.154702794715187508e+01
1.891295523592451033e+01
1.329919163614270694e+01
1.266314949308883975e+01
9.010555334022946283e+00
1.038305572109324260e+01
2.734085331866040391e+01
3.473967889770837303e+01
1.212446333555671529e+01
4.153834834296770850e+01
1.848641585371013463e+01
8.473686195042785130e+01
1.497089135749361688e+01
1.378005114777173645e+01
1.157345808428459399e+01
1.845560224454702691e+01
1.633687982457345811e+01
7.508723560329118030e+00
1.037278729499719532e+01
3.047228968936692795e+01
1.107047120614463331e+01
5.517156118867838188e+01
8.559461560482164444e+00
1.722500912906966519e+01
2.989768278333968610e+01
2.589064730636119549e+01
1.232523994429706882e+01
1.789879453105789864e+01
2.607604682521994732e+01
1.502757259279790425e+01
2.657894506641545007e+01
2.469962265561310844e+01
1.866234464747504163e+01
2.588741829023414809e+01
1.838273227941332166e+01
2.568752175395061599e+01
3.205300758213013523e+01
1.950709479245360001e+02
8.327309248351690840e+00
2.412941407759052481e+01
3.275728474792875033e+01
3.454554731884919505e+01
4.427355802484751734e+01
2.766772081720773713e+01
1.744354049978423049e+01
1.195159084064788146e+01
6.820074896514975116e+00
1.750731842471089550e+01
4.580071242778170415e+01
1.274451238730203251e+01
1.559729915019845414e+01
2.668041620255710811e+01
8.371775251943139651e+00
1.256756151760181268e+02
2.480445938966493813e+01
2.694732335568448889e+01
1.102384694495799700e+01
4.561018589789436817e+01
1.554816952628182136e+01
3.073555705911605429e+01
8.473603350910746457e+00
1.280189967369755699e+01
4.439147819735842404e+01
1.172501790468217742e+01
1.783639592983222855e+01
1.683553807165026939e+01
5.764133795371829905e+01
3.260784025573686762e+01
3.664187922164128253e+01
8.707433925629828764e+00
1.298418456042030300e+01
3.447472942019277564e+00
2.424415051660025000e+01
3.687745233838352732e+01
2.968127236891040255e+01
4.039409850534308077e+01
4.570791644879788862e+01
2.183712218572168595e+01
4.819694359308010689e+01
2.752670422515996052e+01
1.256578696613713575e+01
2.842794775215092784e+01
8.330093457519099331e+01
8.308570261411517777e+00
1.501107462162477724e+01
8.937767827642342411e+01
5.104889665879881022e+00
4.605818979916190870e+01
8.447981006454891428e+01
4.525718445192590877e+01
1.325108610278886623e+01
