1.991965021472501718e+01
3.511514875287051751e+01
8.186358031907680299e+00
2.154980298776581904e+01
1.865934485544806520e+01
1.372647032096590358e+01
1.557649939015281682e+01
1.278351964911067284e+01
1.002040227064994404e+01
1.085191214721482140e+02
8.397564174030376805e+00
1.588072457384940250e+01
3.828080351086825317e+01
2.035257437324835195e+01
5.718397804157355324e+01
1.396414465546666683e+01
1.782784215031438180e+01
1.349834946069834274e+01
3.345748707384697695e+01
1.225419511659147354e+01
8.023481009420594035e+01
3.713894856916367893e+00
1.518312960718364835e+01
3.839592233815378108e+01
8.679687163347351131e+00
4.238556990324718754e+01
9.446388108528678274e+00
2.390575693971753424e+01
3.524499842400389582e+01
1.525196764731066779e+01
8.192783895270304129e+01
5.628855990589704561e+01
2.107803097762155531e+01
1.378499332979573566e+01
5.127887534774883704e+01
5.448564200304135241e+00
1.760175159511975451e+01
6.535563362934256304e+01
1.036015372627435127e+01
5.359709874729625767e+01
3.554469020094520459e+01
7.355071200797592468e+00
1.997081254896163571e+01
9.494573928386202510e+00
2.120660583177264868e+01
1.182526470238178362e+01
9.262712424170956638e+00
1.408933032751995640e+01
2.136505946800026834e+01
1.131976871080476243e+01
3.563937727960393431e+01
1.074771329955548183e+01
4.106570020555743383e+01
3.586528305348768697e+01
2.580406052658939231e+01
4.924704148163946371e+01
1.157970342626675730e+01
1.528619596533770846e+02
1.733268717403043269e+01
5.336686573074076989e+01
8.752049994938593258e+00
9.696562676684560955e+00
1.212719715355702554e+01
2.918592352863782935e+01
1.400536125972369028e+01
7.764231688872400561e+00
2.899506776140308872e+01
1.745776182632152995e+01
3.766962618519750094e+01
1.781632162536839203e+01
2.515462641311953362e+01
1.434671740152853481e+01
1.710594113612264522e+01
3.976160532865971931e+01
1.502415827104403689e+01
1.566578577123416238e+01
1.070585789966802110e+02
7.270609236191155844e+00
2.525286416131234901e+01
3.014538006107591528e+01
9.065805145600439374e+00
2.463852438556693514e+01
9.410160171792595563e+00
6.249402650471342469e+01
5.073048596553359602e+00
1.403686555585716356e+01
1.520472023396646222e+01
4.286829678910920371e+00
3.447004549729727074e+01
2.135947180744353702e+01
6.817823695426497466e+01
3.946502286173977581e+01
8.647526059374241569e+00
5.721912454293758721e+00
2.484893213648020094e+01
1.093837930039934925e+01
1.622275313449046763e+01
7.689727689843683933e+00
1.241329721965676747e+01
2.017065976887725043e+01
6.246173967562690166e+00
1.298906270131019447e+01
9.318569806313725223e+00
2.586818558251337663e+01
6.272171211980668204e+01
9.297328315477701111e+00
1.904467515974939928e+01
1.661732419427017504e+01
4.315868717477638938e+01
1.028763955685839271e+01
2.239414143767023546e+01
1.051139616367994911e+01
5.524496264632495013e+01
2.200446363049054810e+01
4.737577017097661525e+01
1.399331349169059280e+01
1.358744341676726606e+02
1.488117062911473099e+01
4.800166182544509041e+01
2.202303770031866748e+01
1.605701176612750558e+01
3.523904248778004789e+00
2.881005978247759103e+01
3.302690449952739016e+01
1.656358457943516882e+01
9.696941215117959700e+01
1.252737455642958331e+01
3.133475043802696902e+01
1.132498947263143663e+01
2.529431996000162286e+01
3.458880994888274074e+01
1.239248481928042196e+02
3.909552776408035868e+01
1.095371680139644432e+01
1.239475199216679968e+01
9.503280252425030383e+00
1.538829646100172077e+01
6.356151818833642153e+01
1.618296475944396562e+01
2.445068009799402731e+01
7.682951477374257543e+00
4.157276829004036500e+01
7.044960387631331855e+01
7.220913844047710484e+01
2.411607127755147673e+01
5.666937953057850308e+01
4.830699176938803241e+00
1.197996342444803730e+01
1.822315525660871316e+01
9.855754369199708265e+00
1.476939677978436904e+01
2.535832943890009616e+01
1.560010429854535019e+01
8.815386411182814186e+00
1.950027328071847776e+01
1.833296764786799926e+01
6.568560071866362193e+01
9.832135404775142362e+00
1.951067197768924899e+01
2.002449764183077008e+01
9.030439663135895856e+00
1.114991666573550866e+01
4.319553357442959651e+01
1.153852968135923085e+01
1.712840278843594177e+01
1.132095270923599095e+01
2.589540268675996870e+01
3.620062540386030747e+01
1.119933500734173570e+01
2.692092071774898088e+01
2.203970707458667988e+01
1.212431964018856867e+01
1.162992895953507855e+01
4.218108726872720382e+01
6.234022707346831282e+01
2.344113207366611107e+01
3.696660683327183250e+01
5.754688990034961193e+01
4.927225243227237428e+00
3.088124037348539019e+01
2.549852935855039604e+01
2.835323680964590753e+00
2.249686807993848703e+01
2.386251239815408454e+01
3.511131301087778045e+00
5.751213544504241604e+00
2.534761968220554351e+01
1.127607864702286378e+01
5.893107547203860008e+01
1.008570735147412378e+01
2.960174684877874540e+01
1.740801593411524806e+01
5.873763814446478193e+01
9.778652673891617297e+00
1.725402833976500361e+01
1.154307005091441241e+01
4.123524534528515773e+01
6.714912934144135370e+00
1.505583009133382077e+01
1.864768526259220849e+01
1.530605819412560997e+01
2.453502305007936002e+01
1.772805017583306508e+01
1.854577547752390387e+01
1.756020416950399010e+01
3.132509505109433334e+01
1.923723461689409220e+01
3.115108666478787569e+01
5.435169963758921341e+01
9.421365684404621632e+00
6.510022341823133729e+01
3.610676972715056721e+00
1.689088761499039748e+01
2.126682041850326144e+01
2.055106138389458437e+01
6.508685080001133372e+01
1.228466708953418696e+01
1.646791318240545721e+01
6.944221448945054220e+00
2.489362912924593019e+01
5.231099203759296756e+01
1.989879924203563277e+01
1.606735106885768971e+01
1.988430253684771642e+01
1.005792006540147376e+01
1.891230032978543107e+01
2.961004919464303242e+01
8.947854830713502849e+01
2.997842053016842456e+01
2.132452179734979225e+01
1.087677763488938432e+01
5.807797279716405825e+01
5.537687195807919238e+01
1.750440914042305707e+01
6.690534460146095341e+01
1.022709755351931626e+01
9.019933849570692885e+00
8.353317812859051728e+00
6.131687867902122946e+00
8.347952426088551192e+01
7.268475284378943080e+00
2.144300699651074638e+01
1.282639484157421172e+01
1.186754827349009922e+01
3.617388623030047512e+01
2.694949401581520476e+01
1.261175735458726344e+01
9.036120590535887231e+01
3.295805288028783053e+01
3.332987764235995343e+01
2.035535448129762770e+01
1.055676206379535209e+01
1.431501379263658436e+01
3.311109670218785794e+01
2.091643203217124025e+01
2.269232786790067991e+01
6.808434192112827077e+00
2.322971022062658264e+01
3.471166851818157539e+01
1.092550787139968378e+02
9.821433615315598331e+00
2.141660290373228648e+01
1.200848909357533678e+01
8.448497580558109732e+00
6.035707384632309669e+01
9.914166611041732580e+00
4.886766494956155782e+00
9.645337346729842665e+00
1.372836434688614382e+01
3.584748780905883336e+01
1.471359828454170504e+01
3.945797794654887269e+01
3.101005668881531108e+01
6.302638038634078299e+01
5.851235165194386134e+00
1.762219254089784570e+01
2.357662295150782938e+01
4.348798852591043840e+01
2.112730703274866073e+01
4.205643357862832943e+01
1.785800761725996466e+01
4.467199319853213524e+01
8.658829464507611817e+00
3.320164126613609312e+01
5.900772456212914108e+01
8.890915238273642274e+00
6.979641988833806820e+00
1.544749660623145893e+01
3.883436989502900616e+00
3.125378914821207843e+01
1.498294496899204091e+02
1.976337982584169950e+01
9.929686184604419452e+01
1.260421652120043490e+01
1.295158168435072810e+01
2.124033975093016480e+01
4.540704836126997179e+01
1.378559122012461557e+01
4.087301569168100457e+01
3.865175768707813120e+01
3.782065364514458139e+01
3.908897544764672993e+00
6.405772468661719188e+01
5.439690744842881998e+01
4.016398782276735524e+00
7.497988885995731323e+01
1.736879618284614679e+01
3.008040114640701645e+01
1.395243016975428141e+01
1.335954273721805841e+01
1.480401205979594970e+01
5.683423141824876268e+01
3.857485675365023781e+01
4.866970821483906207e+01
3.009683576395000770e+01
1.219529356863405667e+01
1.234003605233170298e+01
1.562330976724374487e+01
9.429254587053691239e+01
3.104960162155800063e+01
8.527995980751667204e+00
2.710053797183985580e+01
3.733540947945669330e+01
1.805757436631066781e+01
4.474875140421675113e+00
1.032545551210092043e+02
2.276597175294925179e+01
1.564676355711819689e+01
1.473852930427668539e+01
3.440079663169964164e+01
8.039902045810778830e+00
8.897747824259520044e+00
3.398739747447974935e+01
2.308843909995181320e+01
1.936421996549770341e+01
5.755973250293915555e+01
7.467006913112224709e+01
4.211983310372117018e+01
4.179957092843265798e+01
1.486051178643664628e+01
2.526107073600246622e+01
1.793582074873097909e+01
2.147701711920254652e+01
5.777876136575394383e+01
8.467530040792849988e+00
1.062513072709403872e+01
1.373680395234937279e+01
3.576646833639484413e+01
8.327899496233555965e+00
6.496236723507197830e+00
7.083148017788591488e+00
4.266626531198264871e+01
1.450377542178915036e+01
3.725339859495654338e+01
3.286799671631649744e+01
1.556767618814255805e+01
2.422068613539879323e+01
3.270182715820811126e+01
7.343247353977048419e+00
1.965005466856485583e+01
3.767824717927424416e+01
8.238177141313073548e+00
1.977987217375246232e+01
1.147623083305505709e+01
1.639554590040751947e+01
1.033443436832565254e+01
3.195705406294039008e+01
9.600870078400255636e+00
2.243710130540021552e+01
1.147707325371135134e+01
5.463165487538240939e+01
2.046025106278813510e+01
1.499456188529470424e+01
7.818991306240003603e+00
3.868229054074231232e+00
4.349479477223774637e+01
1.095867030949041521e+01
1.565214815343284727e+01
1.137168692856221064e+01
3.920481191528468745e+00
2.222828006405785572e+01
5.391468796457417056e+01
1.532366642632849540e+01
5.540347001992147113e+01
1.916383324511559394e+01
1.532033287032701452e+01
5.170356723417910416e+00
1.460620511110807129e+01
4.227199554876290222e+01
6.494723846645921128e+01
4.890086142679327175e+00
1.432087880665541491e+02
1.038660719346902361e+01
1.798219936326045598e+01
2.583621207625995453e+00
1.181333660839288768e+01
3.712431734051978793e+01
1.185632430017902372e+01
2.010230618028029781e+01
1.009129944370086385e+01
1.065955261673330412e+01
1.119957010745106452e+01
2.189991276480640536e+01
1.267803643544585235e+01
3.096716442495161914e+01
3.412026928176397433e+01
4.463798322587056333e+01
4.229034021991957992e+00
2.395644484360428805e+01
1.154902796881345139e+01
6.674276707163974720e+01
1.770544243344701485e+01
1.587114522059212618e+01
2.673143083592693614e+01
2.857136371067868907e+01
6.529617543598906337e+00
1.244353345780652802e+02
2.230282711617216762e+01
2.683552494697209312e+01
4.601157100525725951e+01
1.315663735309149551e+01
1.641643701006298528e+01
1.479652572527849408e+01
8.826893584445882013e+00
1.512164498420659697e+01
2.658617251225708600e+01
1.356993591085014828e+01
2.117197194149805028e+01
9.669270038333879214e+00
9.945843579159241443e+00
2.597695595692535164e+01
7.284653187895491655e+00
3.433033288952403694e+01
9.166129085637557239e+00
3.199967304163559234e+01
2.881275293183747266e+01
3.712184944284683752e+01
1.391293129752990509e+01
3.126910884183015682e+01
1.392132121999743255e+01
1.407017586878703241e+01
3.395492692186950023e+01
2.226296430095602830e+01
2.181684762898543539e+01
8.152753273821652158e+00
2.574873871183869412e+01
8.132198189777566810e+00
1.963317431708028238e+01
2.625093521217013404e+01
1.329330311837443723e+01
5.474379457974008822e+00
5.297748289818915879e+01
3.715743466699743180e+01
2.438343193518256768e+01
2.702404758052479394e+01
7.703380978166876503e+01
6.785604126594359187e+00
1.094177542950937188e+01
2.387158553277072670e+01
1.902942385544234227e+01
1.259581366730370320e+02
2.515317001818789322e+01
9.191576496615593328e+01
1.548888747268014043e+01
2.691043555738427528e+01
1.765905201590705431e+01
1.778757780799283594e+01
1.247747928288202424e+01
4.178526049529221353e+01
7.733754755613704290e+00
2.008065142609554243e+01
1.068054561459754837e+01
3.913182496558287227e+01
4.354619552778323133e+00
3.394841729438111599e+01
2.498955015876016716e+01
3.324636218447281522e+01
1.031366441705010146e+02
7.161527638407614305e+00
1.298783746675067974e+01
1.656432105548061173e+01
5.082424675852747953e+01
1.684556587166174779e+01
3.542677621724919135e+01
1.386182123483929018e+01
1.135969705549734066e+01
1.007728963315575754e+01
1.007291735946932363e+02
7.379040127788489656e+01
1.190942870563592848e+01
1.997639918442451190e+01
5.499651731532432564e+01
1.531684566518049735e+02
2.527751414100189109e+01
1.487603898801773816e+01
1.298935089603407711e+01
8.197163854526795745e+00
1.046244234377702398e+01
8.822027984750404173e+00
1.382010399509509035e+01
1.912171148728475600e+01
