1.251853226285762588e+01
2.855283093306461950e+01
2.116332759702990174e+01
1.992358113658827179e+01
1.509167811471601084e+01
1.391952798865387919e+01
3.980757869156932571e+01
2.369172436648610258e+01
1.519852365328120314e+01
9.128124909991830904e+00
2.086695597374702160e+01
3.668337503580102066e+01
3.604187759207565023e+01
3.612890747003529412e+01
1.897487261035556827e+01
7.660885258262645436e+01
3.795445615381157012e+01
1.400325150876455638e+01
3.569731357729942545e+01
1.691893585338103279e+01
1.247122568281929311e+01
1.564126842079667412e+01
5.029462517763815299e+01
1.371376790029597714e+01
1.988492322316694327e+01
2.751225077547532294e+01
2.983273525755214450e+01
2.323033179786710178e+01
2.761550244396456222e+01
4.526078970121389489e+01
1.748886127231775589e+01
1.084179674464934706e+01
2.302174289468913670e+01
1.391332043793393680e+01
2.572804067153679597e+01
1.210857745991113710e+01
2.438085227849862591e+00
1.778641945924654522e+01
2.841104739025942294e+01
2.657167304516105588e+01
7.156523668137715788e+01
5.034011166794514480e+01
3.285411831607598998e+01
4.942484288539550619e+01
1.686427045453465468e+01
7.467937568880167021e+01
2.283144279733852855e+01
2.966217171706172806e+01
1.712175262709988743e+01
9.206816123516746941e+00
4.259302486930236142e+01
5.569479230387965885e+01
1.340098264413253304e+01
1.479746260376804656e+01
1.490479602470140108e+01
8.374695123720114154e+00
1.853245144986179938e+01
2.064969707625018458e+01
2.364212918704005162e+01
3.033431075195466775e+01
1.384206150984876516e+01
6.149223595656551566e+01
3.418804464099706308e+01
9.280847589579760637e+00
5.116533846394584373e+01
1.753736140883740191e+01
2.628381792196007183e+01
1.917958058536454757e+01
1.696344223102607529e+01
2.650124828693876822e+01
2.157811225066138405e+01
9.399954130247569140e+01
1.722613932244967216e+01
1.292750434183686004e+01
1.134676148888173941e+01
3.494631645843128354e+01
1.100086339205738994e+01
2.531325346673272847e+01
4.295324342890899061e+01
7.195556010240653499e+00
1.388520688575788853e+01
4.639314671112818189e+01
1.871595309002725571e+01
1.125177126881482081e+01
4.200191583568706477e+01
8.806660706615968337e+00
4.527360405923260345e+01
7.880905253030421775e+00
2.999764528234461380e+01
1.672241262202619438e+01
2.821121053055582806e+01
4.284032120689815315e+01
2.070829396824580471e+01
4.657485757493524403e+01
2.412042299313651483e+01
1.893944839400991498e+01
1.738850327879276847e+01
1.635858263839468307e+01
1.373616638651472144e+01
1.355574226131078142e+01
2.204449063410245913e+01
1.090063758437108810e+01
2.088002795008929979e+01
2.446679735515395748e+01
1.312758469447108745e+01
3.291455754491396846e+01
1.307222827682698707e+01
5.884992554045590296e+00
2.471952277272792742e+01
7.600672779949269398e+01
7.765591630174561999e+00
3.934261769092148597e+01
8.145017089334132265e+00
1.934087881057910963e+01
2.294683936639812316e+01
2.687742634345019610e+01
1.153794864654933505e+01
1.785523123459627470e+01
1.422834233019097816e+01
1.804363358206315127e+01
1.787957251189812524e+01
1.501181547787895454e+01
6.182542434670151721e+01
1.825501213398620237e+01
2.755461385155286536e+01
4.458151209446449315e+01
1.274064788366581702e+01
2.025306165126130864e+01
1.822066407717050396e+01
1.485750647572317718e+01
1.289560415249140490e+01
2.601963780493595380e+01
2.748739045992545371e+01
2.431693813274080895e+01
3.624185200653369776e+01
8.490599382661889294e+00
9.511691256858446408e+00
2.638948300732205610e+01
2.004047190798298672e+01
1.334890762347927406e+01
1.226126731051083496e+01
1.495013853865669873e+01
3.113915148209219907e+01
7.575630937009673715e+00
1.990556390757290117e+01
2.607287349358946926e+01
2.156465455296601164e+01
1.533469318594998043e+01
6.834117662417519945e+00
2.998270331721209558e+01
1.342580636193593158e+01
1.416818387089945475e+01
7.340790820441242204e+00
1.668517711544486559e+01
8.592270321723400883e+00
1.501463297097982874e+01
1.139535926620007089e+01
1.069489513007812675e+01
1.295918126274657745e+01
2.291090721046496270e+01
5.801315186996481543e+01
8.118338413538673137e+00
1.751634968077179622e+01
4.090897588512258665e+01
2.061581943617580848e+01
8.705502908538884199e+00
5.388574632993482716e+00
1.037269767679573107e+01
3.431520542154904518e+01
3.589445711673315742e+01
1.858091413153917060e+01
1.237088219477934459e+01
2.184413819840124660e+01
2.605444659681794661e+01
1.614016590046624344e+01
1.840966949597078539e+01
1.301067047270431587e+01
2.517129624032620328e+01
1.210594172448953998e+01
1.089995209706806989e+01
1.785651152712267731e+01
1.041984622523674986e+01
6.400062151135670341e+00
2.789795211803855146e+00
2.115570791686247887e+01
1.137241489887667889e+01
1.590434723290809060e+01
4.850089036337687176e+00
9.929470226321446091e+01
1.019652667153425263e+01
3.906653019382637382e+01
1.273982424279678938e+01
1.273514124434261419e+01
1.099369186546361377e+01
3.506179045203376177e+01
1.731613448272364053e+01
5.421846381241205393e+01
3.014000196534500020e+01
2.550061306596070665e+01
1.264929540477623782e+01
1.183173316350011639e+01
2.153719635705625990e+01
1.926049436465712006e+01
1.343276036240770921e+01
2.992592474600529684e+01
1.453004600445064121e+01
6.978490979354239698e+01
1.746557009747959555e+01
1.120104993946495853e+01
3.124872883666748180e+01
2.373341667917475917e+01
1.509951931358463817e+01
3.392300286675094156e+01
1.830120001678024622e+01
1.633022814713327620e+01
4.840301019386172499e+01
1.264880091807283513e+01
1.840178209615651994e+01
9.654680516084003017e+00
9.675870123732854822e+00
1.385902624782127646e+01
1.622355084277209514e+01
1.701427398077262865e+01
1.203490084721058295e+01
2.846256502960149604e+01
1.315938746264755110e+01
2.874286864667793395e+01
7.542252804113184439e+00
1.529375297079138285e+01
3.277724458712485500e+01
1.418867970160758141e+01
2.585186997894540539e+01
1.220307015251017191e+01
1.428466326921126317e+01
1.465759112249264184e+01
1.769167119844763647e+01
1.353911877309175082e+01
3.130859767411120131e+01
9.271217282245112656e+00
2.664015029915338673e+01
3.480603613200378987e+01
1.005977398204931283e+01
1.044822598618048737e+01
2.978473845187125590e+01
2.760475663248353584e+01
2.157255202503965208e+01
1.059742016362318537e+02
4.433654289347609989e+01
1.654770432288189497e+01
1.733280631447590636e+01
2.260054445909713294e+01
8.764767865473759301e+00
1.922441508450976144e+01
2.154330273376465144e+01
3.205087523187548726e+01
3.797806981712705010e+01
2.785149774307453541e+01
5.703174048245428907e+01
1.910874294100414872e+01
1.846797153180676787e+01
2.268865346475592304e+01
1.219325867689732945e+01
3.129973415568798600e+01
2.538103171807494718e+01
1.962470746070417249e+01
1.297663956067529156e+01
1.790679933811396651e+01
1.646949366525523928e+01
8.351238797918663082e+00
1.677897625045062213e+01
5.090390388417365131e+01
3.883624262698772611e+01
3.386235725953530817e+01
2.664903566995016604e+01
3.434819179750775220e+01
1.841013317264326687e+01
2.023842683241093354e+01
4.887200070698737164e+01
8.636516612083307010e+00
3.512726239819897067e+00
3.950735948290223121e+01
1.683528152297368408e+01
3.130088365325636701e+01
2.024242825693450598e+01
2.473388063216545163e+01
5.260673658124783714e+01
1.453255404795633865e+01
3.754196570221920126e+01
8.841758721454187508e+00
1.220154272677403995e+01
1.214114434415632182e+01
1.238042249929571348e+01
1.191591489129577930e+01
1.013397815433662785e+01
3.739074666549360870e+01
2.722510552417192642e+01
1.185770736471871345e+01
1.639279343401489086e+01
1.198780525909813477e+01
1.679395367867089206e+01
4.518721390151004158e+01
3.881824320038545295e+01
1.192006098010929271e+01
2.638049614934284648e+01
1.123961330106061851e+01
1.590651137812202442e+01
1.299016241791293957e+01
3.178073590533023207e+01
2.528812606823507991e+01
1.643556202012906198e+01
1.010763323394252744e+01
2.448942215022577784e+01
6.453570685741561341e+00
2.144602820321257397e+01
8.696938485185704337e+00
8.133133306102450888e+00
5.254807898248012776e+01
5.523335582458597770e+01
2.256075052945405801e+01
1.324575716321028551e+01
1.717682536079625066e+01
8.940794310222612395e+00
1.006998746361979080e+01
8.557036938481861199e+00
1.668117917967985520e+01
3.210691151852850567e+01
1.073134613599983922e+01
7.362489612010661766e+00
2.189938926870906499e+01
3.106845628044187180e+01
1.876913629383384574e+01
1.882148398734033279e+01
5.342415087986450573e+01
7.107866337066508500e+00
4.254229377268183754e+01
1.316652863150555319e+01
2.197181278985652142e+01
9.257372869895847955e+00
1.655748649956495555e+01
1.303208209019424757e+01
1.220324490342277102e+01
1.516913798850363904e+01
4.905698105368929696e+00
1.204878736916711901e+01
9.941131262881365060e+00
1.281189475389429511e+01
2.479527056899465265e+01
1.140188725314710894e+01
6.121575299154220318e+01
1.269132303735147183e+01
3.186554229681042116e+01
3.930498985422584468e+01
1.956744920258525866e+01
6.920514540087970623e+00
6.164372411425236464e+01
8.919121046126116781e+00
1.681668625384988047e+01
1.098355507544142107e+01
6.726255732354174199e+01
6.615545390683554849e+00
2.167096336572102899e+01
7.422852427273381792e+00
1.498498538155293502e+01
1.632226255378129665e+01
1.372655938991592173e+01
9.365139061003644017e+00
3.067449096229018934e+01
1.557434514451120755e+01
3.475938617432662525e+00
1.382075613080993826e+01
9.722550724789911669e+00
2.489629735437579328e+01
9.686242106029741450e+00
3.218624366964412786e+01
1.986496640932406166e+01
1.938001410244147138e+01
3.673504104032581097e+01
5.896282422777281340e+01
2.543228233753646705e+01
7.168175529362933673e+00
1.455738315748602041e+01
1.477983676704776705e+01
1.128474319791623159e+01
1.333019760110915009e+01
2.762372731862216924e+01
1.302749051481993803e+01
1.646923603477685916e+01
1.149580417244649411e+01
2.622566178723572605e+01
5.195833714249930324e+01
3.726197803124279062e+01
4.987638846628998124e+01
1.445739930261527917e+01
2.248801935596980428e+01
2.682661094237738553e+01
2.809067122418159457e+01
1.718735516580975542e+01
1.866222610360131995e+01
2.252200159841300930e+01
3.736460042288952366e+01
1.257840344431046553e+01
1.347643908727322426e+01
1.232450153525734038e+01
2.987414941577152305e+01
8.838007147102093342e+00
1.168483783972483181e+01
2.254488252273062088e+01
1.033319998021374708e+01
4.250420657834693117e+01
8.463697629211813123e+00
1.052733748902397792e+01
4.349189589541794732e+01
2.336981621756027749e+01
1.300691125388794411e+01
3.090247546004322388e+01
5.259839959785031027e+01
2.203805245316467776e+01
2.741699313695978546e+01
1.123757066198730392e+01
2.180661667244484647e+01
2.285236277940179761e+01
3.003854433814868230e+01
1.530527665777930935e+01
7.475110386705557275e+00
3.309501001721346114e+01
1.595798912078681298e+01
2.737634029877145281e+01
1.024791993024921588e+01
1.112141229656108976e+01
2.239788516133850749e+01
1.425541034249174999e+01
6.208012067842346937e+00
9.638677570897302260e+00
3.214813975741386542e+01
6.596607381460275121e+01
1.963101052615460418e+01
1.448652968781165207e+01
2.859338724968296219e+01
5.409843270338726029e+00
1.072367380218776667e+01
2.425102888674208756e+01
2.471825742458833020e+01
2.306504755869395851e+01
4.552374012643579704e+01
1.758918284894934203e+01
1.137422538899645374e+01
3.278468898977574497e+01
1.197021564306499819e+01
8.737252702247708669e+00
1.353161425617146740e+01
4.321393218616881171e+01
7.100387050428734526e+00
2.983608012835765066e+01
1.732179059559884493e+01
2.923933156668808930e+00
2.307150928705607029e+01
1.524813389557213128e+01
3.580233652073714268e+01
3.085037635214333562e+01
2.190613255241444435e+01
1.125377975329918101e+01
1.291380027885184845e+01
2.552824628749269209e+01
4.189963953769303373e+01
2.457832465492137430e+01
4.720267851653800761e+01
7.823784238293876037e+00
8.582274517751800502e+00
2.266133743329829642e+01
1.264679297170526695e+01
3.436427412091519074e+01
2.105376482094055390e+01
4.158591014115967255e+01
1.594501178374842176e+01
1.132018769333041597e+01
1.685003702605681397e+01
2.203599895092516903e+01
1.299191510130250649e+01
1.692399422525895503e+01
1.767442588372165346e+01
1.046188069749838867e+01
1.165920490881391771e+02
3.250820979366343266e+01
5.407149438425291521e+01
3.105661850933523027e+01
4.162086366537847937e+01
1.015219438295638099e+01
1.772104701914982527e+01
1.107414951634746103e+01
1.682125676289191318e+01
6.729933479489515591e+00
1.503150268179717663e+01
8.744865292431947879e+00
1.802024962532485119e+01
1.195581717082613515e+01
1.690491123119631567e+01
2.923166130188990408e+01
2.886413676358176161e+01
2.173316826573229577e+01
1.720811367260440505e+01
4.287312139799952604e+01
