1.003196142377396960e+01
1.576817827759030877e+01
1.540867778405340083e+01
3.333882738825526815e+01
4.755925234307323279e+01
1.406043445750922238e+01
2.254102614364821022e+01
8.999599221979417862e+00
2.031125690319357346e+01
1.315335957488059648e+01
3.629439615941347341e+01
2.000925803821361981e+01
1.320746517768819039e+01
5.056289925636336058e+00
1.135694902060757983e+01
7.524285621859334583e+00
3.328123997989408167e+01
1.189079776139556515e+02
3.158267402941256563e+01
6.724240218484483833e+00
2.596239565905434787e+01
1.742332539474806197e+01
3.143312703579836054e+01
4.959137529812593037e+00
3.127261555581116781e+01
2.664089922957125367e+01
5.176737469413293269e+00
3.129662663312903703e+01
2.479053565128941017e+01
9.471531694091098075e+00
1.976620745921940525e+01
1.025029287792713362e+01
9.647433765974936293e+00
2.186811238691919925e+02
1.526494321871200377e+01
3.317943339118448876e+01
2.110615529839162363e+01
1.174745410573815541e+01
2.907710161927108405e+00
2.100019179885507015e+01
3.002708290425226068e+01
1.659473622407930904e+01
1.663620053885961525e+01
2.064247856784002266e+01
1.172712814312304808e+01
2.617172631897090795e+01
2.549207315049158851e+01
1.058797482568497195e+01
1.086764832804607650e+01
5.167284440764996134e+01
1.382034976417556038e+01
1.870029486659369411e+01
2.607124778999158821e+01
1.532419905726615639e+01
2.216017011719737440e+01
4.803671324919925212e+01
6.852789953061456885e+00
1.317152904395286939e+01
1.061722401927898751e+01
2.262643512317242411e+01
8.987768386077663152e+00
1.304100436169322563e+01
3.011464438298935065e+01
3.185679624140580302e+01
2.252843418651473328e+01
1.461521555922997884e+01
1.408113989398263577e+01
1.266430882179651363e+01
2.777870933645594320e+01
8.058663660388511119e+00
4.213830361231184263e+00
4.872922996871152712e+00
3.359900270096561314e+01
1.178805158790131280e+01
1.450033274100928615e+01
1.084684316504724855e+01
2.342299716167067203e+01
1.710502379504088211e+01
2.636467903698257231e+01
1.174744200031685182e+01
7.628613591117082038e+00
1.536448527424647281e+01
2.596245254848633621e+01
7.032973642138950154e+00
1.659580758160783631e+01
1.854578198068297112e+01
8.500987295732981508e+00
4.279769038168371509e+01
2.087576693291318009e+01
1.245859421180168880e+01
1.057885362388280548e+01
1.353039660816593326e+01
2.049950453997678324e+01
1.457879180651058526e+01
2.950279530179693666e+01
7.983111188339320208e+00
3.438056549645484949e+01
5.487241365729751408e+00
1.315647804834758894e+01
2.361138488784414946e+01
1.581099098975451334e+01
1.098420385014555833e+01
8.329314268209184746e+00
2.553045034222010656e+01
4.997394117998741336e+00
7.342597383777863307e+00
1.050533168839652731e+01
2.294526514851505894e+01
2.886459069811650480e+01
1.040069135710730386e+01
2.767053654682085195e+01
1.493484921666257037e+01
1.731073437422407579e+01
4.371508429896795001e+00
6.697733693747485617e+00
4.935561479327824230e+01
8.715594251252499092e+00
1.929682839192347510e+00
1.662195644833089503e+01
1.854774235032406082e+01
2.044215696509569469e+01
1.865273242603279868e+01
7.647962741242470663e+00
8.165106012290124227e+00
1.528657268452283091e+01
4.444791547125960562e+01
7.157475104972983893e+00
1.130565362951590203e+01
1.434871878025166581e+01
6.047376003874579631e+00
5.006105350894707584e+01
7.322990716130311384e+00
2.677429198109966180e+01
1.404233434412310899e+01
9.005915240954104561e+00
1.009097213403738102e+01
4.150767937427057852e+00
2.654332917003871017e+01
2.964341092118702647e+01
2.236405746100017922e+01
1.185441321874247578e+01
1.388685813167710315e+01
8.111000143727133960e+00
4.981194736094202824e+01
2.208735187195447125e+01
1.879185530202304832e+01
1.664962140464919926e+01
3.813312865272911267e+01
6.121207239664675726e+00
2.663945219319047197e+01
8.712074391362534698e+00
3.989310689653603248e+00
4.051557960861600094e+01
1.076535359119956858e+01
1.449608230599402070e+01
1.262216336610842582e+01
5.524140507219570395e+00
2.444228050807196340e+01
1.600111319328501125e+01
7.846770301659704572e+00
1.099633202148116951e+01
1.078016238641473556e+01
1.205663570602452239e+01
1.005484972710003966e+01
1.276996594227911608e+01
3.490475448239367751e+01
6.715463832509034781e+00
2.336992797561441648e+01
5.146857678305936190e+01
2.889819684854526116e+01
1.057655480717959051e+01
5.989530244596052988e+00
1.403592282443313977e+01
8.622412886595056136e+01
9.081515768300471692e+00
1.552722907602244007e+01
6.757783216605565357e+00
3.312618759075770214e+01
1.873894144661424832e+01
7.426132265061866633e+00
4.396531858338040877e+01
7.178096694018609725e+00
2.936992638362401209e+01
1.027301528338677272e+01
3.147771983512473781e+01
4.306538385716098105e+01
1.841621250138120303e+01
4.756444698132960269e+01
4.201768826791104416e+00
3.210438966588263554e+01
1.486740287935807103e+01
9.529750945599106515e+00
4.610428583758664267e+00
2.386744727975726121e+01
7.447977852092557249e+00
9.615910933345086065e+00
3.603185809145558238e+01
6.106568999163511258e+00
1.314811772055412753e+01
1.739629001049774359e+01
3.117222481974037152e+01
3.768162953115225378e+01
5.525484881160653394e+00
1.678943564931717702e+01
1.553686222065929812e+01
2.730918673803826380e+01
2.037281941370025962e+01
7.247058566982203409e+00
5.977926645480569512e+00
3.191675875286222208e+01
1.290297195786338591e+01
1.771891803573887714e+01
2.928615955599771326e+01
2.783195841868259635e+01
6.070735792896271299e+00
3.485564541933268146e+01
3.141689052385470760e+01
1.291633878756598541e+01
9.719102380031712229e+00
7.141693781648223549e+00
6.071455899398554834e+01
4.737548311903169207e+01
3.910820703262993447e+01
1.450031390440005197e+01
1.358413827073003866e+01
7.709859180131075185e+00
1.854636974107311786e+01
1.892515875622207489e+01
1.118339536499910025e+01
1.607677611652622218e+01
1.237256196880557724e+01
4.800620957508718334e+01
2.286871226718222871e+01
1.289365298977620000e+01
9.735307843007579010e+00
2.540331391662872562e+01
3.562187684653535058e+01
1.070515704995959005e+01
8.664857015782114047e+01
1.926098729510131236e+01
9.257307261434570833e+00
1.317346007228481142e+01
1.803924804631631673e+01
5.913312124446078677e+00
1.351131018733960154e+01
1.138072283525400508e+01
4.358094741360866387e+00
1.221837920027619262e+01
6.172353963928085818e+01
5.349906436224903139e+00
1.005171576554266721e+01
3.946354483021029580e+01
5.596673046214597491e+01
4.557076763347789239e+01
1.661021746489211992e+01
2.641541308905972230e+01
1.638739685121401735e+01
2.276414330866692382e+01
1.212308781408536795e+01
5.849888293157250985e+01
1.501108234128026275e+01
3.449026865443372714e+01
1.741543154662415915e+01
4.951938181856714039e+01
6.820386911008177400e+00
6.661932464577756008e+00
1.248317006757545755e+01
2.286585130058767135e+01
1.132099087028665885e+01
1.597927766752513890e+01
2.185403543607846899e+01
1.562698782854981516e+01
9.142145897416876110e+00
9.771989900432428655e+00
5.823226970162129845e+01
1.352368293367164753e+01
1.545184395349748208e+01
6.753621975759584117e+00
1.302683075406782898e+01
1.734012105507812862e+01
6.434390926004243560e+00
1.595325976948336866e+01
2.388135060872561866e+01
2.129991803471915190e+01
2.021734005947526214e+01
8.262707310695283525e+00
3.722752682433793581e+01
1.535419002371478037e+01
4.569917485286006809e+01
1.518086743472189326e+01
1.366082136324090790e+01
1.278458629274307690e+01
7.335446400217973562e+00
2.497157663304453834e+01
1.567289181132321474e+01
1.469265055684167187e+01
2.974021567478496664e+01
5.322208575993109037e+00
2.262036000274792347e+00
5.053922957989040121e+00
1.563925863648531589e+01
9.149868960707957299e+00
8.585291226527171915e+00
1.811054553229003972e+01
2.257903201336525001e+01
5.613475045649721551e+00
2.138245072385198497e+01
7.686547802129236828e+00
1.305641358876907532e+01
6.955192178022094218e+00
6.113904397965881365e+00
1.120910654223753333e+01
1.269017705791833350e+01
2.024346555617795218e+01
8.291240839875358759e+00
3.463949760871820871e+01
1.154067853545081945e+01
1.611873882687809711e+01
1.392758063646174627e+01
1.591113026801228436e+01
1.215336815415700222e+01
2.027924899657843838e+01
2.017265402584540013e+01
4.452150030626609301e+00
3.832055638550680499e+01
7.135312429999504502e+01
1.827862244783286272e+01
1.347516326689864918e+01
4.851367367746870940e+00
1.325138239141118035e+01
1.046846272191528371e+01
8.030902497824127906e+00
2.764557699675903280e+01
3.335115285708806709e+01
4.130871274075089872e+01
1.489777108043398890e+01
1.524251976162380551e+01
2.265562453749095440e+01
9.102147724307467769e+00
1.842810162533024609e+01
3.026028886491307190e+01
8.070086220576039082e+00
2.048094562641609429e+01
1.161417750304634922e+01
1.135571744091705071e+01
6.633024110648129579e+00
1.392344208558625951e+01
1.656294794216141497e+01
2.488370902671533003e+01
1.475346219086678268e+01
8.186393071118494902e+00
1.965942300612984539e+01
1.176457278383866090e+01
1.428533798160153978e+01
1.881361256730604126e+01
1.489396829293712621e+01
4.412126775598501638e+01
2.843142778113376679e+01
1.125582282126057976e+01
3.747552031015751339e+01
5.569446192575444599e+00
1.135585520301776619e+01
2.779699119198416923e+01
4.180580039116959412e+00
1.398925137283286624e+01
4.107668572346887004e+01
1.868157039319594759e+01
1.194662518326076572e+01
3.951540643122567076e+01
1.423860722819493851e+01
2.778279108899657857e+01
4.339534240413663468e+01
7.258623058516431747e+00
2.710403871609788240e+01
4.764957666592135155e+01
9.990123227751190882e+00
2.039344855367101417e+01
2.023973167151929076e+01
1.549281798135840660e+01
3.322502836045409680e+01
1.882975302356834391e+01
1.192562146625408204e+01
2.302214528224548928e+01
2.981934166594164104e+00
9.078320809338777053e+00
1.813517581994544159e+01
3.728226329186211885e+00
2.245373087850940053e+01
8.028692126988136835e+00
1.159656923811752627e+01
2.850103396512350074e+01
8.436670343093169322e+00
1.059281262807449409e+01
3.561592781935905094e+01
1.739672204851325077e+01
7.764763021537156362e+00
3.075208490255432636e+01
3.873079290308444911e+01
9.722624870184624513e+00
7.785861791590529712e+00
1.486932843591418596e+01
5.351025461071041178e+01
3.081437589550217027e+01
7.495893267776810198e+00
1.363144082248245326e+01
2.108432811060333734e+01
3.215406349640817041e+01
7.918545185271418596e+00
9.422068112556843289e+00
1.906119117564984577e+01
1.766000815418215097e+01
1.032188977293801813e+01
1.769160070213414571e+01
1.139725884940067324e+01
6.408280021067103149e+00
1.327005785152813111e+01
4.157017016827836642e+00
4.627944774835849984e+00
2.128388911236274694e+01
2.054157937993391769e+01
3.182347071939723193e+01
2.322387742671054056e+01
1.729181153423064643e+01
2.042141717790149613e+01
1.186637607507050873e+01
1.445111011337839280e+01
2.298732787559630708e+01
1.777182559918142246e+01
7.213300759828739750e+00
1.859375716075840401e+01
6.594781031088396617e+01
1.451788418779959144e+01
6.645448463281008245e+00
9.175158734299135688e+01
2.250733672477834801e+01
1.552174048781394333e+01
2.258845810224392636e+01
1.793456415550139837e+01
5.334919411185211402e+01
1.284278940606659880e+01
1.445063177132913701e+01
1.659618958953822698e+01
2.090959685059254625e+01
1.062447899200560464e+01
3.685363530511336450e+01
1.698676672388294762e+01
1.828100955301307451e+01
6.742967370566954166e+00
1.074059136906080525e+01
2.876102431751236921e+01
1.160605537179894142e+01
6.427698618951002629e+01
6.936098076821792802e+00
3.065557773743349657e+01
1.299968467429183683e+01
1.858552340531044678e+01
2.988073325144471326e+01
2.645099637052117814e+01
1.286595586180575701e+01
5.214162121154295448e+01
1.482328059213011606e+01
1.276596337582781082e+01
2.837546767161477845e+01
1.201013004527053774e+01
3.297584089410402441e+01
7.614849682845168388e+00
1.588330663377576712e+01
1.945397205038392130e+01
3.669431664402562632e+01
1.916477136150439620e+01
2.228623157904517882e+01
1.789014544331753243e+01
2.609880360231776919e+01
2.566332642014328869e+01
1.452439027440049557e+01
1.003463316532157279e+01
3.770118582178086797e+01
2.382045954971258084e+01
9.632941131008376345e+00
1.467785086594521005e+01
3.517175947258726154e+01
1.412281364595384048e+01
5.069749338064238664e+00
1.805902769207962777e+01
4.240621329257457006e+01
1.842846556367533850e+01
3.136621863224921469e+01
1.183580542110573930e+01
1.682095078598868909e+01
1.836708908003677365e+01
2.287557879544489836e+01
1.066726119558678576e+01
1.291377437065090028e+01
1.182337634281904926e+01
3.106033298442348212e+01
2.835957295054709704e+01
1.714891176339139989e+01
1.894438316326345628e+01
3.812918232960571174e+01
2.975792940972430145e+01
1.685082111206864752e+01
