1.313543656204367416e+01
7.325836027333767042e+00
1.791160292117444897e+01
2.871792897823671709e+01
2.730080055945780515e+01
1.931570208492243523e+01
3.581970335302357711e+01
2.410746561629980533e+01
5.568666837975946748e+00
7.398476769684991794e+00
1.563763785272687734e+01
2.578226405279977484e+01
8.709568273586947740e+00
8.938815521325274460e+00
4.103207333692703074e+00
1.841018864273819489e+01
1.877422380109976174e+01
1.784869530538389881e+01
5.960752827298198220e+00
2.237313718349256320e+01
1.026837601227595620e+01
8.216080503507335209e+00
4.093745379877130119e+01
2.250021336189168508e+01
8.609990908587862535e+00
1.219037469227758130e+01
2.521834332407179602e+01
2.458394106072816498e+01
2.799663134334936743e+01
2.310882169581639189e+01
2.425106409098668081e+01
1.189426220216459917e+01
2.657272854268168061e+01
2.339012746127459863e+01
1.113340002259370998e+01
1.207335010437710210e+01
1.803349894932474484e+01
1.374091859772719992e+01
4.256267384607031801e+01
1.762307062123808876e+01
3.635352008675350532e+01
6.067960169047546870e+00
3.713093456951915527e+01
2.101578066943224599e+01
4.637465841399676947e+01
3.720819193847052020e+01
2.083691887629874984e+01
2.306733953090176925e+01
2.857052655395404273e+01
8.380229687052663579e+00
2.803681072764908322e+01
1.163364510341479274e+01
5.432657627276416434e+00
1.710010128100829263e+01
4.463006864536325224e+01
3.011164137677072716e+01
1.733309795259187780e+01
1.806076016163625653e+01
2.013238412849650416e+01
7.140949293127696329e+00
4.146827968637954598e+01
1.094324744714777431e+01
1.513323303621581495e+01
3.873122224524752255e+01
9.207243634581340430e+00
1.378163533125596274e+01
1.334951863775679115e+01
6.385875920017352314e+01
2.290382494677184866e+01
5.052286642545261941e+01
4.169815874759464691e+01
8.833006641136673665e+00
2.109968538720518794e+01
1.526028085954976063e+02
1.919384189920544515e+01
1.572178213669123004e+01
2.089835694767612395e+01
1.908203349392605830e+01
2.812231971116449358e+01
3.118557364846656554e+01
1.625322544246367684e+01
7.095340542132220207e+01
3.376901814977791361e+01
3.688253759707459523e+01
1.466479533928364276e+01
5.615665585384278735e+00
7.229583269834870762e+00
1.103768270322749601e+01
6.152462388278334515e+01
1.353549398294332029e+01
2.015214645783092351e+01
4.257932102209102254e+01
1.592707075672499073e+01
1.946811455603912577e+01
2.849235502853289148e+01
4.632848214990655578e+01
1.068156181364301460e+01
2.554712725255473060e+01
1.894386426015374880e+01
8.517918970080373242e+00
2.285075775549864474e+01
3.492852736966492788e+00
3.913753351769937439e+01
4.493642737330678649e+00
1.876399931362308493e+01
2.617948461157932982e+01
7.926342086208053672e+01
1.355839408384245104e+01
7.154235122195006902e+00
4.778964713187587421e+01
1.755967314556708558e+01
2.592495115676475237e+01
3.171485127799532933e+01
3.985002083325085920e+01
1.699521210228045476e+01
3.017388898992989255e+01
1.846905829307005220e+01
5.427577815328493926e+00
1.274079480278532372e+01
1.739444009454717488e+01
2.312239248679334835e+01
7.783961122005001343e+00
1.034658803404419380e+01
7.963076818495268938e+00
4.011411602079791550e+01
1.805865990042316938e+01
1.584768027782248367e+01
2.322413428322964180e+01
2.328974158306940367e+01
1.521819613065374277e+01
5.281156386469048414e+01
1.082836680159750387e+01
3.961123689522088398e+01
1.402254737761806780e+01
2.976631889406617404e+01
4.247760569414803911e+01
1.603495815505087307e+01
8.471587582355002866e+00
2.450867388579597872e+01
1.252416821314991324e+01
1.817632114131896870e+01
2.489873443745124248e+01
1.081783014213384320e+01
1.078986050948673920e+02
3.285747856389420463e+01
7.474242385837568392e+00
4.394638541120988151e+01
1.519156601149272667e+01
1.434971525864691166e+01
2.925263089167792785e+01
2.236313150642443048e+01
8.114440252548916988e+00
1.803132584870864008e+01
1.992407091285733145e+01
2.530282678195855439e+01
1.387849305442186143e+01
2.535972692385831451e+01
1.843746653031639582e+01
1.966096392636874768e+01
2.373724447785390979e+01
2.007375818781170551e+01
1.000605277893638778e+01
5.171347931796996811e+00
2.593618903944214438e+01
1.617160666882312370e+01
9.619930044672051395e+01
8.467133575076427832e+00
3.925995675033167487e+01
3.424492114759190287e+01
2.002390965619617091e+01
6.569543497533993559e+01
1.252611791794228679e+01
6.842192393975300213e+00
1.002693055714260417e+01
1.048944172083273507e+01
3.608554236005476668e+01
2.024622303411617352e+01
2.446547977860060286e+01
8.992718063052238975e+00
1.558886879926049929e+01
1.784585705556992963e+01
7.958007843922878521e+01
1.274376728763468591e+01
3.010621626371153425e+01
1.178154788189594449e+01
2.143526090755273117e+01
1.167560056720803807e+01
1.608672853800920066e+01
5.346330580794592890e+01
1.180311553329187824e+01
1.439201685274342957e+01
1.055691674335340124e+01
4.468937650139779727e+00
6.580795673868399831e+01
2.155362921783803287e+01
1.595776325666341933e+01
1.178975114637985655e+01
1.420125322506640408e+01
1.776064552385173201e+01
1.179973888234809110e+01
1.424940975818061695e+01
2.022020110883274668e+01
7.548223596813150138e+00
1.258240065398966756e+01
1.153765111607469329e+01
2.677633875216424642e+01
1.252874881162903797e+01
1.108775056733644959e+01
1.537394547011276202e+01
2.522457757207175533e+01
8.663409309729166452e+00
1.568017832243639020e+01
1.251481811754866236e+01
3.484521408639148632e+01
8.956573690104994157e+00
1.228708635389843096e+01
2.364684981036888800e+01
3.596796867371470086e+01
1.737209548024716455e+01
2.774095465622042411e+01
1.842772924849632687e+01
3.542850370896510981e+01
2.635722686800765402e+01
1.087352327507292671e+01
1.322470422570094861e+01
1.777691362027758260e+01
2.659061373328471944e+01
1.176140118972464599e+01
1.479969100845808327e+01
1.462334937104507482e+01
2.982394660480782989e+01
1.256480672087806383e+01
2.660392922812606642e+01
9.033230754754830727e+00
2.038001059127659076e+01
4.689934855699421945e+01
2.012160363582165701e+01
1.743376355195306004e+01
1.014766411614099972e+01
1.524919617173737052e+01
1.755262216977874346e+01
1.627256092252644848e+01
1.055456099649982349e+01
1.981146419711399531e+01
2.061426120058968436e+01
2.321289035562124425e+01
4.698933081877666496e+01
2.014417124373091994e+01
2.216511638992286493e+01
2.682525911956738085e+01
2.866270124245182060e+01
2.100445621197201973e+01
2.723541931642709812e+01
1.359883228074867212e+01
1.253671903135112409e+01
3.793158047114223308e+01
3.367554984174677202e+01
2.119258083366129242e+01
4.805610587692780911e+01
1.301167763797871224e+01
5.962889698685094331e+00
1.918729114739298680e+01
2.260084942566517796e+01
1.190129863108511188e+01
9.085628587890070662e+00
2.147016850925511378e+01
8.893591669475952699e+00
1.413596693280292627e+01
1.547575616066536242e+01
1.062654272133146272e+01
2.084245445447438172e+01
8.482570726434511599e+00
1.369894227553407973e+01
2.645816532458061232e+01
4.251301255782356492e+01
1.636987324090966922e+01
1.542974748709154120e+01
4.453927826004895962e+01
2.517705374368628668e+01
2.400862110232646529e+01
2.848300667034036948e+01
6.081771445663455467e+01
3.118721086074263482e+01
5.739833029139867193e+01
1.263488240394862849e+01
8.956054806905346766e+01
2.747787482865279785e+01
1.202700454939940045e+01
4.340882032382237554e+01
5.106303537526648739e+01
1.044383972898574697e+01
1.030649218487026673e+02
2.143669322940568023e+01
3.577095430326901493e+01
1.655808618712927327e+01
6.134262514460477433e+01
3.417738850600159850e+01
1.103989718547510357e+01
2.018819963181591604e+01
1.584020352775738516e+01
2.045323016592887555e+01
7.903521069807030841e+00
2.436239467766094791e+01
8.662572522192903079e+00
1.329792425802721390e+01
2.803309048248973667e+01
1.207114232037061896e+01
8.613844454664281614e+01
9.026635522476993856e+01
3.070204593486239375e+01
9.605196392734331567e+00
4.439618431770270490e+00
1.791566160619046144e+01
1.431152081127672027e+01
5.758519409805222011e+01
1.645242280594110085e+01
2.306173314581074862e+01
2.813567397418199789e+01
6.335980361813196460e+00
3.991536546201980684e+01
1.031859435451599616e+01
2.572148242372017179e+01
2.575661564254071223e+01
1.571310895378989336e+01
3.836975882226862211e+01
2.105494873978998882e+01
2.137364302838170360e+01
1.249407773606535272e+02
1.362546183877198835e+01
4.757086791201125209e+01
3.704581835136700363e+01
2.591116414489772168e+01
2.046536716472416018e+01
1.191087137052025113e+01
7.771173688668768342e+00
1.594047097765689713e+01
9.816075768273865521e+00
8.026238859429914996e+00
8.664498963625019812e+00
1.230701707874286477e+01
1.249278689221276650e+01
2.850660685120955407e+01
1.854255406729075872e+01
2.621143374362556600e+01
2.054493644647099160e+01
1.504536730943185496e+01
1.802523172898900938e+01
3.598415888470223223e+01
2.564017409721670049e+01
4.066946574314498264e+01
2.902763996105123567e+01
5.884609422870805417e+01
3.666897335825632354e+01
3.822312574425622955e+01
1.892818571159461527e+01
3.454246936029982606e+01
1.606599828974229283e+01
1.662763834793290130e+01
1.085749032652258883e+01
8.699226057398097112e+01
1.813157415947135576e+01
4.677619088805173675e+01
6.461411151520614737e+01
1.757652022461426711e+01
2.703697265876578371e+01
9.777391794635303057e+00
3.238217481143310295e+01
4.370364681794607264e+01
1.633691669924008849e+01
1.192725630191417352e+01
1.173174275250061527e+01
1.104694148831172029e+01
6.553909657784859633e+01
8.457532765164442523e+00
2.647988756702105206e+01
1.538558872953306711e+01
1.863878477620170671e+01
6.637744414731254317e+00
2.222462431666214755e+01
3.674548125524964348e+01
1.624565507787467311e+01
2.902906731958347919e+01
2.527425714462115280e+01
4.115009799797213930e+01
2.235229968320923888e+01
7.682962903701098689e+00
3.054700571654012098e+00
1.465238358826737297e+01
2.117814690484098961e+01
1.162471518123393466e+01
7.224691657722328131e+00
1.262876839431106291e+01
5.562798456084433241e+01
2.391337237817847594e+01
1.366357068326360746e+01
1.412535041239643263e+01
8.424489559208107892e+01
2.018822044899562229e+01
1.964951502384628057e+01
9.997536085714754606e+00
1.239504583603442889e+01
6.542663842164125221e+00
2.211733527217003825e+01
2.349192728872570868e+01
3.813179519049695987e+00
5.764737797824855647e+01
2.078755553045765581e+01
3.437359640034060249e+01
1.155471115128021253e+01
9.725777307907327085e+00
7.548467216188861073e+00
3.924793565473518697e+01
4.360879650688859499e+01
6.422569800751310787e+00
9.378010916751449599e+00
2.103696219177831495e+01
1.862325361862536255e+01
1.121140636674225455e+01
1.475260814310902191e+01
9.737605235224316758e+00
4.574578955485576870e+01
6.324341215759993418e+01
5.068237632065473974e+01
4.069348717536365712e+01
3.502313312451983052e+01
2.609592408852868317e+01
2.709151290158146708e+01
1.301467391252034567e+01
1.124937737577489827e+01
3.869586504349013190e+00
1.507804824943509203e+01
1.761179238946656511e+01
9.372092256100712504e+00
2.914905857166231939e+01
1.520253222868483789e+01
5.667111002598176128e+00
1.039330147734514398e+01
9.419050777715158418e+00
4.819899186085149445e+00
1.015339948843770301e+01
4.456846115230096217e+00
1.909207902564005011e+01
2.622806559909839663e+01
4.510824689984867319e+01
2.805829104604521618e+01
1.154962883969918330e+01
3.137981422469820814e+01
3.575832311113309903e+00
1.318343420441504854e+01
8.510436738668463619e+00
5.676985471396031357e+01
1.097180103241371185e+01
3.152389805703749914e+01
3.108237954224409805e+01
7.095488667649462400e+01
8.267241832299450977e+00
1.711110826573239407e+01
4.039538880751395311e+01
2.512573860960755923e+01
2.656971836051047831e+01
9.691908891585944374e+00
3.834752998557556936e+01
2.177154628765973854e+01
4.956849337070124051e+01
2.329386966517664348e+01
2.750542946961368784e+01
1.972699820524934466e+01
7.746610886124840079e+01
4.315647428768320992e+01
4.973806896631356267e+01
1.774149715154968021e+01
3.568632782514182367e+01
2.018098786568943481e+01
1.083111022176079885e+01
6.979801129821887606e+00
7.873927969663967019e+00
1.747826891403531491e+01
3.848621967826048262e+01
1.850254282613819612e+01
5.789810598706305456e+01
9.097233809339790866e+00
6.286455437527535395e+01
1.549982718917362767e+01
1.116172837182559441e+01
7.854143533454890580e+00
6.376423600884931986e+00
4.221528323956553663e+01
3.062512048325283942e+01
2.369147725548782191e+01
3.477641149322197833e+01
3.981988048315859885e+01
1.049919337474299574e+01
1.083247663600875121e+01
1.229458703463159708e+01
2.362332763764916521e+01
1.905376436400134921e+01
3.156276999698962982e+01
1.115501046049504197e+01
1.158128831079169707e+01
3.448787328264281626e+01
6.063984011256472684e+01
