1.748540521032454365e+01
2.150311997289168175e+01
6.771026384990102898e+00
1.314337747416522362e+01
6.042276139084047770e+01
5.867432791180194229e+00
1.924603032795928925e+01
2.264491449942665113e+01
8.588000226615015720e+00
9.269915963493101430e+00
1.195953638284602860e+01
9.437889464427730246e+00
1.436600154457270051e+01
1.830006722879753411e+01
8.085414143152467759e+00
1.561045597842474209e+01
3.869909020249619402e+01
1.827797958159290559e+01
9.168937593016178056e+00
1.498682690352123892e+01
7.911669408145312943e+00
1.602687853022157327e+01
1.372995145268428985e+01
4.274874129826157088e+01
1.634368619613784901e+01
2.462237053691535493e+01
1.573288996051193323e+01
5.589132338152576374e+00
2.031370606539732293e+01
1.226646518950492215e+01
1.568853126217454097e+01
6.017376255604785840e+00
1.972814626658494319e+01
1.957672892121094321e+01
1.250475035143947444e+01
3.925875705445466934e+01
1.599604859043951954e+01
4.175650787767430039e+00
4.681896876235396121e+01
2.007953472919765403e+01
3.017135885205750512e+01
2.041884221357921447e+01
3.476048411112776648e+01
6.615789841340622957e+01
4.175161797002692410e+00
3.607620093805266492e+00
3.346914163053293834e+01
1.157619880318797669e+02
1.039637418460977614e+01
1.992799143627431135e+01
9.185374397615078124e+00
4.406187927883929767e+00
5.307267884017715431e+00
1.771843807916765101e+01
9.103352400978735659e+00
3.116499932496146386e+01
2.311059749482868853e+01
1.263213282319242481e+01
6.438091167929702863e+01
1.618452335586118096e+01
4.100516090694397064e+01
2.271184078893699265e+01
2.654743777442077146e+01
1.694605511939133891e+01
8.228540804303756317e+01
3.740245540670418478e+01
5.299485319870681721e+00
6.234567305236140555e+00
2.244748789452361137e+01
8.602143670415093979e+00
7.412715401263228365e+00
5.035768957086502517e+00
2.246900787434480762e+01
1.420872949071893876e+00
5.882668513738628313e+00
1.075762012982340821e+01
2.816641511359686234e+01
1.753946119702328019e+02
9.622087193315532971e+00
1.058469537360742407e+01
5.700745471689046440e+00
4.650703691214362578e+01
2.709054259849833812e+01
2.762450037324754959e+01
3.060515012624700049e+01
1.693424511645625330e+01
2.277720239852927975e+01
3.168492348541194303e+01
3.933249075991447352e+00
2.087311731607196563e+01
5.627547507790765735e+01
2.799750617728882318e+01
6.291788877673704405e+01
1.019258524604483895e+01
1.012706580969360992e+01
5.412617751723863080e+01
3.597190876117743130e+01
1.378818980997067811e+01
6.306130344347112171e+00
7.936561162988446938e+01
5.918797999800503362e+00
8.878994693073980926e+00
1.922810247048962751e+01
1.849629713894279348e+01
1.430498241086105260e+01
6.814665021264409539e+00
1.836300865919480430e+01
4.034797291304762012e+01
7.150528250909415462e+00
1.417272508531300090e+01
1.319006616509581242e+01
3.394081613438500256e+01
3.282952648080231484e+01
5.109449645173861398e+01
3.858943504110985412e+00
6.264458104938125160e+00
1.583312743589667804e+01
9.891515174007977862e+00
1.646503332568633837e+01
1.509583485325526198e+01
4.649375852884001858e+01
3.332248726295807728e+01
7.689810729589830807e+00
2.609290615431891069e+01
1.349178795573621947e+01
3.051781447366517597e+01
4.985274213997228365e+00
2.378486362447841174e+01
5.899503840604607419e+00
1.186690954708046419e+01
5.773254892297855179e+01
3.096780546311962823e+01
1.473871869296070258e+01
9.929008518341856160e+00
2.689550413124105077e+01
5.327906065628263121e+01
2.164014652051241328e+01
1.131515957268145200e+01
4.578101196830024122e+01
8.460454582329093753e+00
3.480930050251051000e+01
2.082311728385209548e+01
1.236646890777830698e+01
1.899195484700555880e+01
1.873333660735722717e+01
6.574362812973523873e+00
9.879116975654840260e+00
1.106513362712955306e+01
1.150649800772454512e+01
2.900740084221962789e+01
8.097775772686951257e+00
1.323045405156226018e+01
4.199609319887637326e+01
1.611574454783785981e+01
3.683333419895151284e+00
1.835475261640169720e+01
2.702387281500670824e+01
4.314044198298698518e+01
1.266076860460491105e+01
8.675631494690847489e+01
8.492544547831592183e+00
8.871368236868743651e+00
9.391732418143693195e+00
6.207149397964579762e+00
3.403499794078110341e+01
1.850377387171751664e+01
1.621901764784117717e+01
9.214115633530440164e+00
5.169945352607051348e+01
1.373122352282736358e+01
8.308886759905513841e+00
7.755449637704877830e+00
2.126793292519496958e+01
1.255218578992528400e+01
3.652178048660311482e+00
4.907435807683769191e+00
1.832220460433715914e+01
1.858909897060030758e+01
4.063188660389436535e+01
1.228773793877444831e+01
2.394672238803464737e+01
1.976970815946614124e+01
8.059619057518650820e+00
6.816430475771234399e+01
5.030449263385241210e+01
5.374659431352165484e+01
1.715160476303731940e+01
1.553776265346440688e+01
7.242705348537732846e+00
1.834133241919549207e+01
3.342375699214441198e+01
3.335135153625609661e+01
2.582172019799387641e+01
2.273619695208840596e+01
1.150232667895902949e+01
1.941285318979320706e+01
1.674261860235585075e+01
4.812911110395120318e+01
1.828343710873085826e+01
3.429643608837334057e+01
1.365050931628434761e+01
1.424029668394112669e+01
8.493738547556191065e+00
6.646218295063700765e+00
1.491510044180851935e+01
1.680173137463973987e+01
1.178159292354869336e+01
1.803744131675300721e+01
8.219499708521535553e+00
5.946752383232912997e+00
1.033556450679592231e+01
1.353190956190530869e+01
2.183164400697249619e+01
1.906215201655592750e+01
2.161985584195214827e+01
8.696866965869693544e+00
3.457299821770445813e+00
7.618674732300627639e+00
9.172155449343510014e+00
4.516238519485304437e+01
1.250104840875430234e+01
1.680062912875146353e+01
5.934023608647724757e+01
8.041648049016632882e+00
1.376125481888784030e+01
2.418265237502542675e+01
9.581845870230838003e+00
8.372744775066928824e+00
2.373774056003496113e+01
1.045807818996174454e+01
1.386449574989992861e+01
1.700030367266674602e+01
1.521350635382012051e+01
9.912524290777298575e+00
1.010400004651049102e+02
3.379824386060442265e+01
5.609874294446534293e+00
3.819357315516963780e+01
7.423509207268946142e+00
3.510224032284150297e+01
2.200574595113136667e+01
1.027805382566316794e+01
1.586146301045207885e+01
2.674788330428706118e+01
9.603142190507307774e+00
2.423793781444425477e+01
1.594043445942999071e+01
4.434850950575452089e+01
6.133122652991490398e+00
1.610447099478063393e+01
1.534044769870214076e+01
1.841114830949467418e+01
2.320640227774972075e+01
1.856498577304123998e+01
4.483271497060233202e+01
1.141140136914457948e+01
1.120977683833624106e+01
8.572815520891985841e+00
3.558440117120170498e+01
2.106101706064365686e+01
9.829421885996111996e+00
3.880014500119629872e+01
1.028972351818521247e+01
4.660650589552432166e+01
2.525714508309036788e+01
2.048377056274189911e+01
5.235524921316211078e+01
2.205694284660576265e+00
3.043582087056329488e+00
9.066539008047493908e+00
5.578256313773476904e+01
1.084210320591008347e+01
8.999699820736420719e+00
3.572555454152124099e+01
2.731062473830692028e+01
2.843532334809875906e+01
5.243154193374576977e+01
8.393351645183733112e+00
1.881001584005174010e+01
1.738565668639853001e+01
8.998723348713721037e+00
2.178229802248522162e+01
5.053640362397472607e+00
4.856214240839977947e+01
9.709520927162110127e+00
1.100263885061292690e+01
1.411598058901951092e+01
1.080414757500115464e+01
1.713912061684847998e+01
1.587839348819415619e+01
1.592664527086217952e+01
2.817899495442379987e+01
4.764670782490557599e+01
2.872308135902950355e+01
4.068735917907552846e+00
1.215822044556993831e+01
9.499706590634625414e+00
1.813499967360692722e+01
1.726092180420128486e+01
3.052866516095311411e+01
1.647866739177515782e+01
3.089739467391121597e+00
3.478291062446906068e+01
8.862175644507209427e+01
3.291883207508875842e+01
9.374089335666516476e+00
6.196421108822190860e+01
2.704182158835816097e+01
4.801849228339336584e+00
3.020430820161710272e+01
1.926448381430510182e+01
2.726828012744283924e+01
5.269067306227121605e+00
1.403138770565992388e+01
1.844641424534892238e+01
1.336858099912952191e+01
1.461842557149843458e+01
3.359206280553396429e+00
5.670723149292903109e+00
2.609095950764007910e+01
1.654254316946527936e+01
1.124518535364807903e+01
9.142662764585735147e+01
1.009978380362013617e+01
2.342029588525587158e+01
1.948592466976734272e+01
2.747233919243857869e+01
2.435225373690381900e+01
2.005161243494596235e+01
1.188976268118144297e+01
1.238931291666632006e+01
1.927082536069288921e+01
1.214662054256657164e+01
1.772860572996067674e+01
3.874470903322291804e+01
6.161097815796658494e+01
2.244638871937691960e+01
9.608347599235342429e+00
1.791120240720434609e+01
1.331194260373705696e+01
2.236255657388488771e+01
1.476255766161542304e+01
4.218167965292095545e+01
1.066161298949715608e+01
4.096981479796016146e+01
9.757446693600961396e+00
4.215507218022509761e+01
1.994605916947605451e+01
9.777897924744513247e+00
3.003708961666598842e+00
2.531064296045518702e+01
2.397112036080845954e+01
1.219834483740586961e+01
3.170441810159437068e+01
5.980400930988771080e+01
3.381947968267061100e+01
1.395047068497408738e+01
6.880449792094596617e+00
3.640246548703863994e+01
1.643000935976922250e+01
1.711728116117436471e+01
1.457975589778694037e+01
3.566635251613491420e+01
6.536088886152329636e+00
8.017656493571085008e+00
2.338883065843662834e+01
5.419161524230812432e+01
1.509748519843663850e+01
1.138444395842984669e+01
1.471742306018018986e+01
1.441860579505918771e+01
2.845634431508192819e+01
1.602109825170909829e+01
1.317826639815359790e+01
2.872106943865499673e+01
1.124806450534618918e+01
1.635156947948137685e+01
2.044316095575381382e+02
2.428096522351630071e+01
1.776049545098595317e+01
9.170001525547530008e+00
2.525423753740249211e+01
2.307971544813525178e+00
8.322854698753445746e+00
5.778182637371268804e+00
1.031333560042025788e+01
5.578505708790623352e+00
2.019305548952526053e+01
5.712423476988195858e+01
8.170149321601900994e+00
1.461941844907828347e+01
2.704540387417819503e+01
5.579263459118083546e+01
1.274929972816950219e+01
2.793553982828949955e+01
7.865928832958338113e+00
2.926733612598632561e+01
1.704657991429099084e+01
1.288983495624785292e+01
1.264401968149998901e+01
9.746771752651712362e+00
3.782547179003270799e+01
5.573245350545430021e+00
2.609125484141230444e+01
1.023651507836213526e+01
5.873448399558690802e+00
4.215052182696862992e+00
5.955558085584907957e+00
4.227081520290708028e+01
3.656852713730746274e+01
2.054353056567062552e+01
4.263809310927574359e+01
1.431533359391239379e+01
8.999952976657070280e+00
3.185029653342346379e+01
1.033530754127801110e+01
2.370775219620995244e+01
3.457639405570316171e+01
7.579614178110712253e+00
2.692859779763447392e+01
3.212610071260619549e+01
9.430055080502604881e+00
5.458324999502463726e+01
1.086743050443415903e+01
8.547780299587174113e+01
1.790470104603726398e+01
1.105812090031749584e+01
7.415286247693783750e+00
7.455050923590144762e+00
9.364788029517219670e+00
1.109746973990863772e+01
1.488836749677346027e+01
1.409555510165040815e+01
1.173056684104052394e+01
1.779397949832651804e+01
4.585770655290615849e+01
9.731029285087441139e+00
2.266333071527851217e+01
2.649394351123489599e+01
5.749187244338597402e+00
6.547611385401226336e+00
2.347614261394222623e+01
9.424627356638946907e+00
4.212440003228366869e+00
1.006278846638523738e+01
3.094811905020945275e+01
1.517961112368498888e+01
7.857286224948008879e+00
6.572281588495645366e+00
3.808896468364733501e+00
1.126389459046000319e+01
1.691692788283850035e+01
1.847770812495529213e+01
5.949912191456064647e+00
1.584397350919932812e+01
2.028008242516856896e+01
3.827432062826423564e+00
2.350541659028491992e+01
1.856523600121852979e+01
4.034042788005662317e+01
9.533905798200983384e+00
7.534901869684235365e+00
3.720358590441495750e+01
1.037279889845867764e+01
3.752212726535501730e+01
9.872898894751582333e+00
4.535848481901922469e+00
1.454345384811150232e+01
5.929622939337451548e+00
2.452174069697711545e+01
1.184427071693651179e+01
2.129163760223956459e+01
5.910044139192427082e+01
5.419850625240815134e+01
4.064138900469418303e+01
4.825160841126326972e+01
4.419407576429075135e+01
9.206126008415655093e+00
3.236265198572402113e+01
1.794625363713478805e+01
2.098583365077833918e+01
1.422490550700822176e+01
6.031348364176432852e+01
1.830932878545915443e+01
3.865849130482792617e+01
2.155037728598738767e+00
7.094321811593270688e+00
3.624621568635616597e+01
1.218132785352469227e+01
5.708923740885454379e+01
1.078540343249500069e+02
5.075633892158432303e+00
2.551159861634361548e+01
1.859023591686327492e+01
3.913068375694570733e+01
6.382352836747040570e+00
3.529695490510830780e+01
3.028111618517646519e+01
3.687161734109265865e+01
9.701499925590139739e+00
2.654141404167284435e+01
