1.748224830216325643e+01
4.226408845665973857e+00
1.829329413880707378e+01
2.840266367624445110e+01
1.447925079359503542e+01
5.814942128081136730e+01
9.730775384831936492e+00
2.245314102155027669e+01
1.857019843005603832e+01
2.537569304556462768e+01
1.594797587737624589e+01
1.202270303765219062e+01
4.302889165580882036e+01
5.011960832885544193e+01
1.685255401436993949e+01
7.291069368568898312e+00
8.457948580405681582e+01
1.245396589507665652e+01
2.500792417669682521e+01
1.353529237865981116e+01
6.117582133604540218e+01
3.883434169713698481e+01
8.873835253591904504e+00
1.815451932834567117e+01
1.953643445262242651e+01
8.319430984704412779e+00
2.527405205904977237e+01
2.033334063068028996e+01
5.940143758827165499e+01
2.295608113088196589e+01
1.650222440609649865e+01
7.779756783348879878e+00
2.411590158895026903e+01
5.479264939018057667e+00
3.247108049146321918e+01
2.645584357877910264e+01
2.890524745861133482e+01
2.048399253615062676e+01
6.410813114883866604e+01
1.049174993496498942e+01
4.155915058033955489e+01
4.954564223175444226e+01
1.609878618084824353e+01
1.405462890495135397e+01
1.083547923464512763e+01
1.978733266263900603e+01
1.422589204994140211e+01
2.193371154500308862e+01
1.869782302147242348e+01
8.197944213873642028e+00
1.214956446769837584e+01
1.486804470519913579e+01
1.508854948152698050e+01
1.658060516379552141e+01
4.273161885387273173e+01
3.806024349468872714e+01
1.051364990719104497e+01
2.446551959557184830e+01
5.534194176842374802e+00
2.291618166139065593e+01
1.193913738807521874e+01
1.436633309246069601e+01
2.439154572753699668e+01
1.097060824688897753e+02
3.308113805166044585e+01
7.491800809169974151e+00
1.049890971135144113e+01
7.693070606015038493e+01
2.467782995103141985e+01
1.860022268567105641e+01
1.365372839970021523e+01
2.413301208264813980e+01
1.614087300345072507e+01
3.482785592113315687e+01
1.983244489693951351e+01
2.442683284790690834e+01
3.963482559329888488e+01
7.873892430816753496e+00
2.962361109836572126e+01
1.873467733375639099e+01
4.327256647982635229e+01
1.006546508308392340e+01
1.872077132201323479e+01
2.747981860911996677e+01
1.207306923098957974e+01
2.587985972260498357e+01
5.465494048630574753e+01
1.945074056280370911e+01
6.805912314600224278e+00
2.317836749804887475e+01
1.216872135311420067e+01
1.247579487520525277e+01
7.185969160309888970e+00
1.840177308043723414e+01
2.671407437271360763e+01
2.431283459699636040e+01
2.013233172949280814e+01
1.197413371979218688e+01
3.154463033271092343e+00
8.882338528264440924e+01
7.491771719271103080e+00
2.234725792426736746e+01
9.387522804964662626e+00
1.956094963694026845e+01
2.251770137974296659e+01
3.447552676270050398e+01
1.178735566687922542e+01
3.938384796739102001e+01
6.683355967291251254e+00
1.514761542645625880e+01
3.898688593534367186e+01
2.258448383207768018e+01
1.237008463868905039e+01
6.217507056834776336e+00
2.185128581172844164e+01
1.170327403521496024e+01
7.924688298460557689e+01
4.701124219307493490e+01
5.823885844995309924e+01
2.474739541148187527e+01
2.603511023649619460e+01
1.748786466586862787e+01
3.821600047505418729e+01
2.324677220622992380e+01
2.523265960724623014e+01
4.842753468473856771e+01
2.077968770569180634e+01
3.580267682596193879e+01
6.501424302782571552e+00
5.552795892748477513e+01
2.260425229685916904e+01
5.645900366550834804e+01
1.810525027805762122e+01
3.395140541775331400e+01
2.011994711794783086e+01
1.138073482782044543e+01
6.239401754156840951e+00
2.854816837050656275e+01
2.763619635759395976e+01
1.418642196818761647e+01
3.702731987946133785e+01
7.367279495410971712e+00
1.082175647816824515e+01
1.963660657024350087e+01
1.375177083087770136e+01
5.481951442917882389e+01
2.022096566150235475e+01
3.133679542076999169e+01
4.077094426714905495e+01
1.090261176857174519e+01
1.255086476090969541e+02
5.038323326532661639e+01
3.345593696862368915e+01
1.310879767782571648e+01
1.780997304671643988e+01
4.300858087769572080e+01
2.349017143484003967e+01
1.224123102287233245e+01
2.315260320650506642e+01
1.778845773177346246e+01
3.801676675521500925e+01
1.169433881560518884e+01
2.851213316710369838e+01
4.666913532207742854e+00
5.112944440438204907e+01
6.965326875961544317e+01
2.015685165686678104e+01
5.045086427415811592e+00
1.338180096813789000e+01
1.482605256958797035e+01
5.035384503119657040e+01
9.390394509491864383e+00
1.615218547688332151e+01
1.058035847824675102e+01
5.726774515990200598e+01
1.631746793227329562e+01
5.102207327889468402e+00
2.503747300318675073e+01
2.096355545088127670e+01
1.006004595524670009e+01
2.849989967935725943e+01
1.671446690400027535e+01
1.281963889787078514e+01
1.218799843601082955e+01
1.693472948380625809e+01
2.204923655426262386e+01
1.358206558677517251e+01
9.197873580923383585e+00
2.161982223984969664e+01
2.551954961913265763e+01
1.659760516991617152e+01
2.375864310644103483e+01
4.610039605312909572e+01
3.313099600175216608e+01
1.622116255590933065e+01
3.699871940765473255e+01
1.342748298784889194e+01
2.484597934786378559e+01
1.514585009779938751e+01
2.842305673697672219e+01
8.708064987616154440e+00
5.329514480128982434e+00
1.164396873433554624e+01
1.234730062303735387e+01
6.293304888883941572e+01
1.963971638995291258e+01
5.887459069215859842e+01
6.147181390979961080e+00
4.842034539074098376e+01
1.028068868713486417e+01
3.874664461844159469e+00
2.170688046563455842e+01
3.037310581088856409e+01
2.574726941138344216e+01
2.002777695251508661e+01
1.337248832127059295e+01
9.844013750675172503e+01
1.064948456876916616e+01
1.374735550435767450e+01
2.665563412877776983e+01
1.432631493654278643e+01
2.037921896835810287e+01
1.932436305308214486e+01
2.999082370818133825e+01
1.153347699211562727e+01
6.923445742864216434e+00
4.055982753175494082e+01
2.217415608931305826e+01
1.917850059363161819e+01
1.363593812743590483e+01
3.711601897128737448e+01
2.482798866486797706e+01
1.052117803145680064e+01
6.392202111907893780e+00
7.447352848421818550e+00
1.401440051817217736e+01
2.619781999898733105e+01
2.292465691273839568e+01
1.057326478660837310e+01
3.174801689718422182e+01
3.103711346714476704e+01
8.716509131340922423e+00
5.664680790292541346e+00
2.223721748271693244e+01
1.912332629266046524e+01
1.748930172190230081e+01
2.050464900245101774e+01
2.399021809623568302e+01
2.210296532219769006e+01
2.104178920068257241e+01
2.484222398605869486e+01
6.509876313515690072e+01
5.538985415024718151e+01
3.191127388730253145e+01
1.344717532296059481e+01
2.976436878207615422e+01
7.516928430812466644e+00
1.054090514279202395e+01
2.373794435884801857e+01
5.855473638848736506e+00
6.424440435199167609e+01
3.213223104818443687e+01
3.389454804242467389e+01
6.992439916068388328e+00
1.958275653563775265e+01
4.244745339955223962e+00
1.816947916969057886e+01
7.184187403585480247e+00
1.387738348739643435e+01
3.767336073693213905e+01
1.611283410833076246e+01
1.801960727310905597e+01
1.700988900718850871e+01
4.931289846073794614e+00
5.318364259931757942e+01
1.037724011097784782e+01
1.609158091087833853e+01
1.767336699098776265e+01
1.350544552344372740e+01
2.689599418625851257e+01
3.807952238652286070e+01
8.149529228744482268e+00
2.344266419841641991e+01
2.260601712153174958e+01
6.840685253617303729e+00
2.859519224751833733e+01
3.808773668485093911e+00
9.203479307509818241e+00
7.333281206542405783e+00
1.683800257669892986e+01
3.627784210466037962e+01
8.143102163619960976e+00
2.124700428516740303e+01
2.297798161908820802e+01
8.040937223376219833e+01
1.455025041277912656e+01
1.630182507782310353e+01
2.780165729253275941e+01
1.437004367019930662e+01
9.756703077015522751e+00
2.748612788065145196e+01
3.896535888142270920e+01
4.197093050059532260e+00
3.261086549933656187e+01
3.329020940864891287e+01
9.289793513544829295e+00
3.559565663287609283e+01
2.355351151704193313e+01
8.868570530032656052e+00
1.448773594381761498e+01
1.171849164112561823e+02
1.271662605443332694e+01
2.654375170341072732e+01
1.843784875056728723e+01
3.058974700561251936e+01
1.336207850237265582e+01
1.128117888373189004e+01
1.117661725824602748e+01
9.185385176096081850e+00
3.273772488077307941e+01
7.897087895970650528e+00
2.410577909203412972e+01
1.487436617337644407e+01
1.390794125903100564e+01
3.133248162776784085e+00
4.628816757739257781e+01
1.087989467987192782e+01
9.287441721218765878e+00
1.282095874331565710e+01
2.864999539634953862e+01
1.269144491763645455e+01
5.218224655715127369e+01
1.261869434891378283e+01
1.235771846746179392e+01
2.503497386428448124e+01
3.527515078108108071e+01
1.130034146139565898e+01
5.798837909770258037e+00
2.472471203391516781e+01
5.912309026832630110e+01
3.434002752722526708e+01
1.776267421667203905e+01
2.646527207329571851e+01
1.405823480997638164e+01
3.243373322288626781e+01
9.849326019539118349e+00
1.893996552849117521e+01
1.874268263347154218e+01
2.167358040279840381e+01
1.054121060267452670e+01
3.801749250085282483e+01
2.072677977376919856e+01
4.869116324611038493e+01
4.829642302784739272e+00
3.136027129122378554e+01
2.494252213030112841e+01
1.849138972288759675e+01
2.831750152634255357e+01
1.005991172941563327e+01
3.850502128195568474e+00
1.251965501859572605e+01
8.826643445411081146e+00
5.378872976359353686e+00
1.829912627867744135e+01
6.178949292594878351e+00
3.888951764264719202e+01
8.553797102510944939e+00
6.945301089317764820e+01
4.982271523019886850e+00
1.738574827801978984e+01
1.158933261814967963e+01
3.382646098017664915e+00
5.790355995041694825e+01
5.229915775103511066e+01
7.251471888673338029e+00
1.158937770887263063e+01
1.300414761082542370e+01
1.655499980224163181e+01
1.238255715097689489e+02
1.060491981556480923e+01
4.404379619927033929e+01
1.010019084660613409e+01
8.511560316731678455e+00
2.372947462379241657e+01
1.551543138547482847e+01
1.164760292734399627e+01
2.168837373869301999e+01
7.300980888586217965e+00
4.355308919781118782e+00
7.542145493851793958e+01
1.854157770985712617e+01
3.698038206140131567e+00
7.887537923154201103e+00
5.986194008941428280e+01
2.131566243825533746e+01
2.689249704052271994e+01
2.094965003511202184e+01
1.761216069026369624e+01
1.850679305651652129e+01
1.793329123910795531e+01
6.822870445734795908e+01
2.230469726051324741e+01
8.362372220940752499e+00
5.935474040044204003e+01
5.476961122228358647e+01
2.494678551051789483e+01
1.528922025019731379e+01
1.874935759016251424e+01
1.231581552393226175e+01
1.886525178713895201e+01
7.592735657916652059e+00
6.118314441200531917e+01
1.568991139236257659e+01
1.775731088191798435e+01
1.529952172110054498e+01
6.012755589845818704e+00
3.586230483153820359e+01
9.114627986625819744e+00
3.729359890544704736e+00
1.304144259539604178e+01
2.193280680617960954e+01
7.716450917501367357e+00
6.195214310227997068e+00
1.669440239929592806e+01
3.754840984603365683e+00
4.671312601453928792e+00
2.403468438283494990e+01
1.345932244357827834e+01
7.094355566251580036e+00
1.409457454222410711e+01
2.677968678484586107e+01
2.416578432219763073e+01
4.070820631840726378e+01
9.845786091903509174e+00
1.186021129594256429e+01
6.116605136200449522e+01
5.791780781317176441e+00
1.624035885831125015e+01
7.174520336869948167e+00
5.256041917384813189e+01
1.171662130276950009e+01
1.053195492812685430e+01
9.640608114466331813e+00
3.293553759125708069e+01
2.558328107875423996e+01
4.389456167469979242e+00
1.197808875977768750e+01
4.190926405387381948e+01
3.104092384643623959e+01
2.631022476750766970e+01
9.029984636759660788e+00
5.730077986469635398e+00
6.802013021355590183e+01
3.590478215203290802e+01
5.435426208507489143e+00
2.010924046657530440e+01
4.114453350766621753e+01
2.252954112913179330e+01
1.924662508326896315e+01
1.300010267756029769e+01
2.803186077779588103e+01
1.086213420055231715e+01
4.463747518474911402e+01
1.791990158164229641e+01
6.391648633270666124e+00
1.324202042216694508e+01
1.705534469886366011e+01
1.641732935231362234e+01
5.576380879290671544e+01
2.067806321922482837e+01
1.602700164522190107e+01
2.785646188469164741e+01
2.377156235819837349e+01
2.901213033421034382e+01
2.158686811524989224e+01
1.049167824200981869e+01
2.662599460259674800e+01
6.131448963206580061e+00
1.376980750953237731e+01
3.839395158099591043e+01
2.963451147558976473e+01
1.820496730335457514e+01
6.224938729076252564e+00
4.393559051259703097e+01
2.023180818760288702e+01
1.346234467283462166e+01
2.729175841903368749e+01
9.040911003192908524e+00
1.307348392289994266e+01
2.699197970890900677e+01
5.995233162233928326e+00
2.467435954434185774e+01
3.933002186869124017e+01
2.049329168897979514e+01
2.123301074378282038e+01
1.828886203523263632e+01
1.164237070044523747e+01
6.519683384461004039e+01
1.770749215432364210e+01
3.048355239735424504e+01
9.238977009797530116e+01
