1.526915219224093434e+01
1.471442150869096110e+01
1.547483803271441616e+01
2.399416785437774280e+01
3.276961761169174281e+01
1.833220849300114708e+01
1.506713912439694347e+01
1.092048235228736530e+01
1.911718588767017479e+01
1.160771083927831171e+01
4.103888520752788871e+00
2.225966073650327814e+01
3.648409299717778964e+01
2.615193258654323216e+01
2.788233507088921925e+01
1.402791777563134623e+01
1.142271163238943998e+01
1.584050936301456147e+01
1.452284340347941161e+01
2.053658463760681130e+01
2.439578977663182968e+01
4.263851490108559261e+01
9.253586736882441599e+00
1.051184257404809408e+01
8.454371793910235411e+00
3.637976587427424136e+01
1.709034713533746341e+01
1.250593440760239083e+01
1.771902532837769328e+01
9.043160728845569096e+00
1.200202151996343503e+01
2.744883735432331662e+01
2.155442525409936039e+01
2.419061445039126568e+01
3.075836342645930799e+01
2.834269587857336958e+01
1.197519004664040807e+02
2.185532026801885763e+01
2.696382321680392380e+01
3.715409148968706177e+01
2.464232507592485355e+00
1.557474890129262057e+01
1.718802713330037335e+01
3.564264947002605766e+01
4.021033610783138101e+01
1.585696894082534314e+01
1.514528219072858306e+01
3.904617108655585866e+01
3.338171147089857271e+01
1.132204256331518799e+01
2.056641878564679971e+01
5.513509468509888478e+01
1.460368557132991540e+01
2.570333162708164210e+01
3.171397047766783928e+01
2.067239522356167214e+01
1.929840736968257318e+02
1.669490960112421263e+01
2.879948476585545336e+01
7.827716177409971721e+00
1.138321998434491533e+01
9.211187261448527508e+00
2.444876045608805271e+01
9.044404852645413939e+00
5.588500896011406383e+01
2.405829849470490700e+01
3.895369599383541726e+01
7.954266646528769691e+00
1.603113688366120471e+01
7.430799840545816437e+01
1.671939728230992728e+01
7.559951428597815770e+00
2.234403094869427786e+00
1.268914827540954526e+01
5.900870596546412550e+00
2.463517043111458094e+01
1.228645993709962525e+01
4.390615498733222211e+00
2.954107909190447412e+00
1.958099176855175827e+01
1.027582618063346054e+01
9.843480605135777495e+00
1.129316910180902234e+01
1.573945771622862466e+01
1.904381869830541874e+01
1.356113769077865605e+01
1.379350304911849001e+01
3.021237599213128622e+00
1.070277323749151499e+01
2.444989885884369940e+01
1.934565493524859647e+01
1.277018460336588035e+01
3.844063170784834682e+01
9.345347088688910731e+00
1.562568852037708567e+01
9.988807626053590738e+00
1.203399443889056073e+02
2.921080467582548135e+00
1.975406878468131566e+01
1.417477834946715909e+01
1.300548692899613989e+01
1.215434988292059515e+01
1.251885596473419859e+01
1.817997994050946531e+01
1.407194828631282846e+01
9.726828793521331562e+00
7.008068763730620709e+00
5.476714226348050829e+00
4.331363485136002822e+01
1.009146408392561156e+01
5.099990218131186737e+01
1.192472146703180513e+01
1.436634860981028261e+01
2.441178384820084446e+01
8.726560818854167678e+00
5.661381074160244609e+00
1.858441187740936229e+01
9.280643183586233746e+00
2.034600731038495169e+01
7.393798366700498725e+00
5.504985222127069733e+01
1.775331896159176637e+01
1.113860868563306816e+01
6.302570098433649015e+00
1.152757993391579383e+01
3.379928674930869459e+00
9.612734620297096910e+00
6.024727002997527947e+00
2.431869480925745108e+01
1.504442667759720464e+01
2.032646657760767894e+01
1.048692104631877342e+01
4.342340766605762070e+00
1.531606157862409923e+01
9.570414449461818407e+00
8.285117332946771995e+00
1.070358610903838326e+01
7.552209828992045182e+00
1.124452444683180374e+01
8.796119311833756171e+00
1.848561434332387066e+01
1.257265991006906702e+01
1.431121273825061024e+01
2.750498315059354226e+01
3.815390122236667736e+01
1.156694071225051630e+02
4.604421960209306519e+01
1.788816390891269492e+01
4.570612019658927494e+01
2.069605815872017374e+01
1.699591983737176903e+01
2.731883181423986429e+01
4.369183940927418064e+01
5.356944619934137286e+00
6.808599765289729433e+00
1.665918624457209418e+01
1.487426439079761131e+01
1.951750227077202382e+01
2.145929383053778139e+01
2.861701257449382396e+01
6.959233099793012300e+00
6.041485401084929663e+01
7.011667921105437529e+01
1.542300825759899396e+01
3.832693915165192067e+01
3.264272804159153196e+01
9.506027513332519163e+00
6.604557309454141034e+01
1.264372974361353030e+01
4.119162169791532335e+01
4.360911248291044373e+00
1.810303416067778315e+01
8.560171197954684175e+00
1.581689743491843458e+01
5.832149255344366878e+01
2.454102693169178906e+01
4.290209499278842742e+01
1.554810185805427381e+01
1.422666541920879979e+01
2.286093998489376844e+01
7.034348105886581770e+00
7.694061801598923722e+00
3.146352724454503047e+01
1.372964705875682334e+01
1.652132120507862822e+01
4.657910185690519000e+01
2.125567731191183540e+01
2.001034905019811205e+01
1.305790380306831722e+01
3.784408757687049274e+01
2.347046076641969492e+01
1.971030418208331625e+01
4.089822176828720757e+01
1.844848623330678805e+01
1.449663547991675294e+01
5.602688185218184458e+01
3.036747018544729393e+00
6.981852345374101709e+00
7.085108138557315272e+01
2.084568412679220728e+01
1.723535009864146517e+01
1.021003958093590747e+01
8.482529807814342959e+00
1.911595669285484789e+01
3.675984486718309086e+01
5.130355966903236720e+01
6.284214830052945899e+01
1.386756127768976299e+01
1.973555061531274291e+01
1.376604054110794628e+01
4.869427579275113516e+01
1.289562243624679994e+01
1.976687280474131470e+01
1.377095274236332223e+01
6.727333584668071964e+00
2.540213589953561879e+01
9.502584842931865339e+00
1.927854585321319547e+01
9.236400422572129898e+00
5.685637729996788892e+01
1.648009881542482447e+01
2.400037322628898195e+01
1.733184965050886817e+01
1.223154544172817282e+01
6.500125429983614644e+00
1.208451059839511821e+01
7.929347624032472730e+00
2.688388071138975022e+01
1.561916462462256128e+01
5.161775611481905202e+01
1.173638646117923834e+01
9.427094431979750055e+00
5.460903459154581441e+01
2.640449900012991691e+01
1.153290248398989704e+01
4.993176563478385788e+00
1.604413418581123807e+01
3.847585249863440282e+01
1.701785694958780937e+01
1.150779844366956794e+01
2.615053186259980578e+01
4.518157682551402843e+01
2.879839907416306488e+01
3.294785521522011429e+00
5.499638240327819005e+00
2.034962592861636210e+01
1.252621457310915609e+01
4.162941009855886421e+01
7.897169246518783048e+00
3.728108537283426926e+01
2.408629289915649707e+01
6.203206041695822570e+00
2.898758169810999163e+01
7.218947107867235502e+01
2.723314791838649995e+01
3.839097204109022954e+01
8.634999755918663311e+00
1.551878599177259588e+01
8.494413507272117414e+00
1.421404272626147858e+01
9.611485291672824616e+00
1.251636345295335673e+01
1.217021439552784123e+01
1.267858233412511737e+01
2.964822364997567306e+01
4.216315593937901696e+01
2.786365297552693221e+01
8.493588015656563073e+00
1.243410843682326217e+01
1.747689300158252479e+01
3.182607382727840672e+01
1.064070037320114004e+01
7.646253151626144273e+00
7.363388690302103967e+00
3.828020753352030514e+00
9.161763117672528267e+00
9.228956207719781091e+00
2.297711343717234911e+01
1.179652404180615832e+02
1.332188192693809903e+01
8.111004244585707568e+00
2.134005062410713904e+01
2.328995098621721382e+01
1.516836259775327456e+01
9.937993014169119022e+01
6.509846793954769062e+00
1.237878251751717329e+01
2.358094486541579826e+01
9.291795850762872178e+00
2.715106156751885180e+01
1.242758671763979095e+01
3.107144030010595159e+01
9.156550160268686511e+01
2.615293401150975328e+01
2.398249355130385041e+01
3.976674666202679731e+01
3.180737221976310991e+01
1.967928053285798029e+01
2.909127465648817790e+01
8.132299162862905106e+00
1.050326614462670172e+01
7.951207786286811796e+00
1.276630288746682673e+01
3.581601881266562515e+01
1.441953290021559120e+01
5.257487053953470735e+01
4.352035024617163295e+00
9.293918167162601662e+00
1.446174187000450928e+01
2.519234035083441015e+01
7.784017537146054622e+01
1.305951261148319276e+01
3.717463344414564830e+01
2.512895331182751235e+01
7.180936738972729216e+00
2.253286060887495168e+01
8.324897562821416841e+01
2.847466669347210910e+01
3.931190612470351198e+01
9.515040671223262692e+00
1.356166153106679246e+02
1.247701264236242302e+01
1.718593485763600270e+01
1.795301397617205552e+01
1.310891420361518733e+01
2.730825301896925339e+01
2.270295619273716881e+01
4.139997845529340026e+01
7.494056604346010175e+00
2.057819618428293396e+01
1.674622015478867709e+01
1.760094234173667616e+01
1.712403680403908979e+01
2.783479086676038250e+01
1.489089294370766403e+01
2.697157053093551582e+00
1.113112747602153441e+01
2.090985873596154576e+01
1.067231348020322557e+01
3.273544563743487146e+01
3.144242603916564605e+01
6.824747983137521956e+00
1.023636005197831622e+01
2.902854615093985302e+01
3.826452354641922682e+01
2.641923347190134663e+00
8.952940526601844695e+00
5.716226734286530053e+00
2.347021811270279557e+01
1.268792821189653175e+01
1.615262910744045399e+01
9.245001100992118026e+00
1.899191702337396848e+01
1.283760241890761655e+01
2.739898159821912671e+01
3.455761515396248029e+01
2.241643524909337870e+01
5.231137253725906788e+01
8.934934011571694157e+01
9.965450617308103887e+00
2.139358179365990864e+01
1.611195221702452685e+01
5.984385273401235850e+01
6.237333334679543384e+01
4.229034493485836599e+00
3.590881047664033332e+01
1.110378789184652781e+01
4.893608799468593062e+00
4.010275610768147203e+00
5.158903035547135474e+00
8.691681847829679342e+00
1.366925040385096324e+01
3.480404847481812425e+01
1.035151197746498575e+01
3.630215067505872639e+01
9.308659077385840419e+00
1.358374978124039245e+01
4.142339341531414476e+01
6.881234651302016836e+00
1.147549496073270525e+01
2.718375998973307262e+01
2.860214654444219562e+01
2.415968541435601225e+01
5.017094765727721040e+01
1.323221640720632664e+01
3.500164022545721565e+01
2.765351926026857754e+01
5.566104424672919215e+00
2.393057362637317809e+01
4.808541216966069953e+00
3.321499521205618066e+01
6.455001931079302757e+00
1.272842043269647228e+01
4.973592105613818148e+00
4.106977398193058093e+01
1.358342648907722072e+01
2.679924079516937496e+01
4.178075042136112671e+01
1.371203740099903001e+01
1.112035686342215435e+01
4.370825160603277304e+00
4.341777605273170337e+01
5.277053249660311529e+00
1.758565294379974020e+01
5.155802325098352412e+01
6.463818197795843545e+00
2.808404305650555699e+01
1.701222973627204738e+01
9.901243724968123772e+00
1.081633592700367075e+01
3.343915373201036090e+01
1.957021406884841142e+01
2.654694526812688693e+01
8.437680220816220711e+00
1.418013469223823009e+01
2.864538354964151523e+01
7.661505235412043646e+01
7.257582935728735585e+00
2.315080650832206288e+01
1.116179714877043239e+01
4.747039154651548465e+00
6.124753737353175609e+01
1.683320564080913684e+01
5.574175331336512329e+00
1.193466027741577662e+01
4.093019819314549324e+01
2.014535100018695601e+01
2.133492938064212296e+01
6.187763916532650121e+00
3.188254166321780403e+01
6.954539572941862424e+00
2.258910536079127240e+01
2.472442659596850945e+01
8.355742878642267613e+00
1.298545306836165736e+01
6.473836685083699471e+00
2.072797177008195035e+01
2.918357977500135192e+01
5.567745041194680766e+01
2.222159447470264126e+01
1.272995349565834289e+01
5.170968728432288053e+00
1.537120222810763792e+01
1.032050638532657771e+01
3.298343453859521901e+01
1.398899031546719307e+01
2.391261522264836259e+01
1.562602895438302042e+01
8.629352874563725351e+00
1.571951685639901974e+01
1.564976606997033670e+01
9.895531682458598155e+00
4.231427651488555597e+01
1.724001334388408324e+01
5.604382999563259915e+01
8.133011072777447836e+00
3.989892888557420747e+01
1.851179423909083255e+01
2.847404391238816146e+01
2.566618526841696379e+01
3.997625586682075038e+01
2.312283339527071746e+01
1.589434128046898387e+01
7.941871132421558954e+00
2.212211141161924033e+01
7.941908793124097699e+00
1.669742248752431735e+01
1.094868969960517191e+01
7.869640119344596840e+00
1.937869548363413230e+01
1.134177497623545605e+01
2.955873596723061425e+01
1.717944743062691870e+01
2.313362684037030093e+01
1.673171871443945591e+01
4.901617498353909141e+00
1.974683647805163744e+01
1.990841973800793241e+01
6.703751869115171758e+01
1.516136011842854714e+01
3.482452326515934171e+00
1.157958835377084306e+01
2.447004488640173747e+01
2.627101067505278209e+01
6.525857722598543909e+00
9.011856802697989721e+00
3.220292024455034863e+01
7.348916176324141958e+00
1.394072829584203355e+01
3.452573002013602377e+01
9.798951171263750481e+00
1.565970555677672493e+01
7.896831880702143813e+00
3.350407466133793033e+00
5.271396973099663263e+00
4.922861597442773274e+01
1.264461992267498225e+01
1.607301116284808273e+01
3.215628342912100379e+01
9.993689445036716634e+00
3.269909090230579096e+01
