1.229390185607798358e+01
1.173569806025523476e+01
2.166805850823920210e+01
8.119100106627106683e+00
2.002116630926435903e+01
7.438976227529208529e+01
4.113257245888157598e+01
8.535431115358862897e+00
8.203059283570183879e+01
1.263662963311403509e+01
1.745658013946906806e+01
1.734339061300158846e+01
3.723958267725219429e+01
2.511573055611706806e+01
2.821661036832078651e+01
8.891748267359947278e+00
4.085688924457716098e+01
1.901219946079378076e+01
1.976785029727192722e+01
3.219792981999628978e+01
1.255641552837627728e+01
1.493009668495950137e+01
1.481819343321520677e+01
5.958365237197594411e+01
3.627591317958256667e+01
9.495131017339886625e+00
3.034166541260963612e+01
1.665568570650948033e+01
2.508317012826850601e+01
4.323310748088295696e+01
2.438676113046999916e+01
1.386154111715789661e+01
3.217610471527034122e+01
1.875323416030589385e+01
1.988457841426665240e+01
4.049878012510244218e+01
1.092280378529941487e+01
1.218677207830418041e+01
1.745127097413073614e+01
1.286118448025982097e+01
1.239395320374454990e+01
1.042192066741850986e+01
1.165058003973804190e+01
2.647769382684607820e+01
3.000792367595032317e+01
1.427000290573137598e+01
2.538962381362467369e+01
5.322055132058427063e+01
4.028802771833207785e+00
1.026924570237319401e+01
3.629916316289254752e+01
2.085119209485537084e+01
4.275990005278176653e+01
2.295005656204658706e+01
1.483132194280315375e+01
1.874311561558513262e+01
4.333813226760953796e+01
1.857993186076938130e+01
3.060025100123475283e+01
2.515398996390886666e+01
1.815559920983697850e+01
1.531244083147783108e+01
1.643835007190757480e+01
4.432496486520859236e+01
2.508765387821438964e+01
1.833417208385735364e+01
1.344486530340121178e+01
1.276170388024187652e+01
1.101567872734135101e+01
1.875788772778994584e+01
2.003666370545078479e+01
6.654590879427623840e+00
1.511149871499035413e+01
2.186829832880329860e+01
1.452894831242527829e+01
1.259182496627496661e+01
6.455708646278125684e+01
2.213105313769573002e+01
7.441051906078092770e+01
2.328585318036672902e+01
3.215964280179002799e+01
1.817385652800330931e+01
3.181484231714495436e+01
3.532249670418249110e+01
1.422800091553143531e+01
2.574767141908336754e+01
1.492849723930475392e+01
1.054891661822690985e+01
1.478338512883292388e+01
1.810232968476154980e+01
5.462982464564910856e+01
2.396291309739176967e+01
4.184018586232880210e+01
1.397621197147527994e+01
2.538619739193173075e+01
3.781038878189765740e+01
3.704051890636547739e+01
7.324319228331352960e+00
6.426957613461739527e+01
1.588602156742919291e+01
3.312978552231224683e+01
9.178787553364387009e+00
5.147472891176271048e+01
1.862860318460090525e+01
5.851860124107361827e+01
5.260346849877770126e+00
2.460056527310382890e+01
8.926324421040662571e+01
9.421028222279817399e+00
1.285568495886714757e+01
1.340771544175539454e+01
3.668695413793794557e+01
1.142590145671948321e+01
5.420961964652871501e+00
6.266933595705086901e+00
2.263221494661188160e+01
1.424378161081443572e+01
3.656415497291553152e+01
3.344303284084488581e+01
1.636312831775093457e+01
2.810557138827733326e+01
1.323894821791950527e+01
6.352225612933398935e+00
2.244081339577600431e+01
3.641459735763542938e+01
2.742670524060226001e+01
1.790601381203649822e+01
1.650106778285115183e+01
1.023403952582808429e+01
1.688367427932496057e+01
1.256246678345371670e+01
5.074159004987411237e+01
1.434034709532005003e+01
2.182207521447935150e+01
1.636786228020097766e+01
2.273940953763775141e+01
3.133846651912124770e+01
2.229724975327618708e+01
2.928420854828064179e+01
1.403551141201323738e+01
1.824177295107429941e+01
2.884076231681289926e+01
3.005132780421310201e+01
9.138696302067010890e+00
1.729645513177981897e+01
1.001449388724839196e+01
3.556641758344993320e+01
9.838643169364289065e+00
2.597544319400547153e+01
1.216610362824443570e+01
7.763597006556205216e+00
2.405629488505385183e+01
2.631206720711097802e+01
2.849927450071337631e+01
2.446518908516445734e+01
1.232429458026025770e+01
7.464828105458181540e+01
1.746565133728390506e+01
1.880093216748104368e+01
2.375994346411468428e+01
2.125399765646778860e+01
2.437017477978218238e+01
1.003059125643502192e+01
3.136305049663169342e+01
2.159187194535996923e+01
1.056997574387333927e+01
1.584586337481785279e+01
1.855248947573772611e+01
3.450347680678290629e+01
8.006475752713045324e+01
2.172489311416587299e+01
1.040156600414094079e+01
9.995677734492176114e+01
3.719515435787985780e+01
1.391546262229091013e+01
2.608925198397535539e+01
2.270437784868042996e+01
1.505065684540976534e+01
2.689277723123359820e+01
8.593406451928705891e+00
4.504475604776088460e+01
2.823376736274286714e+01
3.423399302761895058e+01
2.456652944133643146e+01
3.474995052381424188e+01
1.486264611204832420e+01
4.515970612564128572e+01
7.436999969329056626e+01
2.154145649756374326e+01
2.457052193631771431e+01
1.919622369842301524e+01
2.174920846372600991e+01
1.591507270012872155e+01
9.064109705187151533e+00
2.529702536814896163e+01
5.523428373436425787e+00
1.060751188342856821e+01
1.018987217964927616e+01
4.689117193221930791e+01
1.647590751096720751e+01
5.860004332390627013e+01
6.769235323341069943e+01
4.088757751714560129e+01
1.627293417318631086e+01
1.769203820094585211e+01
2.632005672177577793e+01
2.031467072625896719e+01
1.054778966327233292e+01
7.165183609727341363e+00
2.484932463572383199e+01
3.190251854376248986e+01
2.561740876168119740e+01
1.478747621061013362e+01
1.922262793738703479e+01
9.830402060518935059e+00
8.301950616666371019e+00
8.891361788328936200e+00
2.506794068076783333e+01
5.083340129116754724e+01
1.206126519299396804e+01
3.665500700586731142e+01
1.243249272154332772e+02
9.769510353311073203e+00
1.203267704104776392e+01
1.279213655226698165e+01
2.171062818678367279e+01
5.373980422034226478e+01
1.527177375786449431e+01
7.713471907776809644e+01
4.875971857090311090e+01
1.029161816875631708e+01
1.229443430292719519e+01
7.983485944409968837e+00
2.993408613333973989e+01
1.024881140250503542e+01
8.797588134622646550e+00
2.906006891810136494e+01
3.049273158740586354e+01
1.681352913764993318e+01
1.573097422987233251e+01
1.482546379015437665e+01
3.992473675919059417e+01
5.380630322509246355e+01
1.493986677297190191e+01
3.848173642936348671e+01
8.225346863427289179e+01
2.204503246273970873e+01
1.576699225973349350e+01
1.959930279286353638e+01
3.329909553436415592e+01
2.051605780847717497e+01
1.691430575910700185e+01
3.204029756928760264e+01
2.335454348736237051e+01
9.640208782727006209e+00
7.515047958291360430e+01
2.858457862498566371e+01
3.475564193171976513e+01
1.370660670371602308e+01
2.634748423177072141e+01
2.573934256778928642e+01
1.690116771266275109e+01
3.818635845709899002e+01
1.486241993683342244e+01
3.200600820545160019e+01
2.788847714015303580e+01
2.050704193381431040e+01
1.519190267681192630e+01
2.836568374804519266e+01
1.441057856118154135e+01
2.292447899748183460e+01
3.175554509154136440e+01
1.353098136345106006e+01
4.226689879413984841e+01
1.523427692265153865e+01
2.210588718795731822e+01
1.084366789880344406e+01
1.455369797967014556e+01
3.617211561260825903e+01
1.077275455492744705e+01
1.345235008352089068e+01
2.774118081551393189e+01
9.939352178672038463e+00
5.635437897420144893e+00
1.563030453195266567e+01
6.724003916475979281e+01
5.070274337345122717e+01
3.615546254084809874e+01
1.797893128018466413e+01
2.056178108819246120e+01
2.797355103872019555e+01
2.220268573461217443e+01
3.874134259865439844e+01
1.443038498113206813e+01
5.095472149328649891e+01
2.496043007979875128e+01
8.937771397090193659e+01
2.776409582471374904e+01
1.102979703181513216e+01
6.421560238027929302e+01
2.620702509416086201e+01
3.762141826463051331e+01
2.109341495857915305e+01
2.162095178717463995e+01
3.259648932253682574e+01
2.286165829448120235e+01
2.594979584809388129e+01
2.051924510814838243e+01
1.677982948257919205e+01
2.553870704809832759e+01
5.716654136994711699e+00
1.083082631107198068e+01
7.505779842745338826e+00
1.694982357014514207e+01
1.837671322624724723e+01
9.631371059754044950e+00
2.174095046545263799e+01
3.843795648203725079e+01
3.073770399152600064e+01
1.752313198845891407e+01
1.149043802447480900e+01
1.550202986370987013e+01
2.622970466370343701e+01
3.454545810171635623e+01
1.143184081127640717e+01
1.847807065480812128e+01
1.703893392793826678e+01
7.060229233908773949e+01
1.312004073188121644e+01
4.020469321129279194e+01
1.495125955801501050e+01
6.927501446590579803e+01
1.173988722931723316e+01
1.383500331376437487e+01
3.038158292296365914e+01
1.132942177122890470e+01
1.207406998080289284e+01
1.175359625803541874e+01
3.644279747961044791e+01
2.326707024239943777e+01
7.653057029557895419e+01
3.589996948113704889e+01
1.888353199711134778e+01
6.297493376762397332e+01
5.991897722867669529e+01
1.357116758667008938e+01
2.519574553868417155e+01
6.933202802544348842e+00
1.632018290053936127e+01
2.080545358232608422e+01
1.087323921750278899e+01
6.031865605277732811e+01
4.763765128727334286e+01
1.935874131312414193e+01
1.103502208889968372e+01
3.112383966940067026e+01
2.885362484333887423e+01
4.952815828529904962e+01
1.412656054827732532e+01
2.569910841456884754e+01
1.922317423271879022e+01
1.634515968278530096e+01
7.160610171476010422e+00
1.672964928094418724e+01
8.083440848474488405e+00
1.972049356127885744e+01
2.684110320095574309e+01
2.294973196654143166e+01
3.420381387046548127e+01
4.773393392755677667e+01
2.180443915769006225e+01
6.761055978733386951e+01
1.455837619862038324e+01
8.682574149608578651e+00
3.983374963062656349e+01
1.070084842675813164e+01
1.103948795956786633e+01
4.495746952513775341e+01
3.692330323924284130e+01
1.393307003845193748e+01
1.037636773686853964e+01
2.111583399769162028e+01
1.490814517631382685e+01
5.555305753442750216e+01
2.406887474011587003e+01
1.861044279297156478e+01
1.535115236369393976e+01
2.332893771879407296e+01
7.720066818758346017e+01
2.163675214093313315e+01
2.113950032008679614e+01
1.769350822426462244e+01
1.483873922627338260e+01
1.928198848361629203e+01
2.331905385392263597e+01
3.192307833826117047e+01
1.872635314581321708e+01
6.375367048809240877e+00
2.494871572663371495e+01
5.163088406992127233e+00
1.538750275605255702e+01
2.205143199691855926e+01
6.739486546021829838e+00
3.307437509014931720e+01
4.088025668472897678e+01
2.015069933341779063e+01
1.636018377023139436e+01
1.439449412569072706e+01
5.098172054243818252e+01
2.067527640469738159e+01
2.080618738907743648e+01
2.891029355963259917e+01
1.064888599937386005e+01
2.773014425405569128e+01
1.730041372343377049e+01
1.307061384419112215e+01
5.125493982283786210e+01
4.138017451737366059e+01
2.258449548344310642e+01
1.316013056324335118e+01
3.448571806860654476e+01
2.654683447439062149e+01
1.300367277855717063e+01
1.917386001405131069e+01
2.471091844451853348e+01
5.153863880744529524e+01
8.797443372647260063e+00
1.927371612906034315e+01
1.540331872458654772e+01
2.560763720919342035e+01
2.758207926235412089e+01
2.443782537151798095e+01
9.873862017865224772e+00
2.560876114159770012e+01
2.363218174871237665e+01
1.083148022862483018e+01
4.166183678807509239e+01
2.802504337080216246e+01
6.594398843030549529e+01
2.880387314245951558e+01
1.899550078657708951e+01
9.542383787119538496e+00
1.172070673944060459e+01
1.427494314647069373e+01
2.182816547017062447e+01
2.173741746108970574e+01
1.493517820383117645e+01
2.962354863602404365e+01
6.597832983956005037e+00
3.315863389569456388e+01
9.708254010624855823e+01
3.006518166695003202e+01
4.629328078753508180e+01
3.268148031750708071e+01
5.877755619228435080e+01
1.609768750733567799e+01
1.499650478646906038e+01
2.422050987702233371e+01
6.240358074074546835e+01
2.223058510681616440e+01
1.029532581266133207e+01
1.650895307008108404e+01
4.105477114677687211e+01
1.838738431032844645e+01
1.158186799929992183e+01
2.948174398469066659e+01
1.130424694666315588e+01
3.466631862510583062e+01
7.037809851852784959e+01
1.971464123920213751e+01
1.104749005204081236e+01
4.397435825378767049e+01
1.492682022353363358e+01
3.097727757779225044e+01
4.702545292257679144e+00
3.294626429835984283e+01
2.414343793978273567e+01
2.195443295163337183e+01
1.724922986399239022e+01
1.753526687856629707e+01
4.385218243972217778e+01
2.089877063164096782e+01
2.832611670943892079e+01
1.331463414987482174e+01
2.686227679919680611e+01
9.365835143786380712e+00
4.243227431860402987e+01
8.849046698509756226e+00
4.447274064360902912e+01
2.730729560273947243e+01
2.620671249003965997e+01
3.805901264240784343e+01
2.574685125089147419e+01
1.567667555542100288e+01
3.344167921875230576e+01
2.684345968302168828e+01
4.411941735777716644e+00
1.596414331309375356e+01
9.855770971940971847e+00
2.637177974570339245e+01
4.551107331080238794e+01
