1.366788881789156562e+01
8.664932032263120476e+00
1.102041228727955335e+01
2.486851611374599358e+01
9.905586307374395716e+00
7.357010429643579208e+00
1.390108982348277600e+01
2.785246538095207214e+01
5.643891403754217606e+00
2.161847367333439252e+01
1.669414659542070822e+01
1.910535044524710457e+01
2.058444473142145625e+01
1.994401649371436491e+01
3.192748511259370758e+01
2.958644612118102302e+01
2.935091387012203512e+01
1.466162463134149441e+01
8.436387912662388189e+00
9.097127818038968528e+00
1.443309880474876650e+02
2.049355212654277807e+02
2.062764474552943383e+01
7.631862916030246247e+00
2.934046552053884227e+01
9.938199036009319087e+00
2.757415794008089094e+01
5.443138971225171652e+00
7.129088528445565842e+00
3.268902881697472651e+01
2.028620612348071717e+01
1.605231270850605441e+01
1.318076716388818426e+01
2.425522900942426929e+01
1.530492998835501162e+01
4.492376020796633895e+00
9.443430152113405640e+00
1.659759425820233503e+01
1.702435090403921691e+01
7.717433454372064183e+00
9.039389909195639561e+00
7.031250054686429607e+00
1.479682504707141177e+01
1.062691527102477451e+01
1.247754234403719664e+01
1.190052920075709153e+01
1.036706989948004320e+01
2.071428397074732786e+01
4.954415388095172545e+01
1.157489361910200110e+01
2.316457736496518649e+01
5.264152237731604345e+00
3.165694829845072533e+01
4.693579574318975745e+01
4.307331284343143807e+01
1.132436389631870277e+01
4.469899255524755866e+00
5.383253909109027546e+01
9.470952497269134795e+00
8.039614004821459048e+00
6.830857955380838575e+01
5.012163754217580447e+01
7.967950311095947313e+01
1.188262665442525723e+01
1.970434550650454852e+01
1.660027957741473159e+01
2.179841051792576678e+01
1.646881930168322938e+01
9.885043806344631534e+00
5.617302978378138079e+00
3.114006258638526869e+00
4.904084063888200973e+01
2.555110746980046343e+01
1.088390237415741346e+01
2.706721895864792060e+01
6.506167865582780152e+00
1.889291378787723730e+01
2.951036597910799486e+01
4.973323316769642233e+00
1.263556304456313661e+01
9.200311671545120973e+00
1.230246594815862515e+01
2.889897733303309479e+01
4.127655986655865661e+01
3.221107101413392115e+01
1.803454927879025504e+01
2.245716669512416530e+01
4.517701444669921784e+01
6.053947193381674197e+01
5.362772733907873857e+01
2.490478269502428077e+01
1.359034042730033320e+02
4.862555185049551199e+01
2.310340251405300549e+01
1.995407725827801215e+01
1.523740279607989834e+01
3.551591119779541827e+01
1.829140972886010630e+01
3.497423943445775052e+01
2.045589749808407021e+01
7.230598189661611386e+00
3.795068877670385632e+01
1.717582695543518767e+01
9.584469320088197719e+01
6.687793620772885106e+01
3.514412156888009342e+00
1.548398951167656001e+01
1.981350125371951165e+01
9.035915046349492386e+00
3.654219785524391284e+01
5.474463512243998053e+01
2.259598065164181691e+01
8.722801584250492013e+00
7.323887662404207965e+00
1.874405682632083270e+01
2.220038167525266104e+01
9.146875632747290652e+00
3.310276088909034087e+01
1.007828995947838138e+02
1.039644812222853432e+01
3.863537265390572628e+01
7.951764521303124056e+00
1.166818147682060847e+01
2.062112813060026895e+01
1.083026497554447687e+01
1.211830397063703835e+01
1.117429651609797503e+01
1.402996235431314709e+01
4.429912556996848849e+01
4.861403912711381281e+00
2.455692599924863373e+01
3.266412908944789706e+01
4.116590822616485923e+01
1.295472041635596483e+01
1.070987758024176273e+01
2.307829168905318795e+01
3.576704385811125064e+01
2.180045203881643445e+01
2.948823068520812996e+01
2.593586216302498570e+01
2.669669521504106058e+01
3.077286315330085387e+01
1.165575512610655551e+01
3.801316765273213605e+01
1.156552881528027754e+01
2.936101959565340636e+01
7.339336009066539646e+01
2.393524393383886206e+01
2.557261639877044956e+01
1.549335340206815204e+01
1.015944618317101700e+01
1.010039600105517188e+01
3.514572139000421647e+00
1.865614898534413868e+01
1.944140721783299952e+01
1.453439141508129673e+01
1.910830811066164259e+01
2.008252824938293912e+01
1.164849567379215678e+01
4.006522238135998037e+01
2.065148348826998870e+01
1.200961795634893292e+01
3.000427561992065861e+01
2.398345012548919186e+01
2.370908041698420021e+01
1.563187816707072919e+01
6.766346767376245452e+01
2.517955661512580079e+01
1.143003608820983175e+01
1.450781881874147494e+01
1.984352569786571152e+01
1.781418686313575250e+01
2.403570991846103055e+01
8.788518715364203260e+00
1.462207522023738591e+02
1.733536359797943405e+01
1.804717395614569497e+01
1.334547764592498531e+01
5.634711585873906969e+00
1.037844400580051563e+01
1.915154935699419525e+01
1.209341138247673442e+01
2.777267713807773575e+01
7.883070242765673186e+01
2.814366495254323031e+00
4.176486552707603295e+01
1.518491536556608423e+01
7.570550445828326147e+00
7.675253568044570152e+00
5.515221906240872940e+00
2.462134954465735603e+01
8.114016562460952287e+01
7.862895390058361578e+00
2.876789787325110126e+01
2.853406828596677514e+01
1.770378736984698165e+01
2.337561573349491084e+01
1.044456404677519998e+02
4.116307114156357727e+01
2.090523241046673064e+01
1.093488349920735381e+01
7.716402356251363415e+01
2.972901322002991265e+01
1.602929147160330814e+01
1.215057061953256579e+01
7.464137978506334647e+00
4.117009748887372922e+01
1.150485254837190929e+01
7.763016089193054192e+00
2.256476036543804753e+01
2.015153967704002014e+01
1.795032053750951562e+01
1.682177629064865343e+01
1.463460886954459106e+01
3.820136317330935505e+00
5.850547657164419491e+01
1.957078558397273937e+01
1.676692367446090515e+01
1.344136413553620173e+02
3.041046252528124327e+01
4.573439809374416143e+01
3.310857710466623871e+01
4.706076268871123602e+01
3.702782386385118230e+01
3.385741271505710870e+01
3.960071470194177490e+00
7.275959422719735414e+01
2.804945695242948389e+01
7.452881464643796505e+01
1.692261529691282362e+01
1.947396320374848244e+01
2.254351769174507325e+01
1.781677626649075030e+00
1.516968275384782885e+02
2.073735120402061938e+01
1.010586099047060493e+01
1.298453148457325135e+01
2.899474860180599478e+01
2.495721155049552564e+01
1.236925006543440198e+01
1.456228516894831593e+01
5.809538559228576560e+01
8.070907853147598843e+00
7.772814364015821376e+00
1.212309391869270314e+01
1.640480626422558785e+01
4.397452649808606395e+01
8.607718198206336879e+00
2.617185713204563768e+01
3.276226063185064596e+00
2.496186850870373419e+01
2.556626545939753470e+01
1.214142269822620612e+01
9.659974698699466344e+00
5.942708526950807091e+00
1.122151876795905068e+01
3.583056595396831767e+01
8.586578552115547325e+00
1.209355990484181120e+01
2.304970112986694275e+01
3.342769256362096542e+01
1.194145423847110976e+01
2.385309137167175564e+01
2.560587904564879480e+01
2.457572875695101189e+00
2.881468974095697533e+01
1.032375043243193957e+01
2.082132903077512154e+01
3.095826982959819773e+01
5.706667860092180433e+01
3.633458126020621393e+01
2.415663592847364072e+01
1.514959545402751040e+01
2.519973685739350344e+01
8.184788135611322346e+00
1.188077774121356001e+01
1.261285277585795761e+01
1.621471650800185316e+01
1.220925920870223003e+01
2.270599771331113459e+01
7.650716541154622519e+00
5.371475007708884419e+00
6.035795603796874076e+01
2.640286343372344646e+01
6.870973148687994581e+01
7.524883558836680919e+00
4.541600186994588562e+00
3.536086692182698243e+01
1.615760927650805812e+01
1.249392376041793362e+01
6.437278627056947755e+00
4.850458499193367601e+01
1.043281839769789698e+01
8.815679146862484217e+00
1.904998848796248723e+01
7.795222169450501504e+00
9.542622799555033453e+00
8.892638511226989451e+00
1.463873857125072675e+01
1.684088176383702873e+01
1.477550344626311052e+01
1.363138766883288966e+01
1.893113535557726479e+01
1.175562315136891023e+01
1.222239377923701653e+01
1.037856151080907274e+01
1.752011127421794257e+01
1.282664275161340584e+02
1.242333920438825956e+01
1.217174463519842575e+01
7.967913376079122756e+00
4.116620177688179893e+01
4.543326503927579196e+00
5.966405109901502968e+00
2.610919304971057286e+01
4.638374191169690519e+00
1.364591417281203434e+01
1.575085385613775735e+01
8.486416459572211579e+00
3.270618863967927581e+01
4.029674161177072023e+01
1.924874730418037672e+01
7.365538259807201449e+00
8.683178254225795811e+00
1.488884612870678659e+01
3.243374238174395430e+01
3.500925963071471525e+00
2.072549132036470709e+01
8.774784341455447390e+00
2.311245835584700359e+01
2.914303190513065545e+01
1.064945706616071597e+01
2.921210228329762870e+01
9.150290607345711535e+00
6.474457205758520217e+01
3.705406549460365540e+01
3.445373872570937124e+01
8.602992460932995300e+00
2.213603094800103221e+01
6.196270798728567897e+00
2.415464103868858459e+01
3.307320289206781183e+01
8.022246830327400602e+00
1.048908221830181198e+01
8.026606722496604007e+00
1.648955681188217781e+01
1.097320662984494177e+01
4.940504964816075528e+01
5.792928615151910599e+00
6.026885595774931659e+00
9.933771650777765672e+01
4.808977684726380986e+00
1.079698387175433254e+02
1.071751323335676354e+01
1.018393529785670637e+01
7.852914303987208910e+00
9.078855573126615397e+00
7.776435418900178753e+00
9.788543596676442249e+00
2.317664034476215562e+01
2.417082396705878011e+01
4.776164573147455883e+01
3.237734204200044985e+01
1.350977876898863350e+01
4.335983648888239728e+00
7.864475409166735176e+01
1.932640978824775502e+01
5.474892239159040663e+00
1.536394094241122410e+01
1.160911649897462361e+01
1.272203909533560484e+01
2.762962430123294766e+01
1.315935892418114506e+01
4.141610348969352096e+00
2.255346709535438166e+01
8.564303913433805704e+00
7.839454850780965600e+00
1.283545053300841765e+01
1.422992467588681009e+01
2.717106153880923003e+01
1.246484265547438142e+01
1.914275969738838867e+01
4.071715318665741989e+01
4.863708908992675717e+00
6.323973388197978274e+00
1.329498401555705911e+01
3.460588452226431411e+00
5.304408285873294204e+01
4.338291306064909492e+01
1.909367252499271217e+01
1.013252728138059844e+01
6.801306024936656591e+00
2.180262679571261231e+01
4.027580682467180395e+01
1.541162234142793430e+01
3.458462784390496836e+01
5.699262001598738969e+00
8.716536265272591066e+00
8.401357097372499538e+01
4.504263025416645405e+01
5.711208653144549174e+00
3.524614199350777799e+00
6.617851237669833964e+00
3.198180446728230564e+01
1.845588370025100389e+01
4.877220037286648591e+01
1.188482465850422543e+01
1.530893075434184603e+01
1.095406475420852210e+01
5.830215579391632019e+01
5.143642776213380330e+01
2.258774907857299752e+01
2.778564354719063445e+01
1.353236742857987167e+02
8.847949778409141430e+00
2.820176278876475351e+01
3.550488777588891054e+01
2.116006912295422637e+01
2.938254067792123436e+01
1.122353109860761045e+01
1.511547038058030346e+01
6.772727598782006453e+01
1.482651607210391731e+01
9.710642546490701577e+00
1.323923312468072027e+02
5.165337623391351052e+00
9.879699529279513115e+00
1.231854675572463975e+01
9.063915411208153472e+00
1.333480453401065091e+01
7.336763812573635413e+00
4.292815234815327585e+01
2.876722582968729824e+01
1.551409131110683148e+01
3.879675584514139075e+01
2.053948480207979799e+01
9.897487288928932259e+00
6.754098099197566540e+00
3.513436404808499702e+01
2.729673060058583545e+01
1.826010763502539902e+01
1.210804373276004497e+01
6.144840737733806435e+01
3.845032708430667157e+01
2.125842791281987942e+01
7.403884121187741130e+01
6.508714986639502342e+01
4.296364782842785779e+00
1.675570874456178672e+01
3.208686553341217262e+01
2.312840275997251993e+01
7.945268919944704855e+00
9.829479728195225974e+00
1.673134732325747365e+01
1.031383650614483400e+02
4.835791161207095001e+01
4.838085679406710859e+00
1.229574078924322933e+01
1.238807585652415888e+01
1.266696403163215834e+01
5.409576767351234494e+00
2.239849128607067996e+01
6.851276370884700206e+00
1.559994161378924282e+01
1.326195860121569048e+01
9.502497405510599293e+00
8.347810742632256975e+00
1.421023256764495279e+01
1.770135312852100640e+01
5.733480463775254776e+00
1.047174121489101850e+01
1.702143774991936809e+01
3.191206925958090856e+00
2.141157708565577167e+01
5.694208475519243251e+00
1.851954218801781593e+01
4.028081663729476247e+01
6.129337859353327644e+00
1.783423738595333319e+01
5.504877780709743540e+00
3.780610806116531819e+01
1.638895819974659318e+01
5.063195471922581348e+00
3.625795253442879584e+01
1.627943931455178017e+01
6.327285924762812819e+00
7.818657543484597738e+00
1.043205204992448643e+01
3.127972190059985280e+01
6.464119220572236202e+00
1.933027403306889269e+01
1.263909385410755704e+01
3.000923643907330174e+01
9.365626233829588898e+01
6.683495734928845522e+00
1.457557645191763207e+01
2.881173694713670841e+01
1.882173045450998572e+01
9.225579285889226711e+00
1.809485405462319818e+01
3.354879055747670691e+01
