1.547180192875648252e+01
2.020665204783150770e+01
2.628244085620156767e+01
1.164983421331639590e+01
2.782738933980117935e+01
2.306627173671001785e+01
5.310562705697505947e+01
6.524649269247898076e+01
3.391955517710200496e+01
1.334620651314884299e+01
1.924951590032702597e+01
6.242821408890836210e+01
1.609906710489421400e+01
8.004261139755627141e+00
1.652862343618514984e+01
1.468407281492814320e+01
4.173709648511085391e+01
2.216320636591294502e+01
7.687398510515160410e+01
2.422021074789279638e+01
3.310062872147653223e+01
1.941343425342826379e+01
3.477498136876798185e+01
2.315832944146118066e+01
5.719483240458460216e+01
4.334781187969640825e+01
5.810261734428550540e+01
2.159733842280783023e+01
1.761360213273649578e+01
1.115087881711722417e+01
2.460067990404062144e+01
2.186792866230297605e+01
2.300937125501408076e+01
1.947137724667813785e+01
2.673541891430857120e+01
3.883405209005707093e+01
2.917199757775809488e+01
2.514621969744453622e+01
4.169410004119451685e+01
7.891295783082926896e+00
2.470255239697527827e+01
1.061703252512595697e+01
1.142061423325866798e+01
7.897410559358118576e+01
2.242656962620925754e+01
3.158559171134010768e+01
2.394056990478423330e+01
2.892914406534611516e+01
4.188708160022323312e+01
2.798426948209900189e+01
2.588166276725171144e+01
2.802036176547657931e+01
8.373452098852098402e+01
1.794119111716713277e+01
1.428057396622122610e+01
1.714477807053893343e+01
1.133524484342082772e+01
6.284904466636473330e+01
1.252175177495159275e+01
1.328441637391678043e+01
3.817997608727329606e+01
2.776720042968467084e+01
1.188724180255520508e+02
2.973126706889973292e+01
1.461870537915107349e+01
4.056090687643560955e+01
2.085700538687969186e+01
7.638922376510110190e+00
9.643825888849615779e+00
1.207593034237107332e+01
4.673863653311794053e+01
9.502172306072577612e+01
3.389927402862223715e+01
2.920578309799511629e+01
1.624478696052412019e+01
3.982403731319598705e+01
1.644313901465429950e+01
3.364556953475347711e+01
1.046053487102519775e+01
2.185899735416122880e+01
6.542143557745637494e+00
2.263290968704071915e+01
1.700726272751243329e+01
2.486581211494003085e+01
1.057906563989176263e+01
4.340884193668078694e+01
3.718017370404008037e+00
2.199631690255932170e+01
3.233215172943707216e+01
2.117420264354299420e+01
6.767747529177604804e+01
3.153429186804515183e+01
2.978177771403492358e+01
9.395884672351650480e+00
1.227037908438261837e+01
1.472449705638006279e+01
6.855800031545825846e+01
4.103537980093824444e+01
2.746954707249467376e+01
3.378036636487244948e+01
1.810364453698595355e+01
1.846937081114124979e+01
9.292729654420487151e+00
3.336006175934802798e+01
4.496460657591628518e+01
2.342771587247456466e+01
1.611556425241197843e+01
1.798021832330010028e+01
3.944378186347844206e+01
3.250960528637109093e+01
1.726889198325530117e+01
1.783578066916440363e+01
1.176266569616950974e+01
8.831467400791556344e+00
1.300744152899811823e+01
4.579418860382499190e+01
3.422140042324761566e+01
1.607138005732650754e+01
3.094410284228327157e+01
1.180562276848207404e+01
2.168166871250628702e+01
2.518976014872925262e+01
2.868144982025966527e+01
2.928734969451187453e+01
2.336896993796946020e+01
1.561039357565145735e+01
2.554894013391536234e+01
9.917485221426442621e+00
4.175154337370832991e+01
2.261222469474502006e+01
1.744410196189100759e+01
9.358692286554422424e+00
7.281185382256225580e+00
4.065072950530893792e+01
3.519687504872906203e+01
1.832964112136867030e+01
2.511526913929913007e+01
4.312043879920678080e+01
3.525204588064036670e+01
1.261994926465575588e+02
6.013337601480376549e+01
2.172788928638334482e+01
8.483664672342062119e+00
2.350900390618192048e+01
1.539901093842340352e+01
3.709556336115608133e+01
3.538443022492119638e+01
2.437438267666944824e+01
3.352142994137006582e+01
8.841576048505068286e+00
1.734498001287162339e+01
3.091961449497005532e+01
1.455112031589576915e+01
2.903125744479590153e+01
3.377070855844774400e+01
4.927738384556263895e+01
9.592604556971155105e+00
1.993120223894176490e+01
1.468206874799437855e+01
7.311273744116172679e+01
3.693136136751323306e+01
1.211578260927481132e+01
2.196856947063356102e+01
2.716504414309125437e+01
1.180271012229234984e+01
1.395299854438890463e+01
3.837978364323079461e+01
1.119329564773859964e+01
2.011474543294828976e+01
2.507405319400320565e+01
4.653933968359110196e+01
2.603329611063526272e+01
5.078982760984190037e+01
1.180121754827171188e+01
4.930315499828409287e+01
2.785530383282751998e+01
2.161248232769366240e+01
1.500843408146425872e+01
1.149120199712464263e+01
4.271935645307860341e+01
1.639406385661065713e+01
1.941099586722999604e+01
3.423668375734286684e+01
3.806941818547184386e+00
4.686770986012463425e+01
2.469122878251664233e+01
2.101124626618676317e+01
1.543137523199825267e+01
1.946329069823511304e+01
1.442473823406719546e+01
1.007223405366842783e+01
4.735516618458228777e+01
3.820480320109130190e+01
3.006739688759486029e+01
3.272830693529570567e+01
2.327617805777739335e+01
1.658322212527301431e+01
2.611015957357602701e+01
2.178690729737005682e+01
2.959900973762799481e+01
2.444513182561018994e+01
3.630392601154740362e+01
1.103956960829179224e+01
3.154058204735285287e+01
3.331604477835404055e+01
1.695933168195393037e+01
1.247502503245771166e+01
1.100527406547764286e+01
1.017070859635117230e+01
4.781294831291013736e+01
2.114809028261360879e+01
1.926786039455804200e+01
2.247241822723338345e+01
2.465513012927269543e+01
3.348907979894995890e+01
1.345113002433230420e+01
8.296771218474587783e+01
1.965432818583838070e+01
4.367096717937741346e+01
1.948388893441980940e+01
2.889356335271858711e+01
2.086677293624115492e+01
2.459817265156500810e+01
2.448960990023677908e+01
1.616029661675020535e+01
2.646520988353029225e+01
3.816453845198564210e+01
3.308433327949659741e+01
2.517721895442469915e+01
4.136429713501508587e+01
2.091779743284762105e+01
4.902482379487338449e+01
1.743783521758214761e+01
7.474719892474542604e+00
1.633736863304519460e+01
3.942847862776589096e+01
1.078363014070348669e+01
3.005252437412197253e+01
1.289164527432603435e+01
2.445913749853325214e+01
7.468016350786399471e+00
4.200430538241791822e+01
2.307807702108785719e+01
4.682191337144283239e+01
5.829535690911063739e+01
1.652104560741192785e+01
2.145750921882741835e+01
2.050637723801414580e+01
1.512191283013115495e+01
5.033266759151997860e+01
2.529471942262145490e+01
1.353802890247465385e+01
4.605455465008792970e+01
2.036190884472903662e+01
4.648905625199641634e+01
1.653804989876959652e+01
2.193190662990230066e+01
2.098637965911201420e+01
3.656473098512832820e+01
1.318623064031566550e+01
2.695596819217795570e+01
2.265427818963142315e+01
1.496831219624898068e+01
2.039504372742322147e+01
4.380724672150289933e+01
1.476152665129287911e+01
1.604683147427606116e+01
3.349809938107730289e+01
5.939585496232476203e+01
1.718601964104612279e+01
1.582378660585446539e+01
1.809290748869914012e+01
1.495491473897194190e+01
3.013531759909579577e+01
1.698267794834980293e+01
1.830144083698917612e+01
2.024894603265681425e+01
4.841873781250063047e+01
2.273418264437293956e+01
2.670700114930646052e+01
1.244587884752418105e+01
2.891020846659347754e+01
2.484186668421935806e+01
2.971319478492935673e+01
1.492611396651716227e+01
3.412752471758295769e+01
1.459534980061540921e+01
1.416354855538098967e+01
3.579924538696618441e+01
1.993144159348409161e+01
3.270224364407652473e+01
1.353071129036877096e+01
2.811693457082027692e+01
1.286019113747751064e+01
6.426090725919428337e+01
1.631438299108149792e+01
3.238771432870341016e+01
4.858631992864174975e+01
1.617953912674428096e+01
9.886368836760086154e+00
3.385714847556234730e+01
5.436985576675634491e+01
3.520091129528294971e+01
2.048100707049213653e+01
1.923566912888231073e+01
1.218499188334650540e+01
7.603251223578729423e+01
5.902966051723414154e+01
1.293889663675553336e+01
1.291613076473127819e+01
7.220409678054208413e+00
4.651820912065088010e+01
3.790481268902746592e+01
8.972850105462340764e+01
1.841730413048999537e+01
1.883137325148807761e+01
4.751295159091819187e+01
1.281764033854860330e+01
2.004229236278201398e+01
1.982354909391217745e+01
6.167467066802102771e+00
2.289449183865955462e+01
3.184198521910038693e+01
1.228903151460137266e+01
9.278489448640499404e+00
1.014587833187004051e+01
2.788772642337698926e+01
2.633753723872546004e+01
6.395238488768290708e+00
4.085613790914650423e+01
1.601761470357833161e+01
4.093386202147701169e+01
1.495181114062371108e+01
2.911908656293004327e+01
1.210187276703069337e+01
2.726197937495881973e+01
2.146526606310750296e+01
1.756912657857932913e+01
1.196401867980028833e+01
1.557958883412344520e+01
4.628427297318215494e+01
2.462096596334592391e+01
2.300429357144545861e+01
2.389399069454933411e+01
1.558438385623382771e+01
5.216714991888918718e+01
1.644114371018675058e+01
3.751841854779902974e+01
4.462730564694520297e+01
2.057721173505726142e+01
2.563075180319577839e+01
1.827520530736407878e+01
3.241529884217623447e+01
2.253938086554438058e+01
2.573617176492050618e+01
2.208918461345484374e+01
1.564917090539911904e+01
1.361987023128006591e+01
2.796855913854880882e+01
1.248213967347537157e+01
4.744478945218209276e+01
4.176766473965144399e+01
2.700654376746586749e+01
9.173220419991316987e+00
1.209156375571494557e+01
2.311391757745477094e+01
7.107050514904217131e+00
2.774142563065175793e+01
7.937675071943842475e+00
2.182462087208377000e+01
4.333539975256065269e+00
2.602336612219489353e+01
1.290373946456421450e+01
8.787429484842935068e+00
3.791621894200475396e+01
1.441110250864550579e+01
8.913736745783397453e+01
5.244897276974148781e+01
9.723513417832688077e+00
8.102182893366959959e+00
2.553711985089616121e+01
3.200277100564675692e+01
2.015287063448789695e+01
1.173269161788694603e+01
1.253636989575079852e+01
1.736774665899641690e+01
9.705258254563187137e+00
2.440110663724573214e+01
3.187489051966882059e+01
3.257371440179690580e+01
5.231299480879683728e+01
1.044675230125890586e+01
1.047346053971589868e+02
3.664280988764893721e+01
1.382832702115276291e+01
2.411223343231006311e+01
2.075832725297154724e+01
1.797755450488385520e+01
1.199849759699382190e+01
3.304069489129468451e+01
1.606701020711319572e+01
5.493629177061998803e+01
3.433600732167541736e+01
3.814575192712015195e+01
4.058170086131249121e+01
1.922049466623941782e+01
2.033720320961703720e+01
8.373486039774853396e+01
1.422428839175842086e+01
4.514751501475656426e+01
2.402577432086836851e+01
2.973600061027746477e+01
1.803875703285408605e+01
2.348374861933486457e+01
2.585960002184177853e+01
1.105502425719264181e+01
1.235825530354726354e+01
2.415972871395552346e+01
2.514301635359360887e+01
1.295757843578634194e+01
1.873713800286603259e+01
2.807560058822200943e+01
4.387804211899621443e+00
2.651721428717261375e+01
1.475427503078091540e+01
2.088587430108180598e+01
2.579703359406558860e+01
9.311958504033265172e+01
2.043229517992489264e+01
4.256264667455612027e+01
1.998728465737573856e+01
1.489888414195100097e+01
2.820748188644567023e+01
2.986762028109130540e+01
2.250279799278185777e+01
2.690759437672560139e+01
1.684842445410039602e+01
5.477317902939046235e+01
3.107149614826017370e+01
3.888688672181160655e+01
4.059089174985588500e+01
1.689243969755927921e+01
2.431918273811680109e+01
1.646987366681485554e+01
3.376358833839660178e+01
1.600373314951633574e+01
8.666145351172341194e+00
1.799783815932459063e+01
2.319557897662125612e+01
1.226335710855021688e+01
3.331362321603154442e+01
2.286023798509742733e+01
1.878258452283729696e+01
2.107992497252771358e+01
4.151756132666770327e+01
2.840640942525361368e+01
1.576186055861048096e+01
8.720484813335945162e+00
3.988865706909938069e+01
2.067680795975521946e+01
2.442876872810346356e+01
2.759501706007727151e+01
1.678009972341450506e+01
1.531976806666553692e+01
5.194930522896740399e+01
1.286230852201262387e+01
1.134428439481716566e+01
1.626208175251563404e+01
4.437738023533454879e+01
6.917576858342297896e+01
2.343752489831860686e+01
1.236917209299002707e+01
4.238108089436174453e+01
2.109918614902072420e+01
2.749991748516664813e+01
2.927948709359921864e+01
1.213004694801648142e+01
4.786401658912604162e+00
2.787505547860532573e+01
2.375015952369879813e+01
2.236911165660586676e+01
2.895131015253455331e+01
7.149616710234537820e+00
5.693264945810292410e+00
1.829241196385083867e+01
3.997223732156485454e+01
2.478207786132331591e+01
1.049919431967348871e+01
1.407433143396481334e+01
1.480026927961302974e+01
1.156904834375657387e+01
2.442880121602610188e+01
4.841141672426611109e+01
4.086181297340122853e+01
2.283229879852507338e+01
1.282043994932436348e+01
3.650956941404836442e+01
2.341931813976466259e+01
1.872349551665938705e+01
3.441497393618926992e+01
3.994623979894350896e+01
