2.371723183644125044e+01
1.547862725294637976e+01
2.171374077025923199e+01
2.330564553278894735e+01
2.315180154610179741e+01
1.118331524300089086e+01
4.337623191082764862e+01
1.396896282222681229e+01
1.222614371982135495e+01
7.063025716676614252e+01
1.866507954644813694e+01
1.466509358450759137e+01
9.944372721031687234e+00
2.899711212706694852e+01
4.056097840228686380e+01
1.034068125932086417e+02
1.232361646447033898e+01
6.341173950665244519e+01
1.138484686884433295e+01
2.630887140513443967e+01
2.731391736159005035e+01
4.489741809021666796e+01
6.161220874367039357e+01
1.870082090055605306e+01
1.192256872493230269e+01
2.767871024442179717e+01
1.377546175770344128e+01
7.016538357100413847e+00
1.989862523551878937e+01
1.621915642216859155e+01
7.264748671272950986e+00
2.178057632213676698e+01
4.718082919192116265e+01
1.451643176859161244e+01
2.139454171751567912e+01
6.476216502293156907e+01
2.136553320675315959e+01
1.571831750745127998e+01
1.425749452665989381e+01
3.332885920158162918e+01
1.469903928482546895e+01
2.239603068672980868e+01
1.997946005402840441e+01
1.049133389769791336e+01
3.333117037289273554e+01
2.180508254277030744e+01
1.497230476238465080e+01
1.957762891978157427e+01
3.034400156134323367e+01
1.435210258932210436e+01
1.339103776233120158e+01
2.109103563203948184e+01
1.358291048755626917e+01
2.695823622355539229e+01
3.998335145028206483e+01
5.013631275218238414e+01
2.715015307519675503e+01
2.855511558031228248e+01
7.721847941704416485e+01
4.921116426846732139e+01
2.757794784750435468e+01
3.461727850873380419e+01
1.785000626781382849e+01
1.520276227308889716e+01
3.659471414911988063e+01
4.772824435048406144e+01
3.263761513334630138e+01
2.928413849826293003e+01
8.106952273829277189e+00
2.106717341824867873e+01
2.379774836082005862e+01
2.671052026445894967e+01
2.458765073561897196e+01
5.128586294369037546e+01
3.341214458609523064e+01
6.698844104028702873e+01
5.669522329585857001e+00
2.294843852609881907e+01
2.571784673261986143e+01
2.055495892881143405e+01
5.238811410835407401e+01
1.985305771250464346e+01
1.562837677598717967e+01
1.832199630369429855e+01
6.692522996218076514e+01
3.874538401250909203e+01
3.792354657806394869e+01
4.522369007118787465e+01
2.172463264754669865e+01
1.670013679932739592e+01
2.962218683677327036e+01
4.403208704103453641e+01
2.876734544404940408e+01
1.499673947971172616e+01
1.288619304155269596e+01
3.828580315484845187e+01
5.331597124366688689e+01
3.910246272443707483e+01
9.208467247851913839e+01
5.116007695638465691e+00
1.055654643423935113e+01
8.421866416854509652e+00
1.195723425659116579e+01
4.971742890430218864e+01
1.770157143133232935e+01
2.534886918993176508e+01
2.289675195583327749e+01
1.437340536205241293e+01
2.372849976716977594e+01
2.818531521138198315e+01
1.380760363785641509e+01
2.954926831122724451e+01
9.650972890355236089e+00
1.815295955355874469e+01
6.041222790654938990e+01
1.871334137578966761e+01
1.611555154022679659e+01
1.839551396781109815e+01
5.123372566910166626e+01
2.533659558901988618e+01
3.424598822825879552e+01
6.091683842588322051e+01
1.179762748217348012e+01
3.759834599163573898e+01
1.261501156324081663e+01
2.185697301464402642e+01
4.219107353775842739e+01
1.595713392312256396e+01
1.061532082156400492e+01
1.676530108612463010e+01
2.340597423403927735e+01
3.255691672530083025e+01
2.454321843167633688e+01
1.387893328074308918e+01
8.499218546122341422e+01
2.121933150042709926e+01
2.423779123069142116e+01
1.836481777007556104e+01
2.479986990501751976e+01
1.159177499295359759e+01
2.665985670277416020e+01
2.632204433453080128e+01
9.425019274561730498e+00
1.750436534248851927e+01
1.765209368262444301e+01
3.535284847490466120e+01
2.054493653966869005e+01
2.353003626314734120e+01
2.373314693836012879e+01
1.431902642412630655e+01
2.197042367775641480e+01
1.958340924826294582e+01
3.611484622091204955e+01
3.019967895748621345e+01
7.909405255741533836e+01
2.436766045164229411e+01
2.731936511434522430e+01
2.078466491549009376e+01
1.456507372208865370e+01
3.100057261068679537e+01
2.315763419530060219e+01
1.560841044750021744e+01
2.119508390994334235e+01
1.703484704917054060e+01
1.882252827213391910e+01
3.277742879485176530e+01
2.231924087504489407e+01
3.099815142582235694e+01
4.358797250798076561e+01
9.764217088858419658e+00
1.598092918343381896e+01
1.262515780588838687e+01
3.055995000056272204e+01
1.385531764472851535e+01
2.075557498500048226e+01
2.005347186622170952e+01
4.295973009864299286e+01
2.588749961721028114e+01
4.051673851820265071e+01
4.901890770080789395e+01
1.293854043097028850e+01
2.680025529013325070e+01
1.737571147072643996e+01
1.100509037375163359e+02
5.026963682584234050e+01
1.933292061928946737e+01
1.255089208345803442e+01
2.894838809574165595e+01
5.394037594683146608e+01
1.738046402559248804e+01
3.800556655643298853e+01
2.255868497474143552e+01
1.783699751154801660e+01
3.009567098832413734e+01
3.132088403953592959e+01
2.144933628411121873e+01
1.472710078713407711e+01
2.257914831534837674e+01
2.431330409543692639e+01
1.079355697354953847e+01
1.896024834031803508e+01
1.948375192457380578e+01
1.667015979557851324e+01
3.503476841417269583e+01
4.000487100602875756e+01
3.008403130900734013e+01
2.554577920851371786e+01
1.838155152540553061e+01
7.950587149933479481e+00
2.880253109635208375e+01
4.972756442875501648e+01
2.100859075164348866e+01
8.719676163491911325e+01
1.615620571055787025e+01
1.951616456016812151e+01
1.263441127771265116e+01
1.668394623261236376e+01
2.843989291668021835e+01
5.206717528209252066e+01
2.302048698943613658e+01
1.893218622162875775e+01
1.164924393751690523e+01
1.056684850546706933e+01
1.690554018787413426e+01
2.724373617342347131e+01
2.674923023060443228e+01
8.065658570144535133e+00
3.042908237926791060e+01
2.083742387083622560e+01
1.019919813105271089e+01
1.690322816422618857e+01
6.224571608137262757e+01
3.004212464092116974e+01
3.492840250494258925e+01
1.500827012835202545e+01
2.090631546675065522e+01
1.305775020081553173e+01
3.688837380176224201e+01
1.766358852609585739e+01
9.992459506999498586e+00
2.099538547541874678e+01
2.463046757582795365e+01
3.053650420715159441e+01
1.463358676679620096e+01
1.224288598748259105e+01
2.616783505933783260e+01
2.280857835104853137e+01
6.296410950550916041e+00
3.456128534102125371e+01
4.545192313400603723e+01
5.633790766005740913e+00
1.030051393478444055e+02
2.738493014221647570e+01
1.261055416777292137e+01
1.489242772216845800e+01
3.871971752197336514e+01
1.493028853539717282e+01
1.247142685651285454e+01
3.851587211420220314e+01
3.380170598005912552e+01
1.648547161558585827e+01
1.760963642710219190e+01
2.129548321633280139e+01
1.681211024910214746e+01
1.555486958949454390e+01
1.345852682899934649e+01
1.384069351627493027e+01
1.277609605113741154e+01
3.808844480433253210e+01
2.130855115627653262e+01
1.744315552841425188e+01
5.456446539425103737e+01
2.776231415873500552e+01
1.384385289048913137e+01
2.685606191743616122e+01
2.282986483381598219e+01
3.109085785704580829e+01
6.459370870255066954e+00
4.269997966098263475e+01
7.267104019843476870e+00
4.846683892044419650e+01
1.397817937093040719e+01
2.146845684262449083e+01
1.947481024082789247e+01
2.278385979676124862e+01
1.962388540521474312e+01
1.269602900485299379e+01
1.643599807976486460e+01
3.040023568249261032e+01
3.384581921381420244e+01
1.503985526477955048e+01
2.587485882979418150e+01
5.327365927745999841e+01
2.885487642107676010e+01
4.785695735682411112e+01
1.108588088519631221e+01
1.834754671438227902e+01
4.417994022724795400e+01
2.158289835289824765e+01
2.170441587064298261e+01
1.876717462323046703e+01
1.699095083505132209e+01
2.013351460661583303e+01
2.581273004123984549e+01
2.259887268924729398e+01
1.543939857484329714e+01
1.259300289058923994e+01
3.163428411887220904e+01
2.290286421309281195e+01
1.769938251930968676e+01
7.238518566584504654e+00
6.864565436034961010e+01
1.591938505494244183e+01
1.675209542913681915e+01
5.380393115008760674e+01
1.675754177393012512e+01
6.972361171342404518e+00
1.636920903993005183e+01
9.971105401005520719e+01
2.655637397473352834e+01
6.033810982965374770e+00
2.109933672728974585e+01
3.643569807273433980e+01
2.232818522675395201e+01
1.106797601431205358e+01
9.031163338312115485e+00
4.222302179759729057e+01
3.685013801660993238e+01
5.321311341471239587e+01
1.577346420717516473e+01
5.771455728876676261e+01
2.309614809243898392e+01
2.710233073633497369e+01
1.644671571253456932e+01
1.113898664442484829e+02
1.068024251939671032e+01
3.303671877606553409e+01
9.815162114310309605e+00
5.459038177090805632e+00
1.591120576945036902e+01
4.226438735391952406e+01
3.239564029840627057e+01
1.649612585319551172e+01
3.826658649368357601e+01
2.693127558005775768e+01
2.571702441829595642e+01
3.129205002552964743e+01
2.268896972095102527e+01
3.325980346255916942e+01
6.385023368884534811e+00
1.249661249900718296e+01
1.254532444119226220e+01
2.133740383042385247e+01
4.697856575059587314e+00
2.566397850416938553e+01
4.012340823748743190e+01
3.694663882056250515e+01
1.775632997589980988e+01
2.495653852056429400e+01
1.457902009092989637e+01
2.602277675220637931e+01
1.188606091385520003e+01
8.202649472857949320e+01
1.189469806971313659e+01
5.709489197583450704e+01
2.774745452776536325e+01
4.163765351708709517e+01
2.422150460589329413e+01
1.095012707511224193e+01
1.037653894983703573e+01
1.599037619785471875e+01
2.627153900204812231e+01
1.003998969813327591e+01
6.063483510405399102e+01
1.187783043334800936e+01
2.266760885583853735e+01
2.042362566260286272e+01
3.524411356315611243e+01
3.368074311856270242e+01
3.100944551846551178e+01
1.136987023170703814e+01
2.318635227295888868e+01
2.303050134331370202e+01
1.869972724885526461e+01
1.800184980319483330e+01
4.393196507742983670e+01
1.756414860911743503e+01
3.209007751767934025e+01
1.642846477764208402e+01
1.284606782929916058e+01
2.528383259783379700e+01
1.220652531302718380e+01
1.397131668297147655e+01
3.916889371175388845e+01
3.151040740886226033e+01
2.329742060459886233e+01
2.450986644074485099e+01
2.872572527832576839e+01
1.560065913004122606e+01
5.366562726168223207e+01
1.221580918066515231e+01
3.304405245368894128e+01
1.133217744229790469e+01
1.530112243873052691e+01
1.165927421396093067e+01
4.709250925110823260e+01
9.205418417844391854e+00
2.860219974836657997e+01
1.490561601276154313e+01
5.570142968711808606e+01
1.684504055328235594e+01
4.005238861373140935e+01
1.849575691024094581e+01
2.237887722383552713e+01
3.344605737032344450e+01
3.634088602958389203e+01
2.191648253152631654e+01
3.058651231207750953e+01
2.346378007329822424e+01
1.780024973911298858e+01
1.672528298427750926e+01
1.610403851621896720e+01
3.127614239732396229e+01
4.964346960097979888e+01
1.597424590308196457e+01
9.240867101419286911e+00
2.716890605497372491e+01
1.234284017526943522e+01
6.138565226226327809e+01
1.711685059013673893e+01
1.961035487346614659e+01
1.606686705020267070e+01
6.915862972897615180e+01
1.782806057048726345e+01
1.262966885005941187e+01
4.574542141022840269e+01
3.100920258116127570e+01
3.227548888369546631e+01
2.957573771268697271e+01
4.572746738357321306e+01
1.540687707800577400e+01
2.193500251956325542e+01
3.961783811313422632e+01
3.187024883232934869e+01
1.158978574653886362e+01
6.118994637058944974e+00
2.152593565561344491e+01
9.689940946373511110e+00
1.043143545755131818e+01
3.754896200238285786e+01
1.640795134562775814e+01
1.738084448164692475e+01
1.203490886321265307e+01
4.125434446173807856e+01
5.283372639556588979e+01
2.820152570553303306e+01
1.202590247292933689e+01
3.036135584561088763e+01
2.672558012299270658e+01
1.829477974807735308e+01
3.048336547638129446e+01
1.753496343694073545e+01
1.063431386924203714e+01
4.398105608830052660e+01
1.468282383234229371e+01
1.384127221804737573e+01
4.624017245594616909e+00
2.901212029621724398e+01
6.146803760198513800e+01
2.613925243120888098e+01
3.656501507888417990e+01
7.534241048173825561e+00
4.718903524513184067e+01
5.216161432436767598e+01
9.373067215355399995e+00
2.345129900197079564e+01
1.088540300201753119e+01
7.356927805769426953e+00
1.502706783598204332e+01
7.349888506806436794e+00
3.919743647900397576e+01
2.609437645098050140e+01
1.343762973874105882e+01
3.663195507298792819e+01
1.204281004579611292e+01
1.880188046045328676e+01
5.639456605878946149e+00
9.981576113151682250e+00
1.386117159827321821e+01
3.211285683441408878e+01
7.565751757882929418e+00
3.371886856611718031e+01
3.331870173685743453e+01
2.436154349541001451e+01
2.915346115028273033e+01
1.529392934966891637e+01
2.069050939814252388e+01
2.785185396442042816e+01
1.593787339325139030e+01
7.045243053847240589e+00
3.163900058179770980e+01
