2.294297946350909712e+01
2.586929576276332199e+01
1.805880335687882976e+01
3.396377203888714291e+01
4.949426394636015658e+01
2.679362158960180551e+01
2.128249883523366393e+01
1.725404794284845877e+01
1.941994217247515309e+01
1.970377111858994112e+01
2.954886629910224016e+01
2.554458394832064627e+01
1.234315884678903252e+01
2.183492087178846930e+01
1.020862216239339126e+01
7.107368275583196393e+00
2.690363878992038593e+01
1.444492790817284877e+01
6.161665900617603597e+01
3.180024880277094823e+01
2.332964790724832937e+01
1.908682901518238850e+01
3.158598630120218687e+01
2.169085590211771475e+01
7.067212038324654166e+00
1.138998284103244885e+01
1.033290491830317137e+01
6.790971781506998184e+01
7.532568285265180918e+01
4.588888391563806834e+01
8.486679574704467655e+01
5.123946463112680050e+01
3.072464579619386171e+01
2.340921306671760860e+01
2.363551204904642233e+01
1.455523528039656078e+01
1.471494674654380574e+01
1.858169673262197463e+01
4.481992823766884904e+00
2.723362688690118105e+01
2.987120296352743409e+01
1.495117670006245447e+01
2.690398142622922961e+01
2.597000761223744547e+01
7.912552066836842357e+01
4.042004382182663136e+01
5.613085479507524411e+01
2.001655824306020293e+01
1.120651208586436631e+01
4.764000128988301697e+01
2.999865517737774923e+01
2.907568752287644287e+01
1.668209766543573025e+01
8.946586403947845767e+00
5.429312209864641403e+01
7.269410468407671999e+01
2.618560154130344486e+01
8.802385873014138440e+00
4.193381292047030229e+01
2.333178706182266282e+01
2.578278394600378221e+01
6.842629593087303874e+01
1.030266449022694708e+01
6.708864530606501830e+01
1.159642341484295791e+01
2.539716471443873047e+01
2.823877785711271926e+01
4.165270956593120388e+01
2.186422314941827949e+01
1.863991678334890523e+01
2.643114058920879472e+01
2.254998966374374092e+01
1.614999738987041411e+01
2.059926448900390028e+01
1.609429335946456874e+01
3.492240642877443690e+01
5.126689272714848755e+01
2.149407921989374870e+01
1.346594878309874055e+01
1.675972664494274866e+01
2.236455789345018985e+01
2.606052555181173602e+01
1.810816048801887845e+01
2.559658513187988049e+01
1.124849091478377616e+01
3.267052236637358931e+01
1.527520570284334411e+01
3.327040727802995690e+01
1.776836208861185540e+01
1.545553124944059675e+01
2.125047862099363272e+01
1.976283532399535758e+01
7.428420837321785264e+00
2.414354728824421059e+01
1.644374871645154812e+01
1.493424775154282713e+01
1.065483518042894673e+01
3.198638260174467973e+01
1.490884210157856593e+01
8.273159545628189449e+00
1.085043200588701851e+01
1.275682362657702811e+02
6.950728072698655780e+00
2.888872749656023586e+01
2.745966063890731235e+01
3.278079574535460239e+01
8.451899891399523312e+01
2.840302123103477427e+01
1.090079567936700577e+01
1.244644722765745541e+02
2.496546113746547491e+01
1.557510986291456945e+01
1.882362910598529382e+01
2.434652555652757755e+01
2.720344681161680356e+01
2.978457766583676758e+01
1.527073512417432255e+01
3.179870375457512921e+01
2.306986705283760930e+00
2.206891883248878372e+01
5.103142416909845025e+01
1.922026008783272388e+01
5.132492176039046683e+01
2.016740158839372299e+01
2.483524131271002489e+01
3.189862374717967342e+01
7.788608284203054666e+01
1.318804435591408541e+01
2.299844837401743902e+01
3.770858381681487970e+01
8.343925208803490534e+00
1.233397624912446133e+01
3.139449321219997557e+01
1.604724770520311594e+01
1.066043436737740535e+01
2.188148201324996833e+01
2.177032584394556736e+01
5.793162640529771323e+01
1.122444990510683382e+01
2.043728397495131333e+01
3.394364623403746606e+01
1.049371379844164309e+01
1.267005717066834869e+01
2.981948008346692447e+01
1.027363570550481420e+01
1.786012589499777548e+01
2.422577845356321546e+01
2.782296574861891258e+01
3.877805716869523422e+01
1.737640934216391742e+01
9.508270861605453206e+00
1.738740696454146573e+01
1.239415771310449621e+01
1.967624377668408187e+01
1.909986862971588195e+01
1.946025744340010633e+01
1.316909885244453626e+01
6.802965274074116664e+00
3.473775266225652558e+01
4.397401229646264653e+01
1.523734324858124722e+01
2.909493084091726089e+01
2.185346680755849746e+01
2.257736767361502217e+01
2.688611064893258273e+01
1.587603454300954375e+01
1.905703036361054004e+01
2.155852984041210263e+01
2.140697713133359770e+01
2.409404487880621559e+01
2.749542993528405788e+01
4.247155119809358581e+01
1.917693628764152436e+01
2.630831546609027782e+01
2.074613591858537021e+01
1.987956711601452398e+01
1.953743158392756740e+01
1.546459292802120089e+01
2.441183554693543201e+01
5.036402089753852351e+01
1.480854668114258743e+01
7.892615882939775673e+00
2.494663941325230994e+01
2.712003402294240928e+01
3.837768181740587892e+01
8.894422058436276757e+00
1.374365218515574760e+01
9.850334038819555715e+00
3.671289120325162969e+01
3.862581342445992760e+01
3.869427585832247729e+01
5.125447145308910990e+01
1.543727161845490592e+01
3.137517964520982261e+01
3.797684993223237626e+01
6.138338080218801451e+01
1.597045462562993912e+01
2.856353648332645179e+01
6.812633690069641546e+01
8.942985585466175280e+00
1.179154580813570696e+01
6.529782833774575579e+00
1.203063918778345354e+01
1.634120668049051872e+01
1.212465460861838018e+01
2.184418145828301761e+01
1.244846595371302733e+01
4.951243645307580010e+01
2.114607013089441878e+01
2.361021945072408812e+01
7.641676472852665825e+01
2.385712006266287588e+01
1.757928678947735079e+01
1.693736279643141174e+01
1.873444315659009263e+01
3.076535908372150985e+01
5.018713768479830151e+01
6.425366819991539025e+00
3.600516461849682770e+01
2.689598198101243298e+01
1.886248951319138456e+01
2.123513033446211296e+01
2.551880414200059732e+01
2.090433951618873820e+01
7.069631964704152338e+00
3.047625353783309166e+01
4.150616293702844217e+01
4.144293777526400646e+01
1.192590437161523909e+01
2.199341113851489382e+01
5.118298055860510232e+01
3.784000241198749848e+01
3.658471778944113595e+01
5.069266100846177636e+01
1.011961374141999848e+01
2.573735498902702545e+01
1.846303209042391202e+01
1.221038176890316329e+01
2.225359177582832615e+01
3.060224745530693369e+01
1.404109614139995266e+01
2.776870453973722519e+01
8.439163940217484949e+00
2.534198622266629286e+01
2.540738997553144785e+01
5.230074161801675103e+01
2.635606083957473800e+01
3.751630205054892286e+01
2.205791280932377774e+01
3.941479599583739457e+01
3.190837845935622852e+01
5.592293971206125036e+01
7.643567532326462022e+00
4.301852716991412251e+01
6.642274639863025243e+01
1.188818403503549348e+01
2.971853737614920377e+01
2.271180219564479685e+01
2.932037497508238744e+01
2.680069620525177143e+01
4.993375450646811942e+01
2.848891578994593488e+01
1.202880083978612014e+01
1.186720901237547743e+01
4.786655450430828296e+01
1.914315853363920894e+01
5.192986480338743860e+01
1.938473972476760920e+01
1.160476450182139629e+01
2.933955924963455786e+01
1.407174204104867421e+01
2.352152210998268345e+01
1.181024862935543140e+01
1.606219308835826709e+01
7.332160672476432239e+01
1.970183648381554420e+01
9.930695651319288331e+00
1.864929867789500051e+01
2.816177746032109042e+01
2.372204549921172045e+01
6.330772283455734595e+01
2.265172273557257299e+01
3.556722909821787226e+01
3.582588657931948006e+01
1.935596244127139443e+01
5.344160854592544041e+01
1.634483112363566093e+01
1.133288480331103010e+01
4.285232070184345332e+01
2.843002056088913676e+01
1.752137595269477899e+01
2.004840008135135676e+01
5.214763192455080087e+01
1.537539615722811703e+01
2.519232090283570002e+01
2.038104837230179456e+01
2.780850299490365884e+01
1.175287995110741335e+01
3.152988976634730278e+01
2.008224255487278853e+01
2.152853851467505564e+01
1.815437260678946174e+01
1.226365133627171922e+01
9.848597669339355321e+00
3.865665267481306699e+01
1.517704774307009963e+01
3.760385869102545797e+01
2.289869744119310724e+01
1.112723128132208217e+01
2.065228030672076187e+01
5.899826840840732700e+01
2.104720005655479653e+01
1.811977369809033789e+01
3.844798302356984721e+01
2.382221725584019367e+01
8.968597311409968142e+01
5.991765235682708024e+00
1.597544582784983369e+01
9.969553527919746472e+00
1.768198107981924494e+01
2.218332454414396082e+01
1.432116168196738570e+01
1.186936753003461220e+01
2.646007628108324639e+01
1.420724247766207604e+01
1.616630387237754363e+01
1.593348996475225121e+01
2.175420110133895335e+01
3.741105963263437673e+01
2.486342889705018777e+01
4.167156843591197912e+01
7.096733878687940589e+00
1.271466425298798519e+01
1.704005658632171816e+01
2.300568373504099640e+01
2.131590805315343573e+01
9.535231733621888139e+00
1.364179201061109481e+01
4.581482571128636749e+01
1.063805684189205003e+01
9.160664471434255773e+00
3.532350564321245656e+01
6.268409301643368536e+01
2.200543047470822700e+01
1.943218969592911805e+01
1.034907497912859142e+01
1.117009980094047172e+01
4.417491887715560495e+01
2.952915018624336696e+01
8.549084055549492689e+00
5.177035091338314032e+01
6.004446923353385301e+01
3.401461156841155287e+01
3.639376997370162314e+01
3.538526679468333214e+01
2.386354478314618888e+01
1.551993768620582159e+01
3.591634834407597765e+01
1.099813115399511609e+01
5.279852132127106046e+01
2.953121751085231139e+01
1.312368962086670443e+01
3.139047976305282361e+01
3.257514390809312488e+01
2.801433768985422645e+01
1.012289356205585378e+01
5.007912335155307915e+01
1.985698760022891562e+01
2.004158998568152228e+01
5.515908682651704709e+01
5.956415361346246584e+01
1.214562650381517450e+01
2.440098307832268887e+01
3.103390181421700333e+01
2.742067056732853558e+01
2.564911877808421181e+01
1.608462763402809514e+01
3.585581232157797160e+01
1.714400063000243435e+01
5.889306396534904309e+01
1.475928161300063834e+01
9.621277144192665887e+00
2.102597411385624682e+01
5.064782535829488097e+01
4.536483945729122524e+01
2.292155775928459605e+01
2.671109414935646242e+01
1.292962030584148536e+01
3.363969340360797133e+01
6.322762604498072925e+00
1.183307466105498129e+01
2.113508225456849132e+01
1.778740452220996815e+01
3.261868617983085983e+01
5.486575264013929853e+01
1.073648924930172122e+01
4.212184784746557398e+01
2.094214554640652182e+01
3.326544552729554027e+01
9.122572451981966424e+00
9.651645681293441470e+00
2.138184890662684978e+01
7.021108188580522835e+01
3.240184105536638981e+01
1.498434490782460493e+01
2.446691242423359824e+01
2.563330692258079679e+01
4.311782971602693948e+01
7.913491915138442323e+01
1.224349212147031452e+01
4.107240423191879586e+01
1.616454468728403526e+01
1.862143825532242758e+01
5.154816248981081372e+01
1.993863937460443125e+01
1.477578855964221560e+01
2.559870617379295155e+01
2.020704287736380778e+01
1.412396918442813210e+01
3.484129054463159747e+01
2.593010294210738920e+01
7.520535939297532835e+00
2.659154640741773434e+01
1.455197049404340426e+01
2.614656193431661180e+01
7.128612042284710526e+01
4.148019921226573814e+01
5.908665157545713953e+01
2.055347546304942341e+01
4.609246512561320941e+01
1.775325822856856561e+01
3.920996633956431765e+01
6.190601010753964317e+01
1.583966415393709681e+01
1.564304779546847968e+01
3.456078431343348001e+01
8.345468103042168906e+00
1.875205682986238287e+01
2.952635640465829070e+01
7.010894829144161733e+00
4.461324648189765441e+01
1.368984096941057871e+01
2.339405346584977963e+01
7.020325503409938328e+00
1.562150747397646633e+01
4.354187512044106967e+01
1.543562788863400215e+01
1.795554793037365116e+01
1.532537353511392553e+01
9.601006708318839955e+00
1.599477125854040516e+01
1.468176957704222119e+01
4.125289498526409915e+01
4.907367047116437675e+01
2.198475363214178557e+01
4.744310981632597191e+01
2.612194374664416330e+01
2.789339378637176381e+01
2.255540192352297169e+01
1.451042979162663116e+01
1.793811839322158974e+01
9.555505592660008318e+00
1.139168745283717854e+01
1.216506536648853221e+01
3.174419846233533704e+01
2.727042006755043246e+01
1.945013025182021593e+01
4.459934829026059333e+01
4.966727804079098263e+01
3.071496360743925180e+01
1.640619197987086153e+01
1.022104556863415326e+01
5.076819372173448919e+00
1.511635713434851169e+01
1.676770729947393335e+01
3.962810846498319961e+01
8.620974158460901648e+00
3.099778650890124965e+01
1.466468407005578101e+01
1.272469312178032652e+01
1.787864169638836032e+01
3.172385489790440616e+01
1.637381494958943762e+01
1.242193556382375874e+01
2.487500771443825442e+01
3.473538245905643151e+01
1.833239808729914344e+01
2.285295692089357544e+01
9.843217670583452872e+00
1.992606681515856337e+01
9.272822242499882961e+00
2.114998897711566883e+01
7.808756463123504687e+00
1.259445421582784164e+01
5.401887667530169068e+01
4.765346818102150195e+01
3.677185040003697480e+01
3.121865641734375885e+01
3.903932752219269986e+01
1.821294644234087912e+01
1.998105690495044584e+01
