2.271679784384757284e+01
2.982212038682234834e+01
1.498263042376668430e+01
3.375322558986331956e+01
1.941214156538177349e+01
1.092515328676844355e+01
3.418486888492285658e+01
2.949719720623463459e+01
6.792641121241859992e+01
1.766691478428249695e+01
3.532556086617377389e+01
2.000430997299485014e+01
1.251154011488718787e+01
1.768707802325225487e+01
3.098673577535289425e+01
2.023548888755719588e+01
1.378124459772206833e+01
3.388072714350154513e+01
1.840811595274722023e+01
1.997729518428416995e+01
9.615178693309042401e+00
4.212702455514809685e+01
5.878139893621484902e+01
2.660986566363316186e+01
3.942258105458703366e+00
3.837180477459017425e+01
1.579967403228230260e+01
3.755505354057391543e+01
2.021409657016838324e+01
1.859398399566585525e+01
1.648329702635528093e+01
5.150612469987169817e+01
2.157288397149749315e+01
1.998876812523505109e+01
2.528097848033273465e+01
1.795735239724377053e+01
8.849683551863821052e+00
1.225706436146362499e+01
1.570459326146436396e+01
1.955680271089908473e+01
1.956685066764936209e+01
4.671633074552949694e+01
2.705171000596766007e+01
3.334753262349925507e+01
2.535095899464596059e+01
1.608097549541574267e+01
1.922336888632394292e+01
1.475947939425999600e+01
4.571658298319449187e+01
5.754378768228772856e+01
2.846251559488871408e+01
1.408307440955140066e+01
1.143233033719649683e+01
2.939590127165742572e+01
4.357622445092590624e+01
1.342490815888051969e+01
1.348947371183441390e+01
1.186053001502662596e+01
2.162614407539586736e+01
1.244966802368880288e+01
3.229637447476170564e+01
6.972401152073003594e+00
3.010049494382440471e+01
4.539807557634228630e+01
2.319728371648082543e+01
1.740259517963496094e+01
1.703745388528062321e+01
1.611279260475351549e+01
1.226771892647266071e+01
2.904179004519773599e+01
2.410008022994094645e+01
1.444851284111479295e+01
9.785670205760448326e+00
1.558639313663306325e+01
1.467668812870589790e+01
1.784800462786889952e+01
1.523992964437363185e+01
6.508545208884251565e+01
1.280816896910766189e+01
2.327739533108081815e+01
6.990528549804557201e+01
2.005896029153238302e+01
5.304288487638500982e+01
3.660523830905176368e+01
3.710518622430251412e+01
4.988876919218322570e+01
2.234335877389920455e+01
1.865344749705950633e+01
2.121021748558506914e+01
8.714073201541994607e+00
3.525357741073656825e+01
2.325260003101773520e+01
3.035361036711372407e+01
2.971240813997451014e+01
1.689963651137703948e+01
1.599874334180845636e+01
1.925654340208585324e+01
3.397212361794191793e+01
4.236037725280117172e+01
4.623205804582775613e+01
1.162934294468811025e+01
1.734566458260297139e+01
1.868120841617392358e+01
1.868947673139552634e+01
2.442357049206152908e+01
1.829615404890837382e+01
1.400885363764634484e+01
3.383120036720599444e+01
1.049776443985779650e+01
3.195428808003016385e+01
3.367618752270401217e+01
3.278904793010951835e+01
1.270388157436216581e+01
4.233228554026513279e+01
1.014292046927903179e+01
6.534434135579536473e+01
4.852894483036898521e+01
1.026396013718825984e+01
2.055239845757477113e+01
1.735352432940402423e+01
2.394782478278366256e+01
1.471738269575361358e+01
2.848401689658390268e+01
1.692555774106956079e+01
4.008515681818492737e+01
5.284677891209556577e+01
1.676431538827912249e+01
2.510811834690321120e+01
1.494878313926388103e+01
3.667724490164473394e+01
6.646203767015734343e+01
1.881729239697950362e+01
1.872414572775208086e+01
7.263310668496881561e+00
3.446960431902355282e+01
2.564837766000723462e+01
1.469201195712426156e+01
1.584110193539652656e+01
3.787912634039805937e+01
2.479352274282656055e+01
2.094605148918595461e+01
2.282733402029874270e+01
2.849592281204254363e+01
1.192653896024790683e+01
2.648070676778606014e+01
2.022798342028965024e+01
3.534229306256045078e+01
2.022455335158982237e+01
2.622540340505776868e+01
1.994036066252829897e+01
9.936808824603595269e+00
3.876582371958724593e+01
7.554027372307999144e+00
3.759163461707726839e+01
1.686289418211301339e+01
1.698177816133315687e+01
2.300920395831192877e+01
2.307269460770486802e+01
4.843831282127260351e+01
2.772816304884139882e+01
1.658951996566679910e+01
1.574741168679338443e+01
3.845165877507263730e+01
9.418489245424714440e+00
2.453389144485929307e+01
3.158584632038190421e+01
4.336060083253448738e+01
2.331248236103829186e+01
1.299803841197274146e+01
2.196989887618787307e+01
1.633518266466953506e+01
2.031390240602685182e+01
7.414540836003386204e+00
2.254312378645394688e+01
8.640305096864960177e+00
2.615672829771812147e+01
1.877202451101384284e+01
3.033431462278701574e+01
2.899339813618055217e+01
4.911804235361657334e+01
3.803518298469330716e+01
2.764428052212732823e+01
2.526129020945114334e+01
1.762271277313515938e+01
4.601933600685965686e+00
2.448734290752191356e+01
4.532282253124554927e+01
1.998252314868234691e+01
6.537094018931826156e+01
1.220582433327754579e+01
4.385265835394786649e+00
1.650593292360027675e+01
1.168698513292631134e+02
5.673922175581730443e+01
7.180290201337561484e+01
5.580967084831373626e+01
1.666544141434480508e+01
5.663899805999674442e+01
1.079375209556610038e+01
1.533094477154378055e+01
2.465253872722580653e+01
3.493328985235758921e+01
1.593357331576990887e+01
6.039356548318192353e+01
1.636360909688551857e+01
4.794380438269197242e+00
3.601007123606537164e+01
7.834256380815497245e+00
7.504396835396966026e+01
9.764722806715182912e+01
1.293536004896175307e+01
3.297894237311326293e+01
3.952642158328680377e+00
2.243021698855282509e+01
7.322637329020122365e+01
2.921611295871542424e+01
1.262460704386221622e+01
2.950181011403043385e+01
7.622407494123996763e+00
3.242194557021371537e+01
7.712115835474053327e+00
1.420226130368838824e+01
2.680034794613923665e+01
2.263436535514352244e+01
4.571817874471655330e+01
3.103851920285730870e+01
1.100924840010638306e+01
2.349072064143472360e+01
6.224414030252470553e+01
4.069500335880027464e+00
4.111671933209883179e+01
1.532901648420623530e+01
3.268686284424786948e+01
4.202892836184169312e+01
1.107747111134884044e+01
2.123418343853444767e+01
1.557465093844564841e+01
4.163556785165047813e+01
1.776062721222552909e+01
8.858445801985155299e+00
5.311831740113900935e+01
1.140149609457183288e+01
1.733430970432836205e+01
8.752867510620502500e+00
2.967446513006356668e+01
4.099372124816313345e+01
4.921404749881245522e+01
1.791105919546749448e+01
4.471871293367453148e+01
1.976420457444680423e+01
2.099631104481401778e+01
1.791771147220209670e+01
2.674836323609532229e+01
4.393870789910156560e+01
1.998318266747526906e+01
4.307345787455744812e+01
3.478988421053867341e+01
1.517452064471158124e+01
8.938227463350358448e+00
1.494983926668929719e+01
1.527229375873438322e+01
1.377357323101170650e+01
6.251375349824809291e+01
9.324865400296160090e+01
2.334398074632954234e+01
1.268500906296498343e+01
9.942498429183153519e+00
7.088121808994299222e+00
2.256718144481744304e+01
1.533808551477652671e+01
1.969125597473082578e+01
2.462548766252113808e+01
1.580312748824856683e+01
4.245267052255968565e+01
3.568228854598735467e+01
1.617220502802889115e+01
4.530640238122317243e+01
1.180955244358777989e+01
2.998022385870530115e+01
1.523894138394674513e+01
2.216242055145256984e+01
2.387716209168385006e+01
1.022430308033755253e+01
2.690236909840147206e+01
8.735352201149007456e+00
2.491210476536912921e+01
2.062387300926953415e+01
3.389824097055719676e+01
1.843192504048834124e+01
2.247702907876005085e+01
4.591305532579363557e+01
7.243854718079449917e+00
7.771166471122467101e+01
1.341132947635803419e+01
3.716236032726177285e+01
7.940944245442103977e+00
8.134388527258838764e+00
2.002830749082760420e+01
3.562834618863845293e+01
3.898957599671421548e+01
1.541682538006123160e+01
8.197383594596278300e+00
3.074171593583729845e+01
1.172055057928790056e+01
3.160692090350175221e+01
1.052539537902004696e+01
1.137079032900123465e+01
4.398815720551014330e+00
1.173645991980826153e+01
3.230460718856978986e+01
1.708811511283802176e+01
2.110685096010318773e+01
3.331279331038473401e+01
2.208313563931443824e+01
2.253687011106304539e+01
1.976565688474087068e+01
2.062594369481543666e+01
4.999446932620366368e+01
4.111387210762501354e+01
1.642233173006094660e+01
1.877017391151503034e+01
3.217482899126157747e+01
1.214100208783034596e+01
2.814199632007011687e+01
6.434570626023059958e+01
9.364818969960797546e+00
1.456467241800607049e+01
2.533141533275818702e+01
2.346445232914278378e+01
1.188515969260383009e+01
7.357016640280804154e+01
1.539875463111060228e+01
3.268256824526233828e+01
2.235795109868508135e+01
2.370362164684593864e+01
1.780635178758022619e+01
2.475413733480456457e+01
1.892484158994249199e+01
1.242632513537517980e+01
1.210370402742255536e+01
2.101522627797582032e+01
8.010551010676037365e+00
2.087010126724501191e+01
1.136914748170759637e+01
1.498681146091620064e+01
2.674581416971826542e+01
3.357434511076341010e+01
3.127009768877409357e+01
2.375794393410971139e+01
4.652952438801532509e+01
1.636628917815153628e+01
3.511049268167704440e+01
4.596343270642380219e+01
5.527610645699321879e+01
2.249331166253959680e+01
5.168003605461549910e+01
4.859498658601751941e+01
1.261097976707724833e+01
4.646928621188671116e+01
1.213808940196969388e+01
2.652239086707368187e+01
1.415609051966295517e+01
2.949759123663920590e+01
3.609391502475715185e+01
1.401622179547808145e+01
1.873468605092055128e+01
1.742213112371149109e+01
1.858503515285748264e+01
2.601986462615478857e+01
2.248742898261999557e+01
7.575070919110730827e+00
2.611544055792746377e+01
8.367783798172203191e+00
1.831983578359567844e+01
3.625906726667150792e+01
2.096964248910936490e+01
3.421488703204678927e+01
6.161829955989636431e+01
1.609372269047829107e+01
1.091215323982538798e+01
2.687295415552373967e+01
3.226513016855956550e+01
4.124886235064291640e+01
3.062560734039800536e+01
1.162593791280522382e+01
2.259518094554146117e+01
1.447164818603426184e+01
3.690373383044322964e+01
1.080452519333528727e+01
4.771051689642398941e+01
3.941346328518145725e+01
2.928172197416220612e+01
1.804852443728660916e+01
5.207989837776876385e+01
2.353528313594095422e+01
3.313034165477272097e+01
2.711700458707882788e+01
4.368551189256903200e+01
1.170230056934803820e+01
2.935531315153154353e+01
3.184322641412240529e+01
1.997402050014190422e+01
1.036308706502740762e+01
7.890790264376693841e+00
2.899319124627775324e+01
1.255301867010747863e+01
1.830597053230399140e+01
2.897760433789093071e+01
1.985130274021586416e+01
1.376914662009788159e+01
2.471833303178118868e+01
4.481897229677915107e+01
2.373969155516275720e+01
1.875626238138615065e+01
4.433848142112510970e+01
5.193441825316624971e+01
1.006822079942137016e+01
1.981475127178996587e+01
1.884419454562357998e+01
1.030704900719648265e+01
1.842305929539771725e+01
2.857525534826369906e+01
2.746519045449867846e+01
3.342740160903645830e+01
1.228391602718787645e+01
1.972238427160262475e+01
2.561702071564198135e+01
3.108917464307410583e+01
3.926300213384521953e+00
2.540908033729879634e+01
3.504389778427013624e+01
3.809599422423901416e+01
2.295641074921151414e+01
3.208368352500928466e+01
2.583247796012349795e+01
1.853437381883037105e+01
2.721719469548395054e+01
4.862209496689615662e+01
2.689887624067941019e+01
4.555385825433294400e+01
1.208742560391405085e+01
2.196809920353753398e+01
5.724510863664693971e+00
2.913368963936184031e+01
2.009022934157906803e+01
6.312628403546237621e+01
9.693440146542693370e+00
8.228621628428429702e+00
1.474323371147219497e+01
2.245004799743186297e+01
2.397055151535849760e+01
3.111179665830737306e+01
1.964582962977860348e+01
1.291032627737603633e+01
3.173960503090446039e+01
3.572836259965946226e+01
3.202064743500644539e+01
1.687747187691195805e+01
4.251891604635429189e+01
1.920359864370845315e+01
1.560905967136862671e+01
5.314993705775337673e+01
4.426474273419309213e+01
3.538177430330347306e+01
2.753371568488783439e+01
1.526051116852693390e+01
3.417008457877408034e+01
1.595155742363117923e+01
2.674406433650724324e+01
3.610512123695317399e+01
1.287708776573174596e+01
1.551319174130617640e+01
2.385251124058437355e+01
6.424021039854726212e+01
3.297597970408187251e+01
5.064771522377274238e+01
8.719417198873239627e+00
2.511387251046386737e+01
1.355921364271005736e+01
1.046798154330767261e+01
9.141546104933764738e+00
1.255631382996234713e+01
1.948982821377353147e+01
2.359952693529707446e+01
9.346156941887423386e+01
2.542106670686827741e+01
1.465187588697198073e+01
3.238338047057612101e+01
3.595725290802965901e+01
6.288735238958871321e+00
5.310501763447444290e+01
1.627042474641175929e+01
4.641301476200232656e+01
1.663566080836757521e+01
8.583119913344047447e+00
1.271771432925327971e+01
5.252610077189962823e+01
2.507040593085671176e+01
1.292523334406536506e+01
1.832275260014169405e+01
3.056010552559458304e+01
