4.394135892054407577e+01
5.451501270926085496e+00
1.508231422889606961e+02
1.676883363352564515e+01
1.614270722956025139e+01
2.695085598564487128e+01
4.475347133430887681e+01
1.264811385031248037e+01
3.552305669143192546e+01
2.515161295094597804e+01
1.829082146543592913e+01
3.208243063369678794e+01
4.614010983697082935e+01
1.999373035504001450e+01
1.272124478522613700e+01
1.534525893639897909e+01
2.055235605872415405e+01
1.640488148654366896e+01
5.184980340874199456e+00
4.277145734404921029e+01
2.758696752849842060e+00
6.324140419337441976e+00
2.677496069338297247e+01
1.119206226300757407e+02
2.445557627845932558e+01
2.447534121560765925e+02
5.460831648317501674e+01
3.314536519975862205e+01
1.174369314632958350e+01
9.618505110501439859e+00
5.723361743491622633e+01
2.351788797961143018e+01
4.130687669743934265e+01
2.420588943195023823e+00
1.904955665296065703e+01
7.240135822547427047e+00
1.221318763300879695e+01
8.427256726226339367e+00
1.604962588945232582e+01
5.209862871056159861e+01
1.243728115589505556e+01
5.330999176440233356e+00
2.169108335077415717e+01
3.689122697196188572e+00
1.855489653031498420e+01
7.107566056773984542e+01
1.000572258467679809e+01
3.761612477188904791e+01
2.684766659308666803e+01
1.194385353749250989e+01
2.578503525760347870e+01
1.925459611672420479e+01
1.118354363095407500e+01
2.395371088517574520e+01
1.030698702332407990e+01
4.790261878263414985e+01
5.306321615080801912e+00
1.504349891331215439e+01
1.173609857291602943e+01
2.616305570193600616e+01
3.584233693744019433e+01
2.670156906498405291e+01
7.860475957453316731e+00
2.444252304590441582e+01
1.337896092782708202e+01
3.247720927416232684e+01
1.164890197142583439e+01
1.430752834759914727e+01
1.467181812482815140e+01
4.642720228735531585e+00
3.641488192454309569e+01
1.722162801404100918e+01
1.545827230701647537e+01
1.310766368277793603e+01
1.136460160615452608e+01
1.588192201428087813e+01
1.433313223922098878e+01
1.336431418485875255e+01
5.552361743054182952e+00
2.705475667222334479e+01
2.300122393717504821e+01
9.875705189041772414e+00
1.140593060807449000e+01
8.679650357411606620e+00
8.149602363421431406e+00
6.333246519396697494e+01
4.801434159746247587e+01
3.975850325683648823e+00
4.448695552603387426e+01
1.044924328501271305e+01
1.833563002945959397e+01
4.289490773554552305e+01
7.277254302371817474e+00
3.719605755813675074e+01
5.764879093462775828e+00
2.587876332994327200e+01
2.823809692297546547e+01
4.137235389778283690e+01
1.883106982119456774e+01
1.395393753248357172e+01
1.846038818909553214e+01
3.072853355773013107e+01
1.220947997392568318e+01
2.090294655934935975e+01
1.028503129009259354e+01
4.052436383810182008e+01
2.466125312566419936e+01
1.579191908847219850e+01
1.245956025547648061e+01
1.248931523247502895e+02
1.061684780599910383e+01
3.359178108263006379e+01
1.822782374382436998e+01
7.254188057554940450e+00
1.069838163453984237e+01
6.472676231130044755e+00
3.972760209740737736e+01
2.723094022760987087e+01
8.184465022502028120e+00
2.723732353488662739e+01
1.558394429560921424e+01
1.309713807237099203e+01
3.179443170239042971e+01
2.906790960828235626e+01
7.225545722459100872e+00
5.440203192255456344e+00
3.112646905186507951e+01
9.644655528008659928e+01
2.251878222790187678e+01
2.774550831178961374e+01
1.424552695502948474e+01
1.702599768911916911e+01
2.261715649342690426e+01
1.507009990499366126e+01
3.369961920702429836e+01
2.012876217222014930e+01
1.103960208951986743e+01
2.010702609006110819e+01
3.353035418148959224e+01
1.017488333556774727e+01
3.202300619334416609e+01
1.876938781248822252e+01
6.536069433434370524e+01
1.403055022128079621e+01
4.724355310737042402e+01
1.566740739929186432e+01
5.685326061235022266e+00
1.377897083742976747e+01
2.378159244340429268e+01
2.275859508265138231e+01
1.086903597952129630e+01
5.147880122674499859e+01
6.387277999099039150e+00
9.963626872030939552e+00
2.693886266623921344e+01
2.029716944022229796e+01
1.541389544142348811e+01
3.692635133935063863e+01
2.336926662860415860e+01
8.652611361564577663e+00
5.134721053401368351e+01
1.984174454677737032e+01
6.349958219553688998e+00
1.098380635482343237e+01
3.534427967318928410e+01
2.716982123246459224e+01
2.659825346265973778e+01
4.845448070311429944e+01
3.415643999870111003e+01
1.796979107657220354e+01
3.258180813520596075e+01
1.737876333630067194e+01
3.679770328082304331e+01
1.134785504927953248e+01
2.587029982113053705e+01
5.353676875830844395e+00
3.551661844171033522e+01
4.268694102462649198e+01
1.842698122039529451e+01
1.120192872394485661e+01
1.083627270426184097e+01
3.180761841246381039e+01
5.386586824426655262e+00
8.006587390637005086e+00
1.178477250407810750e+01
6.889655732828773971e+00
9.389331489941854159e+01
8.945929376841621661e+01
1.495333575185392050e+01
1.749451329763014584e+01
2.153652466870982440e+00
5.715760675130837853e+00
1.936628150708471097e+01
1.931661384778269763e+01
6.262693264037330287e+00
2.679026954748601952e+01
3.243743499524864404e+01
1.866486063570735254e+01
5.005404337378116253e+01
9.014269121755594583e+00
1.115008374556762760e+01
1.443208649135930344e+01
1.506484902233369816e+01
5.446626828278470356e+01
1.193025733677020739e+01
6.013570154832485137e+00
8.753950622618983601e+00
1.734547186091464255e+01
5.437303649065091093e+01
1.714566106867297535e+01
5.577333568358586291e+01
2.229082410286241256e+01
1.430196424098163455e+01
9.807061185284688065e+01
2.187113949550480285e+01
2.053662097044305668e+01
1.225845608483264826e+01
8.586279273395849287e+00
2.290339109848364174e+01
6.780533168699624191e+00
3.976737559739577321e+00
2.460588403190070039e+01
8.449868487745675338e+00
3.067144599581082431e+01
1.822940517433264418e+01
4.593812191774591724e+01
1.948387968672052040e+01
3.788735229691527451e+01
7.204521676957121201e+01
1.555887024517235417e+01
1.888734305671135871e+01
4.885455175875461009e+01
1.702852294442285341e+01
3.317049362207339414e+01
6.370621107568119612e+01
2.810868790312540710e+01
1.152003565540722185e+01
2.277298241129961198e+01
4.543361968493133674e+01
1.472035382194207997e+01
1.566169294317781180e+01
6.100687757956439583e+00
3.050688146288543834e+01
2.032251428057957909e+01
2.921147620105535836e+01
1.650694728481027695e+01
2.672457181439001772e+01
7.105903849000784867e+00
9.425073593653953807e+00
1.656691606313261289e+01
2.239405417357668426e+01
1.712598767358565510e+01
2.214293207402888797e+01
2.153189040475500349e+01
1.199334673251475181e+01
1.537974384728895494e+01
1.611734951492447365e+01
7.627930068521014562e+01
8.479354201826698301e+00
2.554895853780943327e+01
1.875797238922420007e+01
6.533877875478009400e+01
2.127668963755886011e+01
2.517991631901949034e+01
2.050364235177184824e+01
2.692988708098384976e+01
2.446160596860238456e+01
2.014496516231956846e+01
5.290031500688794353e+01
2.774176308246570599e+01
2.191964758311084438e+01
9.736032179694465327e+00
5.960570908848321636e+00
1.558724736121619969e+01
1.388865435225056721e+01
7.041214041631228326e+01
3.527271714817612036e+01
1.283950259866908894e+01
3.223592227090522400e+00
9.445976333188394136e+00
3.705768152163646789e+01
2.596001610535442694e+01
3.355184960257062698e+01
5.726894765777640117e+01
5.687929639841747154e+00
1.102607986857042910e+01
1.069603082314137055e+01
1.965469260851201483e+01
1.848758895679837977e+01
9.394356202854831750e+00
1.815325441419217967e+01
4.172414998223628402e+01
1.021604625519860932e+01
2.540841914146611202e+01
3.380954011351557398e+01
5.812435091967379464e+01
1.683811224142278462e+01
2.314993940118604954e+01
5.354969775028339996e+01
1.705113164174442986e+01
1.053472665977567324e+01
1.249155252797441662e+01
5.445442086425057937e+01
3.375069921821118868e+01
5.609348532388041519e+01
6.577084361520344480e+00
6.319862659380135028e+00
2.097971404798411754e+01
5.747426775406101029e+01
7.654067748188447595e+00
1.035074024084514477e+01
5.287720315274328442e+01
1.586801926056286760e+01
1.124713436466029215e+01
1.519007281471797377e+01
5.991885324409558677e+01
2.181301702714070956e+01
6.044870076137715387e+01
3.557541586239779718e+01
9.126961543524411979e+01
8.448985256222115936e+01
7.531884185862927517e+00
1.190939645891632459e+01
2.415457728941587945e+01
7.510225538141262369e+00
1.078717738307379648e+01
4.454238356353917538e+01
2.634083060448173086e+01
1.096926486390051281e+01
2.246142649679696746e+01
4.779295072266997124e+01
2.725589152453248687e+01
1.511118599398312057e+01
2.313099250903398030e+01
1.927991661821895164e+01
7.323000490694500542e+00
1.600304407117447525e+01
1.690020135430677328e+01
1.147591054093240537e+01
6.073434185797583496e+01
1.669892895847285530e+01
1.635381349430898368e+01
8.495380981211577875e+01
5.356788503028641912e+01
2.117718061276220354e+01
1.323677033877991072e+01
2.070337247035525863e+01
2.422803847792256704e+01
2.117364042278091674e+01
2.315909921029044582e+01
1.945343026352463056e+01
9.863383721826945560e+00
3.708644811960581933e+01
3.252079823864332297e+01
3.204247221515641542e+01
3.816823114192941091e+01
8.972223880730661350e+00
8.677346203096849564e+00
1.075737889625825083e+01
9.228094124153466637e+00
1.615422493557511530e+01
1.939645233500750976e+01
2.118502724918903013e+01
1.691446704771729870e+01
4.993018247121914754e+01
9.235317744414130559e+00
2.062541653697294208e+01
3.068737219898266488e+01
1.574610696713149594e+01
2.821356066070617530e+01
9.959181795684283856e+00
1.193162629020739551e+01
3.633901661420080131e+01
9.839402596558914027e+00
2.728890644707397328e+01
9.859833564541828466e+00
1.603948844466547285e+01
3.460365757709899981e+01
8.668081523041360370e+00
1.717600283358602908e+01
3.516229733162774096e+01
4.150597805688913411e+01
3.756212331904112034e+01
7.752198974181294666e+00
2.994073472680801729e+01
5.676430163479638225e+01
1.945960615480553813e+01
2.212637298259791407e+01
5.952807122149871510e+00
3.864621680605268494e+01
3.657526020433230940e+01
7.138321580685665246e+00
4.784913948370940417e+00
9.483971096358179409e+01
3.745806368606896797e+01
1.987233822092040114e+01
9.807321672615531227e+00
4.287152046409165962e+01
2.559800909849226969e+01
3.587583475136801781e+01
1.219750360430217739e+01
1.718212258363350031e+01
8.176579339703277327e+00
4.887064583476233182e+00
3.333625495168629982e+01
1.110475564311369112e+01
1.524965105136118382e+01
3.763489816462902127e+01
1.684113073996052634e+01
4.429892943018191431e+01
6.343514484023939914e+00
5.665547282978882748e+01
1.167959245976625660e+01
8.383032680325065655e+00
8.300335467211438001e+00
4.058217749784529360e+01
1.810517993621652622e+01
2.945632974225447143e+01
1.221894969703326339e+01
8.871906059914529408e+00
4.220127880831275746e+01
3.015625497590048099e+01
1.469921771687461032e+01
9.282819007607436390e+00
9.731143733840962540e+00
4.159537507940255452e+00
4.424090570076290696e+00
3.705314376007101451e+00
2.473589600034241442e+01
2.173889620515323173e+01
1.677221430849835571e+01
9.717706419877476520e+00
2.405472311263175555e+01
3.265803453704364756e+01
4.454886499709451897e+01
1.480186975131462823e+01
5.934852510674345716e+00
1.329033397911582348e+01
2.058471116250764510e+01
4.138233920293402690e+01
8.907314992247272301e+00
1.243806885398802287e+01
1.830828132320053925e+01
1.109644741572883575e+01
5.876057332426873359e+01
2.687724905115919682e+01
2.489172723181380675e+01
1.407032527068087013e+01
6.509187934496092964e+01
1.769323595923295755e+01
1.718866204367883910e+01
2.016441704268861201e+01
3.682883349180776378e+01
4.556596980245090123e+01
1.260996440324729662e+01
9.174699826975606598e+00
1.315043816815642685e+01
8.360075276179559367e+00
6.563179627607000022e+00
4.674860071773748871e+01
1.395317922606874994e+01
5.147674105599577388e+01
1.557742472812009638e+01
1.243485290674832733e+01
3.197871457564845699e+01
2.936822077782517226e+01
9.138388996393686625e+00
1.103085245468136932e+01
1.120638816033828888e+01
1.174152970679130981e+01
5.405845887050871568e+01
2.059902950891193996e+01
2.298151415289267163e+01
1.743235198579591483e+01
1.152482040921808171e+01
4.369035600195098112e+01
8.981532978217146024e+00
8.347463341270664472e+00
4.764844733163475610e+01
8.609448558811754637e+00
5.757217929013418001e+00
2.103965940803642454e+01
1.412842760854050539e+01
1.537796506927433171e+01
1.599385245924346499e+01
1.180683926280674001e+01
5.801454851040883653e+00
5.931311345853512762e+01
2.047882337272057995e+01
6.201012794078006429e+00
7.032057881080184814e+00
2.318836842767564477e+01
7.141934039055805705e+00
1.787477457798198444e+01
2.616273187127948319e+01
7.762966184912460932e+00
2.600540020315905565e+01
2.638373875151813408e+01
3.459981252781075511e+01
3.022159738759993175e+01
7.079823578449005339e+00
