1.990563635784048202e+01
5.099843474487352779e+01
1.367404971051395890e+01
5.934132780311345812e+01
1.876512234540792790e+01
2.009559311208834487e+01
1.677295686651526196e+01
2.573278914760484071e+01
2.080271325127885262e+01
1.627696166959390567e+01
5.750143560304429080e+00
8.404181486524997524e+00
2.384958368668712225e+01
1.900650758159855869e+01
1.290961556243331998e+01
1.169358510020561326e+01
1.696003807649530515e+01
1.250007945365910089e+01
9.948359178647177004e+00
1.695141346604047072e+01
4.185565686572326882e+01
2.159936414836449359e+01
4.834770728904268822e+01
2.286581672220028238e+01
8.481237540671603625e+00
1.468183330319154933e+01
6.717059125472600556e+01
2.504447854076855506e+01
1.809419408068314894e+01
1.395892165528351470e+01
3.013523841503034539e+00
2.048809602351573034e+01
1.858552219155211560e+01
6.132066265650964354e+00
1.781766991280139223e+01
1.898599154861476279e+01
3.165823184126270107e+01
2.101931926228308001e+01
2.710191237749043580e+01
2.988675466309955198e+01
1.881254485747015437e+01
6.070822014066127537e+00
1.870086154265884204e+01
1.569172175581737427e+01
4.065707237586160971e+01
1.294241808243181069e+01
2.433390100459919481e+01
2.728420134740374792e+01
1.860805358857033198e+01
3.920760629087192228e+01
3.296518398629768853e+01
8.488909643035031038e+00
3.603024415680870618e+01
2.840766786795179044e+01
2.189228198477916720e+01
2.138651023945242002e+01
3.073156868582935530e+01
1.480189850645059551e+02
2.270945292160814688e+01
1.310490442574476155e+01
7.202902578261250355e+00
2.878261440406322436e+01
2.171147748821725187e+01
1.229660272715225133e+01
8.452516213846585913e+00
2.443140955325484853e+01
4.708773268574848458e+01
1.830700475277542338e+01
1.784303237366039951e+01
1.295899905310560563e+01
1.965033170868331425e+01
1.814142678158573929e+01
2.458726798403574065e+01
3.797634807022918579e+01
2.135929305268523137e+01
1.163123183370947089e+01
1.020980568971774716e+01
2.970022580964028336e+01
2.359882182571294251e+01
1.701108706330205322e+01
1.521513107952984711e+01
4.137603281320685511e+01
1.192516383311363271e+01
1.908631491047018613e+01
1.877720368408694895e+01
3.272199427258613014e+01
6.002883158989059353e+01
3.235678705150509415e+01
1.238957275776842870e+01
7.486457257455442438e+00
2.627855670445169878e+01
2.026576619570064963e+01
1.206427055709954566e+01
1.307665883563874942e+01
1.847191069659276152e+01
2.115936914018139703e+01
4.226496323629822882e+01
1.001346770406920328e+01
3.315810514700053346e+01
1.651319797149608704e+01
1.519642040460698063e+01
1.842153134968138417e+01
1.170696258958995450e+01
1.414554157190777239e+01
1.073024792681576045e+01
1.859989559009337157e+01
4.719748322934832885e+01
1.586923349756763990e+01
2.673263579808969581e+01
1.443893324502161413e+01
2.723040832614509554e+01
1.686192427713349318e+01
3.139794441500021804e+01
1.874374900046373327e+01
5.521391869441307421e+01
2.277413213313942464e+01
4.551234088898785757e+01
1.216741512642025391e+01
3.804322941048402384e+01
2.250656888431140956e+01
2.241713387118110745e+01
2.005974679973172670e+01
4.759448712446856433e+01
3.715800221014350058e+01
2.750617087590688925e+01
1.286951633618927247e+02
1.109092583297945289e+01
1.193323879838682267e+01
1.831423767206141306e+01
1.756535858553985818e+01
1.908162036328480582e+01
1.473564804641407022e+01
2.573854717782640122e+01
2.027353648389484064e+01
1.886566689158401999e+01
1.917757289475451543e+01
3.076678803601580015e+01
2.367810584219850512e+01
2.341719826767641877e+01
1.941754342284846047e+01
5.639945539249068496e+00
3.346191355464241468e+01
1.272558526979388205e+01
1.716628334496354569e+01
1.728468439927357636e+01
1.185222496717269713e+01
1.302772962562998238e+01
1.472793349819577280e+01
4.120396480901638014e+00
5.867540668262364534e+01
1.713134472342233394e+01
1.635732914898098045e+01
2.533957555570611220e+01
6.132789051939746550e+00
6.262066165794935024e+00
3.828154447805400906e+01
3.097430036522782260e+01
3.448605837836922916e+01
4.173177873841859054e+01
2.021508536848028825e+01
1.938074399967169725e+01
3.467997825955033875e+01
3.854737138642838801e+01
1.138412402434383708e+01
1.515652426342816206e+01
1.665853174677462434e+01
1.402050852607210096e+01
7.800650105724838568e+01
2.263057786664508697e+01
5.062437032669772208e+01
9.759109588184562867e+00
1.870734395703635755e+01
3.887035097886372625e+01
8.370166141968109486e+00
1.537687149373496887e+01
3.926068323403168847e+01
9.797435320354640709e+00
6.061225200765240295e+00
1.043483568349530799e+01
2.194937562286953536e+01
3.695424719077893627e+01
3.502151125775846907e+01
9.434860108480044971e+00
4.996627303459839453e+01
3.460268545087446057e+01
1.747879661474693336e+01
1.187605005973384920e+01
1.932980744286530239e+01
8.824619522071940025e+01
8.776396355882530642e+00
3.550599357664701472e+01
1.222318109643422979e+01
1.092921718731914993e+01
1.164308271740990364e+01
2.312842358054052383e+01
3.722483320713218546e+01
4.314174181131886598e+01
2.042748467304060966e+01
2.749302951954374663e+01
1.805417215902846522e+02
1.947208000688897300e+01
3.930690537809736185e+01
2.232079389341929954e+01
1.093922729158586904e+01
4.156215064334938347e+01
9.176138649586953022e+00
3.689983019678426501e+01
1.692390504738179402e+01
8.115349605718447989e+00
1.999773879953663780e+01
1.601946564715637322e+01
1.419866286918190035e+01
2.446973553484870223e+01
1.337352793909491133e+01
2.832770083515515225e+01
3.008318379804354237e+01
1.240939384587257699e+01
4.478090694662800075e+00
8.326852650701177083e+00
4.597385153026451121e+01
2.948015037924377424e+01
1.668442751388635870e+01
4.518700500046914215e+01
9.916752161331540805e+00
1.899546069973423457e+01
3.019567043719790789e+01
2.544155747201022777e+01
1.221413256491059407e+01
2.948395676093621987e+01
3.013225943801442241e+01
3.942207833106301251e+01
2.015905199313793261e+01
2.411773990130090084e+01
2.734155971345117209e+01
1.059168915577829893e+02
1.626219913554926322e+01
2.760749372038631222e+01
2.160336944627230693e+01
1.398991913723248004e+01
1.554076576296500356e+01
1.703588200202894143e+01
9.814644930946187174e+00
1.714843398571158062e+01
3.763000880556606376e+01
1.605102282973123096e+01
2.797970390673767582e+01
1.207608603468194808e+01
2.221671250426077648e+01
7.582053443996787223e+01
1.138342024810823716e+01
1.195615142423546295e+01
1.818232104137522143e+01
3.147938726004174725e+01
4.138109333750666252e+01
1.621096934999444983e+01
9.432793524768730009e+00
2.207610886401009154e+01
1.558616695955193521e+01
8.554800175835021392e+00
1.691027984951046648e+01
1.003725483032333265e+01
1.582659829356589043e+01
7.533226711380048179e+00
1.943643461673412887e+01
2.189271632701421666e+01
1.041192005735827131e+01
1.993133149437470664e+01
5.586776708064883223e+01
1.495605875195232137e+01
2.519807140804971013e+01
1.119853869583201877e+01
4.665642056614489164e+00
1.767348309965841580e+01
2.061185069067789399e+01
5.272520569226698228e+01
2.526343338316357290e+01
3.501922263588406992e+01
1.342774105116323646e+01
6.939143215082410165e+01
2.524856849806358028e+01
2.156744243154764362e+01
3.487801406479069044e+01
3.572998592986468225e+01
1.117747774096579150e+02
1.928091471083466502e+01
1.664255337600871343e+01
4.480257814783214343e+01
2.088304682066450724e+01
2.722699453420518978e+01
2.887876500828884829e+01
1.543366802892822420e+01
2.008876852705393645e+01
3.725163063392494678e+01
7.170794439811238874e+00
2.799951640921480234e+01
1.374754814524153090e+01
2.943761920867873627e+01
4.307417107022148173e+01
3.633055150271288625e+01
3.762379928904305615e+01
1.897760380112965350e+01
9.983532805553412715e+00
3.121476192342014855e+01
4.748832875292315947e+01
1.641852025978595364e+01
4.497825994229410540e+00
3.699664026122007243e+01
1.544921274540597267e+01
1.266252432220192148e+01
5.784730964350637272e+00
5.694404277249468294e+00
2.756815654400010729e+01
1.804575064635130488e+01
4.938598441088479518e+01
3.212229355217284876e+01
1.517919366351550003e+01
3.764751477980905747e+01
1.246481990431560050e+01
4.582202342419777352e+01
1.452051893810034855e+01
1.707684427288271323e+01
2.805969252393300906e+01
1.590920930417125234e+01
2.293108223810716240e+01
2.326654220764009651e+01
4.771422873551450294e+01
5.391912682723035743e+01
1.371384339221743787e+01
2.042316855130498965e+01
3.440269980167754937e+01
6.241838626353907848e+00
1.951430256399160967e+01
1.974368887663615624e+01
2.469587398401921163e+01
3.302250129728317773e+01
1.056205355094852294e+01
1.522887037531156373e+01
3.546535195598807633e+01
1.498157347311076926e+01
3.208176033161259255e+01
9.512795219940544555e+00
9.134944003484562813e+00
3.007727028438768002e+01
7.052306246542973156e+01
2.374843588578048070e+01
8.076210046039259183e+00
2.768141029040697276e+01
4.054373449058852685e+01
3.303358127403472366e+01
3.430572334274759783e+01
2.603461304620783068e+01
2.761903576611010180e+01
1.424695666797903826e+01
1.318880475031177468e+01
5.552593765445420360e+01
2.111057143788828228e+01
3.122366993872443786e+01
1.753118253848431962e+01
2.916907471072012825e+01
2.367563038241554096e+01
4.217547830625731109e+01
3.179105981470400977e+01
3.410684824398364867e+01
4.783181795538477843e+01
1.145422830997673813e+01
9.904272297824453730e+00
1.069734698129977346e+01
3.305435896255875150e+01
2.730668193152677858e+01
1.195532865335746564e+01
1.905650068105980210e+01
1.172231631189144174e+01
5.566479810243929194e+01
2.812071352216354114e+01
2.689324795871029039e+01
5.164186810759888147e+01
2.083381529845606650e+01
3.008356620691627015e+01
3.225795035264538768e+01
2.398636572637532538e+01
3.208573647291120068e+01
1.831870831747117379e+01
1.971384677806850050e+01
1.353967463727694387e+01
8.625900800284437508e+00
6.402676259866910868e+01
1.422379875234324764e+01
3.695411488269824929e+01
4.255636982352616116e+01
1.102877985207410561e+01
1.946999583525104427e+01
1.415262321727297667e+01
2.624166492838212150e+01
2.955339136553207524e+01
2.262255096605048266e+01
1.610855721202940671e+01
3.788795580214657832e+01
1.476027704017576880e+01
1.706731983454012536e+01
1.326669716725060510e+01
5.846872130091103514e+01
2.353174056269926950e+01
1.854817622342794436e+01
1.046629759114547120e+01
2.388862056841602310e+01
8.392981317515864959e+00
2.987871824488952655e+01
2.827109555128415508e+01
1.075060411829385032e+01
1.259395029132310562e+01
1.303534702578519244e+01
1.716889402888833160e+01
7.831653891504155141e+00
7.258528245280967894e+01
3.151210614515965958e+01
5.704415482494402312e+01
4.310005762836605925e+01
1.200543896169278213e+01
2.826005151206535970e+01
3.057515376754839664e+01
3.015318082777777065e+01
1.427267083080788979e+01
3.464296222259532954e+01
8.058213646845352685e+00
6.322930206666271147e+00
1.282229457664148420e+01
6.918624269770729640e+00
1.287542951544014613e+01
1.439541166714588982e+01
1.351953352101921801e+01
3.338736704037022207e+01
1.933563045663327529e+01
5.361840514829074777e+01
1.479919288688774515e+01
1.489701937976051127e+01
3.250144878934958825e+01
1.356362433651567656e+01
5.371169931168114253e+00
2.590917178098214180e+01
2.163638364951260229e+01
9.422960332904001035e+00
9.727245906811639031e+00
7.213020156178187392e+01
2.772661483090850965e+01
5.133891295950775202e+01
2.381372257795201719e+01
3.177870529486539297e+01
1.391464356360168964e+01
2.034731868635867968e+01
6.328484729288030408e+00
6.260132907186406470e+01
2.625474418759646511e+01
1.341175294214907687e+01
3.761325895082164550e+01
2.216960487631680721e+01
3.711125040912887130e+01
1.733661114722096741e+01
2.273905986152089653e+01
3.231162888390981180e+01
1.940628235358509102e+01
2.419271595704799083e+01
2.199040608404979835e+01
1.734052809728767031e+01
3.501524129381275685e+01
2.218599348156211093e+01
3.358887333082999760e+01
1.770188909483482576e+01
2.422224747838078329e+01
2.340593843158087139e+01
1.585565621149712889e+01
2.390560453631481508e+01
1.901759164476857578e+01
1.102545720672763174e+01
5.029105487472012470e+01
9.783716105937129370e+00
2.258596958153115253e+01
3.237811337276854573e+01
3.462102385350797817e+01
1.193737362618342601e+01
2.545330868397124391e+01
2.228818379314670040e+01
4.638152219017731426e+01
1.108942875587653809e+01
1.030565757124003312e+01
2.571340102263418004e+01
3.319260673721100829e+01
1.614122426605606364e+01
1.827813488513161388e+01
4.793237489433691678e+01
1.517176233518675410e+01
2.190914077272175930e+01
3.876782595413860122e+01
2.702051588670362747e+01
3.886148542462564137e+01
1.037247118268003554e+01
2.472743953487705681e+01
3.637165688873358249e+01
1.840210648452348963e+01
3.982809693574731824e+01
2.359802756703928850e+01
3.240164452583671562e+01
