1.882578295858106898e+01
1.312358457877110673e+01
3.263241954166579006e+01
1.614757958905192226e+01
4.060018375480818520e+01
3.150301167971226945e+00
2.225023478812392597e+01
2.444987889790397873e+01
1.914362585858638965e+01
4.244154741443352208e+01
4.507317422613877511e+01
1.767172283758185003e+01
4.795755140481562506e+01
2.675934413663035016e+01
7.848346359152570528e+01
1.658484470659825050e+01
3.679815403942395591e+01
7.784117846069039892e+00
9.251423032193791585e+00
1.425940705369235140e+01
1.420707410035693563e+01
1.543930916417666310e+01
3.720979320118939171e+01
6.036906817184841145e+01
2.573512876497448687e+01
1.935689151106044648e+01
6.212026423582644341e+00
1.144211880150418992e+01
5.975346573270746831e+01
7.788492566779763138e+01
1.052315106102970610e+01
1.497728558592899795e+01
1.482770917588005233e+01
2.310606709563403527e+01
1.164356433398702428e+01
2.676095173109038328e+01
2.197134931605706498e+01
9.806368519541813100e+00
3.108543435128446930e+01
2.140375307900688284e+01
2.900838375838619854e+01
1.753255959388054563e+01
3.493937009050192444e+01
2.155597040391342745e+01
2.877007360732346797e+01
4.086857990258819484e+01
4.667763453535236806e+01
2.675274936833615769e+01
2.291005638015872137e+01
1.385695334182115701e+01
9.175138547583987503e+00
2.687009655850447132e+01
2.741299687490705850e+01
1.674952676269639795e+01
6.117160949409774062e+00
2.847438899102042242e+01
3.302647663696971136e+01
3.052295791393978419e+01
8.364794329320401900e+00
1.838282296030311258e+01
2.090007654880991694e+01
3.056343674149788825e+01
1.958431544324378493e+01
2.271964401542902223e+01
1.569510789585122268e+01
9.103709744877102494e+00
9.472273269933426221e+00
3.005287397377724190e+01
3.323200054799954728e+01
9.342787609463989895e+00
1.308149064645333581e+01
1.502193220891769876e+01
8.627102104230909063e+00
1.641288587310419089e+01
1.809882439496943718e+01
7.371808984169037515e+00
6.086447960591563344e+00
1.736547134537947201e+01
5.315501561610101788e+00
3.392233830069645251e+01
2.876682999880851810e+01
2.291570437432674368e+01
1.475315231759247503e+01
1.398498894707795159e+01
8.929844513301462783e+00
1.101524050881407035e+01
2.983540029332728238e+01
1.473318988233837423e+01
2.712219071904785750e+01
3.866613543609505399e+01
2.365149392439093745e+01
3.510240298193744479e+01
2.016366832246895058e+01
1.228134394209559019e+02
1.064490899960934733e+01
5.581594793780963570e+00
7.477329592970450278e+01
3.206588919355046841e+01
4.184707837645647288e+01
2.718072294589414639e+01
5.479634311755853560e+01
2.855111078898777421e+01
1.161569831741791248e+01
2.646502868705189115e+01
2.548247407853763846e+01
8.957315026252304691e+00
2.140108211290334594e+01
3.052221456934005417e+01
1.794542808390492539e+01
6.376904997643475070e+01
9.672328511233063253e+00
3.041977165044518472e+01
2.008484051637012868e+01
1.503569645789046838e+01
1.963301120971712521e+01
1.806552841583212299e+01
6.748521091235872404e+01
2.345206748783802198e+01
3.602027946168611550e+01
1.065087243624495628e+01
1.643760372080831544e+01
1.357502333767836511e+01
2.086658431063114705e+01
2.142053743370140495e+01
1.658064112316948879e+01
1.809510530154356545e+01
2.385250389591788078e+01
3.734674693615427543e+01
2.026287782085393729e+01
2.996315907090551534e+01
2.343897775606810185e+01
9.780084160585927222e+00
2.621644727817817611e+01
1.562472905552180613e+01
1.549800014712318763e+01
1.312898849108992749e+01
1.208604585474774318e+01
2.287206499812242910e+01
1.988663724884278139e+01
3.906855476003934058e+01
4.188893440688177350e+01
2.677914775686122084e+01
2.925154706241300673e+01
3.095732218011447756e+01
3.355118335899530990e+01
1.730861278098070954e+01
8.617527889184398049e+00
1.049687432154066435e+01
9.042317552489826937e+00
8.879125012868787081e+00
1.276137969978249842e+01
1.843018680121814157e+01
6.839290336947540183e+00
1.782210486624537538e+01
1.821169434846773427e+01
2.286886227382860071e+01
5.054719835476600309e+01
4.098037070446830654e+01
1.273116122802456118e+01
1.313556736501074163e+01
3.049026975747933221e+01
2.346742258060374553e+01
2.031327203533237125e+01
1.871598621672381668e+01
8.292511537250360831e+00
1.813936531685120457e+01
2.247561552345108993e+01
6.020936739131286686e+00
8.832190615927757449e+00
3.208722248826842360e+01
1.232710962256968656e+01
2.409837723297762579e+01
2.416347873359106302e+01
1.727756075942335912e+01
1.411900435244427499e+01
2.479054248732860444e+01
4.656027160931784437e+01
3.446203927978757520e+00
2.434297155030615301e+01
5.112529091512903534e+01
3.154733198514847814e+01
2.514467371650597727e+01
2.654237654091395626e+01
2.955685418746030635e+01
2.029661933144033625e+01
2.650076193255475232e+01
1.737375496756612847e+01
1.428672865930514924e+01
4.278262407538496603e+01
2.390228355918240766e+01
1.243314058355747065e+01
1.713212957548991611e+01
2.102028943103753278e+01
1.554319497959955498e+01
2.380428151833790551e+01
2.387864551422401149e+01
1.443605767493033554e+01
3.412128609012503944e+01
5.323310158704629202e+01
1.019983148527898820e+01
1.454640835065289650e+01
3.097234022242192353e+01
2.581708822140669923e+01
2.904207377497796827e+01
1.982292362313445011e+01
4.873781691843521280e+00
4.431618894511117901e+01
2.006104215088603837e+01
6.598410328963059612e+01
1.420518394877092661e+01
8.434388785709634462e+00
2.752769093820295510e+01
1.407125326250282171e+01
1.888421267889644284e+01
1.322903942110088771e+01
3.519545843542616836e+01
3.601896962205498909e+01
1.492665449380850973e+01
3.128309874213213959e+01
1.899739525920432470e+01
1.899627534749398095e+01
2.846944330920626953e+01
2.922647792778328579e+01
3.034195397055591314e+01
9.820820013558195782e+00
9.807986729871688070e+00
3.200020921067778090e+01
4.331034701376530194e+01
1.125509561023311811e+01
2.577407625397077240e+01
3.981498541079066200e+01
1.382144667754237055e+01
1.957419395108721361e+01
2.746991862957427699e+01
1.208053067483603904e+01
1.875469561359086512e+01
3.492413986843765628e+01
2.386265514016604783e+01
4.640424660507452614e+01
2.027136667171588869e+01
2.639170836527408426e+01
1.718511760975270164e+01
1.334841736570798076e+01
1.646139876969523996e+01
2.842967149687542161e+01
3.321398403611355832e+01
9.612977793895455036e+00
5.366765092203733900e+01
2.160777165872276839e+01
2.032345141311926895e+01
5.913106384884267186e+01
4.149305257822844339e+01
2.131655845497985169e+01
1.292021319305971083e+01
3.044056488306590680e+01
1.502553792865624516e+01
2.494012250165279454e+01
1.750430095752298953e+01
1.706972053252423294e+01
1.946340374569341591e+01
1.306341351962767661e+01
9.450281615491775256e+00
8.826765102320031531e+01
8.077376912601508252e+00
1.222361703322756732e+01
1.411434793303767599e+01
1.835763056108396540e+01
1.698655961874516862e+01
1.498627316760521389e+01
3.420842431073474188e+01
1.555370534061005827e+01
5.344829651128053172e+01
1.966765207812873228e+01
1.002902393371815748e+01
1.290600375504842035e+01
1.946026132412870524e+01
1.923989500235972017e+01
2.225454415400518826e+01
1.499195500853806351e+01
1.617733040126380217e+01
1.968009749015193677e+01
5.018346162275930666e+00
2.179999099450400379e+01
1.032613702689363322e+01
5.068818237565724161e+01
7.356775657031321636e+00
1.543103528622582488e+01
6.837579307784012883e+01
2.940258333061786900e+01
2.118229542397598308e+01
5.154695245134867321e+01
3.011690981433581982e+01
1.442519605026598839e+01
1.837358560678205777e+01
1.413395536827142429e+01
6.978116311919971615e+00
2.927743147689972503e+01
2.789231929992385162e+01
1.756763601256945151e+01
2.336391533241181762e+01
3.289148242727723215e+01
1.212786576854896303e+01
2.407332619629491433e+01
1.477311463290219784e+01
3.878254306223572456e+01
1.688375650585910392e+01
3.263269441621660860e+01
6.917067349423894029e+01
2.668379944942566695e+01
2.134822145635045842e+01
2.137923621966691456e+01
4.598481924571219537e+01
2.403382788121150782e+01
3.514384386447078867e+01
1.514092946368610271e+01
1.592185361190174397e+01
2.613434389466497976e+01
3.574962190556637864e+01
7.911714528324891305e+00
8.170564450841411031e+00
1.461283864212974137e+01
4.145450579526631429e+01
1.907153982908871370e+01
5.898739506651877207e+01
2.556779256936167144e+01
1.778330403396134685e+01
1.417350122899766873e+01
2.127224719433924349e+01
1.637414764024195790e+01
2.501118509960860337e+01
2.926253316519506242e+01
1.837392023178959377e+01
5.809706115149918304e+01
4.060051392089204114e+01
3.125829544332179921e+01
1.173555749079085686e+01
2.317171094673406273e+01
6.628397120796547881e+01
6.764142130040278289e+01
5.144908741838367661e+01
1.255208026417283129e+01
1.224462445579522907e+01
1.765932993428604547e+01
2.124780357137839459e+01
1.340210391300365877e+01
1.903883322441748760e+01
5.431340438707964324e+01
4.425307885334972724e+01
1.776526125169658954e+01
9.547649666545453329e+00
1.142457723297719951e+01
1.635974200804905365e+01
2.164770945425029680e+01
2.830559747140544857e+01
2.573045539278044913e+01
1.382755047962803197e+01
2.070575831112616427e+01
1.320020534304102000e+01
2.673371734027733382e+01
3.434416880942463735e+01
2.605080841818282522e+01
4.076757677675558966e+01
1.541162703687112945e+01
1.323324784830339240e+01
2.318915183345587394e+01
1.721227538896290810e+01
1.509445571705312261e+01
1.338086453627293082e+01
1.639744330507458869e+01
2.778904184883250750e+01
1.315171490409160526e+01
7.645548720943317278e+01
2.372392785095752998e+01
1.938713489474491070e+01
5.266785047456209234e+00
7.345721153768786849e+01
1.457031610799079857e+01
1.492336611520734913e+01
1.650420960069367737e+01
8.319667620214783454e+00
6.767014063761390474e+00
2.545623059066807770e+01
1.638283359278531748e+01
4.028326424581722165e+01
5.468191473617257969e+01
2.356255317373143043e+01
2.080594105487468681e+01
2.024777689633960520e+01
3.512663005223414103e+01
1.758401675613565018e+01
3.723420097580662969e+01
3.132473279795275545e+01
2.491123646863406194e+01
2.363929042238934386e+01
1.626512794071242141e+01
3.138903137325393189e+01
7.446288464681475716e+01
1.339402829071592294e+01
3.074519277917463000e+01
7.583387213241523206e+00
7.078970684909504207e+00
1.553098474170871768e+01
8.708018841076562211e+00
2.327582010960250969e+01
2.770681125053106442e+01
1.364721265062351030e+01
1.392614307119360717e+01
3.769775221960478007e+01
3.938611352704916158e+01
1.730595604144113864e+01
1.733104853496925202e+01
4.003331425952527667e+01
4.159163702328313406e+01
3.253252261721371497e+01
1.524313350218893959e+01
1.308053823746178246e+01
1.853367636009699382e+01
2.811767607282047976e+01
3.151579968253159691e+01
2.220331862443725512e+01
1.868534574292146644e+01
2.638459513070139906e+01
1.721868576736525114e+01
1.258445546539539528e+01
5.551312144416704086e+01
2.326610575335032394e+01
1.675392348700196621e+01
7.326053037244267152e+00
2.233730178017950863e+01
3.390642259522766011e+01
3.191813620169062204e+01
1.354035075665618848e+01
2.750103076354493581e+01
1.844305911002645004e+01
3.764955977607829141e+01
2.678702848869134456e+01
1.056874112703642687e+01
7.801358701393399819e+00
3.488063099935521194e+01
1.225284091852861046e+01
7.665309580474287010e+00
4.854877804304204858e+01
2.318687828397803230e+01
1.827695073917706736e+01
2.852246757631565544e+01
2.195131342069499425e+01
4.560837406435801000e+01
3.016397859035387086e+01
3.755303759220453230e+01
4.840244593547457441e+01
2.205295439368128996e+01
3.893095990525277017e+01
3.483006359762134707e+01
1.987947089462256756e+01
2.469423765092665235e+01
3.640591375276864028e+01
1.877020657830112427e+01
2.929391793623192797e+01
1.158977922289388829e+01
2.260217181253819874e+01
1.485911465089128747e+01
2.806921240586637367e+01
9.799976735033226305e+00
2.625230082067462334e+01
1.782316373171580892e+01
3.445522345311463397e+01
1.898461120862760154e+01
2.692258768037750727e+01
2.428199086223327541e+01
1.082249892664440694e+01
1.670220305955082551e+01
1.138778109765020758e+02
1.349247088782814430e+01
2.079496368465859391e+01
1.113171175940102842e+01
1.192499471523409404e+01
5.021733557317771712e+00
1.459635389286049012e+01
3.520565911934476588e+01
4.987162406397263936e+00
1.928200227029758196e+01
2.205868675028609971e+01
1.576830870590482370e+01
2.770871497500750635e+01
5.185869048913787793e+01
5.647627400265854192e+01
3.052182079871983333e+01
2.807146415031741427e+01
1.623848349036830996e+01
3.224998008096569890e+01
1.845032363555329269e+01
1.464615683836458082e+01
2.173629924682973424e+01
1.347977231997559500e+01
4.375957263300856681e+01
2.272454774191951898e+01
3.727045704115855074e+01
1.210063135379222210e+01
2.171901129095641991e+01
2.039061579740648966e+01
4.345861840410004362e+01
