1.174033372954808385e+01
2.406988349897208224e+01
1.238714862237926617e+01
2.858893936609565500e+01
1.064686090516554273e+01
1.622844293321308129e+01
6.978351984454643997e+00
1.300500291342080139e+01
1.785741011334267014e+01
2.052721519442538067e+01
1.599167709543900884e+01
2.271776971331643225e+01
1.832708350731792635e+01
3.861818189040330651e+01
1.386475226445378262e+01
1.012090459763553341e+01
3.810760681997232524e+01
2.017230558485945835e+01
4.066344213731751012e+01
2.605801882341678777e+01
2.493756125871346185e+01
1.175792417867817541e+01
7.221145371558141512e+00
1.222155483359533790e+01
2.755033973782359169e+01
2.885125683444301714e+01
7.061740125915166288e+01
1.789396450149722284e+01
2.786630558352427300e+01
3.838250687340379130e+01
3.964197302198957829e+01
6.399812272802382296e+01
1.666376948508235856e+01
9.935332754236037900e+00
1.949214431553727067e+01
4.288829452992216851e+00
2.082049882157467735e+01
1.534060237527914161e+01
1.795714082453301685e+01
4.075107837570569380e+00
2.389631809682886399e+01
1.247861412968274131e+01
4.392833874516598058e+01
1.652055471282258026e+01
5.732502656924048701e+00
1.659519351811846732e+01
2.966964591987617439e+01
3.706748363852613437e+01
8.643110228222369074e+01
3.373746966097612443e+01
2.837802999250195413e+01
1.756567254067090289e+01
7.237127364548462083e+01
4.193513986200136401e+01
2.472980512573278133e+01
6.383057618293153723e+01
1.519805938294291003e+01
1.710205238295197461e+01
3.036538413213129317e+01
4.600886251046320652e+00
2.162235584961946699e+01
1.419705187282342820e+02
1.855051443770041431e+01
4.401010549653176618e+00
8.726591933056678840e+01
3.325223028688231608e+01
1.404866504893769985e+01
3.628230718182973380e+00
6.709981339497059594e+01
1.123984016521887064e+01
1.804995078780273232e+01
2.523370448865786386e+01
6.517795715200362849e+01
2.063046157320033558e+01
1.584642426265672910e+01
2.068479549287145502e+01
9.238059955631548803e+01
1.657702724658449611e+01
4.435622791926722641e+01
2.506578617991598890e+01
1.226044694134749236e+01
1.021233181130140899e+01
5.613876752612532073e+01
3.212620645178830614e+01
2.365382031176152111e+01
8.139112410756720095e+00
1.630473370485232110e+01
1.821633070346080885e+01
1.787740746158350902e+01
5.322757551686629540e+01
4.354357397372901062e+01
1.385146390067051314e+01
1.603636667783965919e+01
1.178663971721886838e+01
1.636631786051530213e+01
2.459624407872592400e+01
1.934338420191776464e+01
9.726879896150373739e+00
3.680392164437334657e+01
1.295942311719233331e+01
6.916513975888380905e+00
5.323772364693427406e+00
9.446899960210791036e+00
9.128662380530670362e+00
1.071758572703324575e+01
2.967492742080287016e+01
6.046753465313104314e+00
1.219194068343023396e+01
6.382345808607233550e+01
7.546009942017631644e+00
8.629647717513195460e+01
2.105577369309071756e+01
8.257308312428595087e+00
2.911983464836922764e+01
6.319745593504836734e+01
1.375792844384793412e+01
7.529376050640633089e+00
1.774554804081547843e+01
7.925092809279901118e+00
1.520570115813703715e+01
1.928285512698024107e+01
4.364653141995512797e+00
3.496193393692599471e+01
1.162442220513511870e+01
1.759520059019019911e+01
2.420760781610015044e+01
1.545724349436347289e+01
3.196752502789972894e+01
1.834663383607453824e+01
2.837928219936316410e+01
5.897616110606713846e+01
2.431128208879939478e+01
1.113903370555122585e+01
1.140263193496763883e+01
6.663550980425399395e+00
2.075867632703973342e+01
1.386383920629864797e+01
2.315845422413317678e+01
7.701166900037054397e+00
1.346137374411958554e+01
2.602959949728364464e+01
1.398435153326391678e+01
2.335877510857741868e+01
2.615459837697270729e+01
9.021720007098586791e+00
4.536577944417598474e+01
4.661645533072343284e+01
1.531574414587511512e+01
2.544795759404693314e+01
2.025372440312362698e+01
5.632445451550427151e+01
5.092642963037712356e+00
1.083175100880915309e+01
2.083605411315877376e+01
1.782040628084644496e+01
2.226705190431065873e+01
3.341071186838397011e+01
1.269636753821367670e+01
2.463055812994536353e+01
5.721388382089127589e+00
4.051954450591009760e+01
2.469413951066653112e+01
2.047042734447743229e+01
1.061999528324897568e+01
1.696168087235632171e+01
1.068461265733896326e+01
1.413282893536967677e+01
7.479587857408254159e+00
1.181201721969578600e+01
1.139165830202023599e+01
9.034026674069574270e+00
1.558256492540194316e+01
4.420200639755814365e+01
2.594151014215255202e+01
2.652942123560351462e+01
1.481542385427444408e+01
1.283632347243681160e+01
2.086460543431105208e+01
1.209887609392914598e+01
2.415362053752007299e+01
6.941085494157272251e+01
3.896003096591939396e+01
6.314233917263207019e+01
1.537117915021075554e+01
1.305529747081340375e+01
1.340786238159422261e+01
4.962830348348294507e+01
3.062545019917988753e+01
2.533204091317149320e+01
3.487890520027428209e+01
9.081027589564113711e+00
2.494369165179751846e+01
1.486941710546587991e+01
2.144716025141812565e+01
1.310959409648550533e+01
1.081444802996470500e+01
3.239756632291208405e+01
1.873525782178400334e+01
4.417180457463048882e+00
2.314492197000894080e+01
1.427426293427701509e+01
1.049562615924443953e+01
4.764166301279588289e+00
7.558708782324338848e+00
2.022132515222761029e+01
6.100778711901829965e+00
1.195531580354927570e+01
7.313123996086966372e+01
1.983141201687096711e+01
2.438746650006904915e+01
5.918861087583578318e+00
9.670355938769649384e+00
8.929822964611910052e+00
2.665210825274790807e+01
6.758946765659403333e+00
1.081594327632457642e+01
7.486376999355655926e+01
8.371309178934009765e+01
8.421333162135336892e+00
1.141155034244461852e+01
7.947436058294426786e+00
2.034645593840437883e+01
1.674995302220943572e+01
1.078277301004536071e+01
2.863052550888628289e+01
1.324277641385157800e+01
2.381365354284885427e+01
1.155070254850810763e+01
3.919933262568082455e+01
1.945130820823900564e+01
1.167203548816780589e+01
5.713105415843273249e+01
2.513089995998736370e+01
2.156621289095775040e+01
3.266188158878257752e+01
1.402932599399520974e+01
3.088888844736272432e+01
1.972372012801365670e+01
1.145202498681087455e+01
1.557791630038338582e+01
7.244625610459130449e+00
1.621424547466802224e+01
3.047989725378559456e+01
6.813061206923497082e+01
3.673684200692339630e+01
5.506498694147042983e+01
1.536318222858036719e+01
7.782706023832664854e+00
3.156921983109476670e+01
1.010271590088518145e+01
6.034902852992883204e+00
4.165964334296892702e+01
2.034970966377640877e+01
4.533863929177311292e+01
3.953859875089264619e+01
2.367599702384188731e+01
3.229569862525696067e+01
4.201966818322540043e+00
5.928196098960316185e+00
3.837380934062088045e+01
1.434627663258463670e+01
1.069861751174784992e+01
1.280115561402699065e+01
5.333447311493195286e+01
6.584092938510593740e+01
1.524381278246997695e+01
2.596664618851511364e+01
5.297844570988682023e+01
9.650832521943036113e+01
1.451690741559138864e+01
1.120571349377058290e+01
6.658719005071698405e+01
3.017278022823775885e+01
1.293339512331528240e+01
5.260196826182659180e+01
1.033388712172569655e+02
3.668637487614790160e+01
5.741457109224880639e+01
1.214760888133642958e+01
1.520052030842017032e+01
1.689454219706179927e+01
1.059041515266023126e+01
1.834897077209544847e+01
6.574600107784695169e+00
3.185930083226208964e+01
4.637118412547626178e+01
1.470759303054323475e+01
7.842913465269155893e+00
2.924994865570302949e+01
1.312962216513229485e+01
1.188327201756471396e+01
3.145620630079251967e+01
3.190003966027991922e+01
9.372030965985155504e+00
8.695848776704801608e+00
5.352633834096258880e+01
9.606047821251651797e+00
1.746251259275081225e+01
1.997940927760565444e+01
2.156009743414776025e+01
1.273178940109608526e+01
1.493831561646619264e+02
1.154496778151412713e+02
1.034767290520406391e+01
3.059032760245537830e+01
2.948016411380108082e+01
1.929897264435567550e+01
1.483964910528434267e+01
4.696316109154878404e+01
7.687296658560519802e+01
5.310107198879971691e+01
4.865772836141866264e+01
3.336889715067836271e+00
7.035087859311739855e+00
1.119023521640906793e+01
1.273866014835115124e+01
3.548820377857259700e+01
8.996815074224095099e+00
8.732242031969885687e+00
1.404303777286633803e+01
4.369767236158369705e+00
2.273625557787593365e+01
2.392184557958864843e+01
1.547291868533187120e+01
2.071798159454857569e+01
4.568552710215744384e+01
1.297563947410299257e+01
1.956850343294921402e+01
1.262303276254699469e+01
2.384916322309982295e+00
1.617284516639522352e+01
3.981792767356802187e+01
2.055492259253496456e+01
1.626900356106819601e+01
1.763670509747880644e+01
1.030577540723947827e+01
2.219878878603595140e+01
1.226189107103857978e+01
2.362094487584981906e+01
6.713017362315961911e+00
3.502627266418087260e+01
6.017122872219710672e+01
6.211671212643219775e+01
4.495314435669993003e+01
2.250963725591103639e+02
1.891333478583133498e+01
3.899865571152825794e+01
2.896243933396303927e+00
1.998724498769776758e+01
1.455943721600467988e+01
2.127968177777998449e+01
9.147484380815091853e+00
8.593779692747267163e+00
8.863688189638693871e+01
1.994196138566343635e+01
8.903164038361733645e+00
2.157373351808965012e+01
1.664787430254255085e+01
2.015109502131918617e+01
1.325671399343034018e+01
1.473275450815383003e+01
9.416138379920775847e+00
4.044280558420496163e+00
7.851739315510661399e+00
1.085949599360333728e+01
9.908503279106550821e+00
1.039811858403848888e+01
2.563905688109091940e+01
1.607035743348315293e+01
1.942781700718302673e+01
9.975523307370485426e+00
4.988383911080930488e+00
2.249660334055340982e+01
3.057214124841333458e+01
3.059767333308712622e+01
5.423733874126368093e+00
2.962858657391037909e+01
1.891847927228210935e+01
1.528251518759455863e+01
1.761424307300843140e+01
2.340762702799208483e+01
8.681548393625188709e+00
2.070590168544648080e+01
4.433410002013048512e+01
3.156255961942130028e+01
3.514670851594365075e+01
8.316978802654361402e+00
6.440465574976659013e+01
1.225219902539078021e+01
6.916221710583140059e+00
1.085436805341188382e+01
9.854013484535027345e+00
2.495914079087941317e+01
8.025814993477332848e+00
1.737211896067531924e+01
2.737033825223674199e+01
9.189999070355817423e+00
3.359669469766773631e+01
1.305839750373070274e+01
2.589131437535716884e+01
1.238343611152409665e+02
4.942056424393001635e+00
1.871594365903779789e+01
1.276584091946492627e+01
3.954052113655341572e+01
3.673253893226426925e+01
3.817914786133492555e+01
2.047627638633424496e+01
2.035241457603339654e+01
2.954868003564679313e+01
2.328952272328943351e+01
3.645764925694552971e+01
1.124642307747603631e+01
2.352574125453794807e+01
2.369977733830031497e+01
1.516386943002398446e+01
4.029993740878792607e+01
3.539903525234808512e+01
1.405724251633580657e+01
2.654858268751183914e+01
3.555570349699766552e+01
9.901152246742846330e+00
1.491354082729189656e+01
2.182921049963933058e+01
1.532426146901256558e+01
1.288812130671032108e+01
2.069004732166762039e+01
2.773964161587928601e+01
4.547356023208753584e+01
4.220637461983668182e+00
3.706096195164857932e+01
1.540868810369300945e+01
1.910718380897023749e+01
2.282729069907580666e+01
1.162826891933504214e+01
1.169698561274084270e+01
1.011227825570142613e+01
2.137096085105045873e+01
1.757942771312092134e+01
1.365941724992741158e+01
1.828474759776989345e+01
4.003390836463203328e+01
1.940291040054646743e+01
5.371038534737939329e+01
1.262353609468837767e+01
3.618516680762286342e+01
2.035418047483811677e+01
1.485822281080927709e+01
1.155718547812976382e+01
1.075015922853539152e+01
9.431725784039098670e+00
2.231109498732109131e+01
5.585184001645318119e+01
1.616618225199271208e+01
1.446558471263857548e+01
1.265806156217589695e+01
4.634691763815654753e+01
5.584810927892646326e+00
3.039787760389669913e+01
1.224291955000713372e+01
7.772249082010786125e+00
1.707179674963821014e+01
3.011990615177984765e+01
4.581305579617364288e+01
1.759576450131639547e+01
1.418685017165091011e+01
4.527611406293355678e+00
2.984408365298396149e+01
6.777856976352191865e+00
6.788803299312613504e+00
2.512582281846670895e+01
2.141652694613700447e+01
5.565671185210467442e+00
1.951768890152006364e+01
2.325833465962233504e+01
1.198459716959786725e+01
1.080681213712269795e+01
2.002750759552369075e+01
9.401850467696357683e+00
9.308304852313453281e+00
1.086111760112491709e+01
9.647783954363079673e+00
2.399666104101652664e+01
5.292557612273388656e+01
3.809658801762120905e+00
5.649579604679243516e+01
7.314444397043855517e+00
1.294472905321298484e+01
6.696832442117074180e+00
1.952732549533534012e+01
3.876509601765830126e+01
2.952781428786591533e+01
2.687733269423348048e+01
6.738142368292168172e+00
1.165073382241643785e+01
5.188233343779230289e+00
1.385101096411584898e+01
1.163679369341169867e+01
3.298778624325077402e+01
3.050751145820818877e+01
7.502284252956728849e+00
