1.311361312807016333e+01
4.448332323965500734e+01
1.778422388629901008e+01
6.406014978129756621e+00
3.734746514359881786e+01
2.636299978918532361e+01
1.512804174717171435e+01
1.304708388108447537e+01
1.541735235547136718e+01
4.259470367056057682e+01
2.479708872886943283e+01
2.087284375449389984e+01
1.261960974919151646e+01
3.609619158960973095e+01
1.735743003585072586e+01
5.427382970326511291e+00
8.538422947072970004e+00
1.700625888338794311e+01
4.660796369047602639e+01
2.129228291615283197e+01
9.641118579186084503e+00
9.508771474780195376e+01
4.670035126515361412e+01
1.299586315170767570e+01
1.841582783513877075e+01
3.331270724555903939e+01
1.379908832159603271e+01
4.822939725243395515e+01
8.708471136202618368e+00
3.931969020880720933e+01
2.235482683967482131e+01
1.385118661917739402e+01
1.314830112189840250e+01
2.824667194368429080e+01
6.209160016754862177e+00
2.620037878594570202e+01
5.591928619547419999e+01
6.576447914228207736e+00
2.512446128592442562e+01
4.756819801691344551e+00
1.418633171889034905e+01
9.873018505197045158e+00
2.776050277519229326e+01
3.494833356244163269e+01
1.439133158823752723e+01
2.979756739123351394e+01
2.017167429038834214e+01
1.606055942587506280e+01
2.774193567334459232e+01
1.976905175571166140e+01
9.778576996827514023e+00
1.903402193828920375e+01
4.122155712692314466e+01
3.296879585271558710e+01
2.128010671992129943e+01
7.451361305795746404e+00
2.468135765658528413e+01
2.715878077683120395e+01
1.669019896045599083e+01
9.827502650071695101e+00
3.835473177570496262e+01
1.469422406890094024e+01
2.622743559601246233e+01
7.554215124327573250e+00
1.852866677299012466e+01
2.885726472019504030e+01
4.837631169308179580e+01
6.922415472794944513e+00
1.011610205467191648e+01
8.276800683317119933e+00
2.994814882465902528e+01
4.347293122038922064e+01
1.237788515525943822e+01
8.695579178914281115e+00
3.855018712063565545e+01
2.664286711511709171e+01
8.281617831395561069e+00
1.722305300128319061e+01
1.284171083593897933e+01
1.790155097256653249e+01
1.912359600801431014e+01
2.251548224747719829e+01
1.597531956815722864e+01
6.477266668761785695e+01
2.892339523577900451e+01
1.111154460272867439e+01
7.191343982966617432e+01
4.071235120849350864e+01
3.013786571525454860e+01
1.659561951969990545e+01
4.110313140043265889e+01
3.951270236429228078e+01
1.523669489048617542e+01
1.974071836459701856e+01
1.227170824734517218e+01
1.269263480500432983e+01
4.317363805741229044e+01
1.901728763135524858e+01
1.532022145078065556e+01
9.054185097351572509e+00
6.029121869646766996e+00
7.491116240495038880e+00
3.131136116312612216e+01
5.083440314266048254e+00
4.933932712751042260e+01
5.366917472019292923e+00
1.148673893313791439e+01
1.421425122852984657e+01
6.050640154588852226e+01
3.405636613504247379e+01
5.992662044322958792e+01
2.210809143228523510e+01
9.416544359343390624e+00
1.534875286158812813e+01
6.826559809328762718e+00
2.894195296091266556e+01
1.814050843802866808e+01
3.935607462384672317e+01
7.543414300310518961e+00
3.262088052526921444e+01
1.267131860881074701e+01
4.459982242647296147e+01
3.505773560005809486e+01
1.999672422881686273e+01
8.611473315770162174e+00
3.678718900673710124e+01
2.003759381538043627e+01
8.809309458239480861e+00
2.649502473009910730e+01
9.230908034424135877e+00
1.299521905202284522e+01
1.906787441679809803e+01
1.652522459580759673e+01
8.769677245242314712e+01
1.564128245178166132e+01
4.703588329702130011e+01
1.042493750874717051e+01
1.484194831058942654e+01
4.243463723437879764e+01
2.251737282677924412e+01
3.296150609525516018e+01
2.341740155412160362e+01
9.286221334285954754e+00
6.743082444280361187e+00
1.311296814152326284e+01
4.874450737106469234e+01
1.904146009818470020e+01
2.952652487865233155e+01
2.555087109132645296e+01
1.261977645202686205e+01
3.026387242268067990e+00
9.496423317551792920e+00
2.628694532393638283e+01
1.606814016636324638e+01
3.458163390242865631e+01
1.098716096689535959e+01
1.497801460066808410e+01
5.986759043227625199e+00
1.619188904180849065e+01
2.364799926909890715e+01
5.641593969209720782e+00
9.009339957976610691e+00
9.610212669890797699e+00
1.120910353691268568e+01
3.225030632264576269e+01
5.660905568568593615e+00
1.263488019401489382e+01
1.906842398717211395e+01
1.155489991182721532e+01
2.886993241702460367e+01
2.524029042983088544e+01
5.721395438445076564e+01
3.029943470710122710e+01
1.625121082552326257e+01
2.467151049366534110e+01
2.514699359743489993e+01
2.162309562851667266e+01
1.630474536546448050e+01
1.629237765593768827e+01
2.245975818203009311e+01
2.278376048961808920e+01
7.641538508702637067e+00
5.855312991334880479e+00
4.121515909346967277e+01
4.382676970176128606e+01
3.023915393246770122e+01
1.575544437064573700e+01
1.770753525837208642e+01
3.109021032556130493e+01
1.760363265751147921e+01
2.648958276302592907e+01
5.507978386859058162e+01
5.163656659237167190e+01
5.180894540957488914e+01
3.427897589324686578e+01
2.423260662234618223e+01
1.469556800106718697e+01
3.109746596193796364e+01
6.053370233592326599e+01
2.381876752326919444e+01
1.571390951853625495e+01
5.462107417903756534e+00
3.440267225464931045e+01
1.048037462333156178e+01
2.443198095973666639e+01
7.634540979170964192e+00
2.783171942035604474e+01
9.201882884954855513e+00
2.396195956700934815e+01
6.736532130795393591e+00
1.580937891390471783e+01
1.370644990962392740e+01
9.985993345399704069e+00
1.659884758858304821e+01
1.254402330894994044e+01
1.279352994929329412e+01
1.964812826736135776e+01
2.678990974895651433e+01
3.602755342178033260e+01
3.750060534753854569e+01
1.292512378206345502e+01
2.340462047363110543e+01
1.442726024528949580e+01
1.666732951067166724e+01
1.807657824154465587e+01
6.049349555509945020e+00
7.554197056575497449e+00
1.711552182550837031e+01
2.223595317992800702e+01
1.477603401597814248e+01
1.617464427398324389e+01
2.420671706594314898e+01
1.764717625125974720e+01
2.135505939266162301e+01
3.002324628691272324e+01
2.910430077165676721e+01
1.099251647194800796e+01
3.615261577571088480e+01
7.953965498943485102e+01
7.852523858152497382e+01
9.180010731245440425e+00
5.436807521933189946e+01
2.894390637499155261e+01
6.407150806480538918e+00
9.592003964564815632e+00
2.104478861348735563e+01
2.361208526410758424e+01
1.681152762901341546e+01
1.843584949368047532e+01
3.267766696952661221e+01
9.680548174610812850e+01
2.866522893678897077e+01
1.490373662410328137e+01
1.813029334617209543e+01
2.769767704117745666e+01
2.728142063280318297e+01
6.537010514275514161e+00
1.726231010138478439e+01
4.203518478201591790e+01
4.255515298901770649e+01
7.639234962124207051e+00
2.474363803863166922e+01
1.559083242475963971e+01
1.439957713884849966e+01
3.247617050535227889e+01
2.900872498611263239e+01
7.065550829789650322e+01
1.848359820335597448e+01
1.849989934565250138e+01
1.357657968516171643e+01
1.920247441477803818e+01
1.508878395834241459e+01
1.813118206015287370e+01
1.057267899176879666e+01
7.215084832415004712e+01
5.857683897604161416e+00
4.577217406083372708e+01
2.202475750815596456e+01
3.544342371126899849e+01
3.418859924172682696e+01
2.015821413743475077e+01
2.138624939313774931e+01
1.143040269694037292e+01
1.050460269860144180e+01
2.399069272321847279e+01
7.473175597001525006e+00
4.203281985534247411e+01
3.665990381198336223e+01
2.757192393060013913e+01
2.390471613635950021e+01
1.446155926084345467e+01
2.193505579518252091e+01
5.811346017112450468e+00
2.190431480263898223e+01
1.795964278458193419e+01
2.139291930748433046e+01
8.914806547349700239e+00
4.726500868798371613e+01
5.320952638408518176e+00
2.409757124832718134e+01
3.551278739097557491e+01
3.136362431103877313e+01
7.468933540013775030e+01
5.881407311264306159e+00
7.732894470873560522e+00
4.081220862912388725e+01
4.270147560880749893e+01
2.103277116285930504e+01
1.542144315153200829e+01
1.631072530379039165e+01
2.212002246732837563e+01
2.579022899357863352e+01
2.742391391391954159e+01
4.027154618811228914e+01
1.178919973999980186e+01
4.034521729960181347e+01
7.755506039340900770e+00
9.364180941914458600e+00
7.710853617370069912e+01
3.835656141797451824e+01
2.749265506369905765e+01
7.621996944066506074e+00
4.001434393497703468e+01
6.285616345074561906e+00
9.438896470009586537e+00
1.535932221288861754e+01
7.143779530062981387e+00
8.228606830361341551e+00
9.192779235360513113e+00
1.643156538064387107e+01
2.317032804276162494e+01
8.907018213703716825e+00
1.968945376834365391e+01
3.884258547132932904e+01
1.306361894653974787e+01
3.115344641612380272e+01
1.414900612939754865e+01
2.078410497644138388e+01
3.750328029917042016e+01
5.907038177238338683e+00
5.079851045193994707e+01
1.786229323611112463e+01
1.249148470289431145e+01
2.869245918863377653e+01
9.255008559110885713e+00
2.725747523054770483e+01
4.451126866966313322e+00
3.375965916730374516e+01
1.557831638839313904e+01
1.805314579582621448e+01
1.838460383711904456e+01
9.326918801979621421e+00
1.082726501697901078e+01
3.452644923153825118e+01
1.860667557622635471e+01
2.325678766114909735e+01
1.763060973643979779e+01
1.899519245187589789e+01
1.803520097455081839e+01
1.181731032877101839e+01
1.566584092271324380e+01
5.998405687888212157e+00
2.692479707411865419e+01
2.031766253022678015e+01
2.197740128575152241e+01
1.979680551997168791e+01
1.330897431799985497e+01
2.064151213887438630e+01
1.965938239787937647e+01
2.522049410656463309e+01
1.046200168660613095e+01
1.025382296415035732e+01
1.427258481650816080e+01
1.598393480734062599e+01
3.728241175240059135e+01
8.425658343636637682e+00
2.998229730929565306e+01
1.456271598379974819e+01
8.633601597543671957e+00
3.064740487054174523e+01
2.316991779311621968e+01
1.953033983303442511e+01
7.960029054310876973e+01
2.523671064776872974e+00
1.375458083350081040e+01
1.874363244231989967e+01
2.863790152919163390e+01
1.994909825673613213e+01
1.681634606647046581e+01
8.031285933737537164e+01
8.475281377257733340e+00
2.646165597515761192e+01
3.743143550952017051e+01
4.501258061258454291e+01
2.162379042884849412e+01
1.525109842782766378e+01
2.564690690199537926e+01
3.709139923766301905e+01
3.652008249471020207e+01
7.384175020023413083e+01
1.421922192878487934e+01
4.324299703737760581e+01
8.712049319163185146e+00
3.086861200538364969e+01
2.472616143187485704e+01
1.073977120192772361e+01
1.289609705607381684e+01
3.892932920373882411e+01
1.275995989030088751e+01
1.785607774803672498e+01
2.713910911071585019e+01
2.266731328645209942e+01
1.069135089019509266e+01
1.602209379599567285e+01
1.219445401888685154e+01
2.283565862743521535e+01
4.074262668252657704e+01
2.040092438315828360e+01
7.850165925302083458e+00
9.004509781978492811e+01
3.790879932850835132e+01
3.590768204279609677e+01
2.443477403817409765e+01
1.490435077233385996e+01
3.059584646960549037e+01
8.506358166767995499e+00
1.447442608481346404e+01
2.116302304843912196e+01
5.915389237719456617e+01
1.567512364644179534e+01
1.705157188309749827e+01
4.106506729899520991e+01
3.660831601907934640e+01
1.207212304521586965e+01
2.218436085249734191e+01
1.009992758379603117e+01
3.696011244996812906e+01
2.696630049164415155e+01
4.569078821886051855e+01
3.167680648298312107e+01
6.938842319480635012e+01
1.095079894011988486e+01
1.549029354718467921e+01
3.566745073294062962e+01
1.711390626632534762e+01
2.017110575212443635e+01
7.542141038024374744e+00
9.087557781587221939e+00
1.022065863770912841e+01
3.383183997196617554e+01
3.163490309994563532e+01
1.696940979273228578e+01
7.735720523720910791e+00
4.745258788396606775e+01
4.386827340354800953e+01
2.231627981368595570e+01
4.726394713112428647e+00
1.916840283727451677e+01
2.538801002786506444e+01
2.031918369182075779e+01
2.827935245736134817e+01
2.171971809157619049e+01
1.467195822801523164e+01
2.033726680596401692e+01
8.603695828814430513e+00
1.003478494551479017e+01
1.758101258391358002e+01
1.974404021475708504e+01
1.508057845845592126e+01
6.285500724458791488e+00
8.995995900631641007e+00
1.581839873678927155e+01
1.975601050838834993e+01
7.512671755094128656e+00
2.325291404560609010e+01
1.287166591685836003e+01
1.771265987405854503e+01
3.036301746298825321e+01
1.847800949794708814e+01
3.657438400858164584e+01
1.006288150512644464e+01
2.758817308423051173e+01
2.267468249352114285e+01
3.319209609625077917e+01
1.314203774736281716e+01
4.078392402227807878e+01
1.242418592448125914e+01
6.000511977465468938e+00
2.689990869450837963e+01
1.011392926822430951e+02
1.870358419256903559e+01
1.478631745473968095e+01
1.594793440074598756e+01
3.998071604589609507e+01
2.982281578568547076e+01
2.448167061913875742e+01
6.147468032195063437e+00
2.278948504509456541e+01
2.001052638981933285e+01
2.670316120926215575e+01
6.742489063320485698e+00
