1.373951639846882067e+01
2.899650241849514742e+01
6.154522520517075712e+00
5.942742743220522073e+01
3.884554065216598673e+01
1.751380000882428334e+01
1.803746221907414338e+01
2.740570628605921755e+01
9.601978537480086118e+00
2.967595431089166880e+01
1.850052140515579779e+01
2.218558641476641213e+01
1.779142182513244919e+01
9.407248166251836352e+00
1.288062646156037871e+01
1.792341759870897988e+01
2.073415537263398889e+01
2.495117597995858105e+01
1.947135724158601278e+01
6.938294410914859434e+00
7.058352415695421200e+01
5.767111080776896159e+01
1.416699310693485714e+01
2.804283419915995168e+01
1.553231582555503820e+01
1.246662194514686561e+01
1.655120931032558929e+01
2.815298521465947701e+01
2.161544652080870677e+01
7.729118619785050548e+00
2.310740303293216158e+01
1.597820660930279502e+01
2.433469020491337176e+01
3.500144558916117177e+01
1.407311482580310091e+01
1.310518207009260472e+01
8.092702903771495926e+00
1.209572699973702115e+01
1.482483708846933190e+01
4.086371823134068393e+01
3.638406012532247757e+01
6.138753768804703803e+00
3.890761216661594801e+01
4.736093152329299016e+01
2.660274285531236771e+01
6.114585164142904539e+00
2.265599608943586318e+01
1.820937420388402117e+01
2.569328974799708476e+01
5.761952605702386876e+00
2.332476818066982815e+01
3.630424329625409285e+01
1.448579386538012415e+01
1.078738821103883794e+01
1.226984981861428459e+01
1.714629876554124976e+01
6.418444113053502598e+00
4.761845338972043429e+00
1.590122585791725207e+01
3.516983515747450184e+01
5.703196544851707905e+00
1.473483557473710981e+01
2.327077745870415981e+01
4.112667462007961738e+00
3.465441790335827932e+01
1.056487895319722270e+01
3.831778545474413278e+01
4.198904693691541468e+01
4.006197703740842542e+01
3.312300349335785654e+01
2.383488315736227392e+01
9.510922904914318465e+00
2.729885894937915936e+01
2.043662922926861114e+01
2.012287436960253117e+01
5.031148919258188101e+01
1.272493614393941819e+01
2.777047216613188141e+01
2.442688756795352845e+01
2.764011989626630239e+01
3.178441937068937051e+01
3.239715416438546214e+01
6.641187236202069855e+00
2.323851816860608466e+01
1.952156832103485939e+01
1.745585821108292279e+01
1.354080229952970882e+01
8.445695007121317488e+00
1.552440811169463686e+01
1.755128064569941770e+01
9.427594994691835595e+00
1.121016158365044646e+01
1.017510784935055135e+01
3.101502798232618474e+01
1.735150064138624515e+01
3.099700991472574785e+01
1.523195084825439594e+01
9.926486806948030761e+00
1.952466181034820636e+01
2.191598271774051199e+01
1.725207640254168950e+01
1.393090515682501795e+01
2.469289511934080394e+01
5.251488495887809194e+00
5.401105292409561542e+01
9.680921389066245553e+00
2.314959184203770803e+01
2.101706553473692196e+01
3.890843847918176124e+01
2.431130270725561004e+01
8.856816910348515037e+00
2.292869677718476140e+01
1.495925042954458739e+01
5.617372017980049037e+00
1.946694394517690796e+01
5.930358896753308784e+01
2.475962641314335499e+01
2.423350805150034759e+01
6.269816689347393002e+00
5.089965079130841730e+00
2.166095015913886357e+01
3.861339506596384297e+01
4.126033011491610125e+01
4.693628521734963499e+01
9.422270211595362710e+00
3.793443692605789863e+01
1.045621961849686343e+01
3.177956241553480154e+01
8.014692710156197109e+00
2.687103840560520851e+01
1.250716267076698607e+01
1.007073013451762478e+01
2.600578744079590621e+01
1.696953504781317790e+01
2.099897486121081513e+01
4.546128486925544365e+01
2.195071028211676634e+01
1.765995400740011689e+01
5.188467151411615852e+00
1.094428447170005114e+01
4.061056878572448170e+01
1.040904403546943868e+01
3.120298770426716573e+01
1.109424143158655696e+01
2.511156848638347583e+01
4.832092743920547662e+01
3.679773026472669528e+01
2.029465916422229199e+01
1.212205624550887073e+01
1.067319767551470200e+01
1.391128300017312824e+01
1.227299069100343942e+01
4.114312541415353408e+00
1.474746952346668749e+01
1.991069389908793141e+01
4.720096081488396322e+01
1.186710119242101946e+01
3.024969019519296154e+01
5.614166148022979996e+01
2.537939836065314481e+01
4.411673281888008091e+01
2.584210433636874527e+01
1.300747612426825839e+01
2.728811795408981666e+01
5.715625486021016144e+01
4.505858927386833557e+01
1.791629748681729950e+01
4.627254689097255635e+01
2.587295075848407677e+01
9.595515335791303002e+00
2.249480281978098972e+01
4.792424089077639593e+01
2.274810287944868037e+01
1.873049709441038146e+01
1.187157746779535472e+01
1.370692765214248610e+01
2.903187294221759629e+01
1.613649372038576146e+01
1.169258526678384591e+01
4.176240916874778719e+01
1.244167169260142458e+01
2.124946572311951343e+01
1.774160721986122269e+01
2.840791019163072306e+01
3.279492117274474339e+01
2.232598150480214017e+01
1.609831035396713972e+01
2.619919563976486643e+01
2.127102384122776613e+01
3.705919042914165829e+01
2.334287178530895801e+01
1.820020929023803191e+01
1.339626389469362522e+01
6.303516916092855915e+00
2.628849915776196511e+01
2.006300318358113799e+01
6.354540137039502667e+01
1.217591149332652201e+01
2.614096603700018662e+01
5.927106784987123689e+01
1.710393429437583990e+01
1.370765745496538557e+01
2.686992264752840498e+01
1.039612841758686024e+01
1.171635604202613656e+01
1.759417106958796140e+01
2.750747375461600086e+01
1.033037894931570300e+01
1.082429261391500930e+01
1.700192858827922748e+01
2.941989673033308605e+01
3.510004097092447495e+01
1.584331754486760424e+01
3.420751715037253859e+01
7.852042577830474102e+00
3.653816525595997433e+01
2.533545348112818729e+01
3.306309436708608018e+01
1.255799763326701424e+01
3.260346619727990713e+01
1.254553206339721427e+01
5.585321388977410351e+01
5.491849043142155296e+01
7.988269123075172118e+00
2.044294890627638495e+01
7.939029876924921325e+01
7.355543580265624826e+01
1.813914882096435477e+01
6.643111760694123902e+00
1.116546655844044977e+01
4.470108220830305612e+01
1.582285221450434065e+01
1.981097477602114409e+01
2.488447194174021604e+01
4.803389844106609985e+01
3.321875515316426686e+01
2.297018343342289981e+01
8.932253581394832054e+00
2.047732035259586780e+01
2.152306046299770514e+01
1.218836211299981898e+01
2.001897450365840569e+01
8.166988010888285032e+01
1.609436226138766912e+01
2.448963241290574189e+01
2.396876896742606888e+01
3.089213600604326615e+01
3.092977230952217127e+01
3.446073866609071956e+01
1.023313124719133249e+01
8.802747020935841604e+00
4.682630659205404555e+01
5.689936276874089316e+01
1.595622468019977980e+01
1.051708272339383221e+01
1.929085159274594119e+01
1.551006609144560144e+01
1.809099066509081766e+01
2.847042609600106644e+01
7.937720910386855344e+00
1.606546334952749788e+01
2.917384629834354204e+00
1.006171656726931758e+02
3.798824869000432614e+01
2.010628299168927668e+01
8.852476548832978409e+00
7.374811740743400179e+00
1.789390316435461870e+01
1.771976055214338786e+01
2.522148965756419869e+01
3.511021712961827745e+01
1.590474342116228534e+01
4.478915008365961903e+00
1.486036906990562301e+01
5.939130264211410548e+01
1.844694188536280421e+01
1.991312994882494891e+01
1.570157287868116391e+01
2.131055012840646867e+01
8.911945593075637717e+00
1.534506204535260387e+01
1.778233496628964261e+01
2.370312393227330716e+01
4.596854224000025368e+01
2.202658587578020288e+01
9.325201994409415107e+00
4.131276668550803066e+01
5.811741598984878010e+01
5.042305694637615687e+01
6.549470911973080511e+00
1.215360859470945343e+01
2.509757691021663817e+01
3.984290030548780948e+01
4.026297770937722120e+00
1.359452313864500717e+01
3.335873845701300411e+01
2.046707010142499072e+01
2.289231710194468405e+01
1.640525959566652503e+01
1.412239897182278625e+01
2.497646003161016992e+01
7.334411546565926976e+00
1.496191375486893271e+01
7.392815941811184643e+01
8.389108793525945629e+00
1.984665685471077268e+01
2.086700994456409575e+01
1.616446140962782962e+01
2.268718352345451805e+01
2.132605164451534563e+01
2.247197890055841896e+01
3.448485818059868535e+01
1.348666965764667403e+01
1.010469418455663160e+01
7.501084559235283500e+00
2.678463056273516685e+01
3.445011650466947373e+01
1.980732612811587856e+01
5.577976470966567035e+01
2.145019885178153274e+01
1.376181548957711342e+01
1.111787967848600367e+01
4.467807337099862508e+01
8.802258339962312661e+00
5.301473390997076507e+01
1.104119549267535305e+01
1.563268758730217023e+01
7.994013881585418346e+01
1.556759291411108848e+01
4.601832513612433928e+01
1.724984855753763568e+01
2.180662257428690509e+01
1.571917172758021941e+01
4.646255230278924842e+00
5.005751574811677784e+01
8.916281086619040508e+00
5.283917831662412112e+01
1.280893492489036589e+02
9.470430243429190043e+00
2.510896353424813299e+01
3.336058156574256373e+01
9.018084315734807177e+00
4.465162945772602754e+00
2.670410297266447586e+01
3.551141647110269162e+01
4.797042158515136379e+00
2.967872511441818517e+01
1.695177732900358336e+01
3.510298104214807324e+01
1.666253957721556844e+01
2.463375748724298475e+01
8.108506546924610703e+00
4.511572350327890746e+01
1.526890245280277192e+01
7.474980652104794565e+00
2.290535114757577162e+01
5.076536264063520321e+01
1.079866534598530237e+01
1.088894778609781255e+01
1.709459204324338089e+01
1.421428968245356650e+01
9.263238255695368295e+00
3.215347670339121322e+01
2.455062341661172809e+01
3.000058792788288997e+01
1.756169131891028812e+01
7.958260834420589447e+01
6.188793534130334173e+00
1.007688845050684279e+01
8.398983697453161312e+00
1.198547272555732413e+01
2.601438742347525590e+01
4.648577582130646135e+01
1.536682609113656817e+01
4.800525768508812519e+01
5.372855626395580941e+01
1.390434908408355241e+01
2.583936358124237742e+01
8.108239532799066751e+01
2.742945076050534325e+01
1.688655053691347518e+01
4.878700741386667517e+01
2.673199457985059269e+01
1.099613333822880534e+01
2.968385462532639352e+01
1.406232391685881566e+01
2.572848153442149055e+01
1.826273682662909081e+01
1.006743995798068525e+01
1.305108492948228083e+01
3.106200617765974314e+01
3.718578604530650722e+01
6.078712612177809227e+00
1.294708016184664068e+01
2.852363797143479118e+01
1.297328049002418027e+01
2.290255418977576340e+01
4.649328084198117494e+01
4.339471681925365942e+01
2.196189474288469512e+01
2.538834480276575079e+01
6.420454239598539914e+01
3.404467536601327993e+01
2.503481029784760281e+01
4.008574848684470737e+01
2.234104473463400709e+01
1.186628186808392904e+01
5.857989596299143642e+01
1.079183627984136429e+01
1.820071502091724724e+01
1.742873382977239771e+01
7.965655725528043796e+00
6.333327577979922296e+00
4.397465096904480220e+01
2.059128459763216412e+01
2.545425504878533829e+01
7.048143167764936656e+00
5.180711863738643785e+01
6.375941308306533273e+00
1.405357068267719711e+01
1.261439653777646441e+01
2.641717562861358104e+01
2.242376714647152269e+01
4.157195574775698788e+01
3.508684951704176314e+01
7.525033313525835155e+00
7.191416687553623888e+01
9.114901415207185664e+00
3.962800084534315204e+01
1.905829379752085018e+01
1.753222155197029508e+01
1.636508010091598919e+01
2.535969082125562579e+01
2.789241039258872235e+01
1.171586270204005942e+01
2.436869119133874051e+01
1.377017319142161256e+01
1.839060917794454753e+01
2.468319958746310405e+01
1.227165192675929184e+01
1.326700536083532711e+01
3.921180341518537205e+01
4.428192786181356411e+01
1.921526782114234777e+01
1.454076102171692852e+01
2.609229773666807262e+01
5.104887395836490427e+00
1.828826900468043704e+01
1.040564321118610458e+01
5.396441823441844576e+01
2.654720969432144173e+01
2.272331245549783318e+01
1.449549183510170458e+01
3.637854173184143036e+01
2.108404433116210441e+01
1.060924362384968767e+01
1.271721770905852900e+01
2.272043983715959925e+01
2.587514873010890071e+01
5.029112719257110342e+01
4.802234303627699319e+01
1.881640562218211343e+01
7.360504200835179311e+00
1.805888751669086645e+01
3.221302903257638661e+01
1.035709138699906795e+01
1.909996135410177232e+01
2.250303566303047020e+01
1.664295992050592687e+01
3.335267635052435509e+01
2.774995962821673956e+01
2.646418486217432076e+01
1.613174784589760691e+01
9.208837955476012027e+00
2.048112949052933729e+01
2.752446859247299216e+01
5.426650127340058560e+01
1.279166043782020523e+01
2.909167384057650452e+01
3.374878104290168324e+01
5.973350664770222096e+01
1.829382468011290541e+01
1.129549209216954786e+01
2.255871171695632071e+01
1.149253118698871567e+01
2.758297045804835079e+01
1.610932164090006680e+01
2.359817341045335581e+01
1.756614518917981371e+01
3.817716388706581654e+01
3.383320501927227753e+01
9.504217156771201758e+01
2.302189972870661094e+01
6.494898621825169194e+00
5.889244513647317092e+01
1.914033413687037921e+01
3.262751999822414462e+01
1.466242429490202781e+01
4.367064602445034893e+01
1.764805976792828091e+01
2.416438568671486209e+01
