6.816907996980761553e+00
2.837133731506187928e+01
2.632612982237620258e+01
1.846376173701478862e+01
1.312013772611607720e+01
2.784266112545559579e+01
7.917723954066130609e+00
2.654265182695619885e+01
3.010098185288995154e+01
1.839065968666038486e+01
1.844328777085778270e+01
2.408967526141059423e+01
3.748047313297673355e+01
2.987429778948625270e+01
7.704042095174472138e+01
8.276820150022687983e+01
2.338922475952049496e+01
3.073193238432451722e+02
3.413729896622248816e+01
1.127335210303929180e+01
1.548881513852775882e+01
1.807662699003291351e+01
1.189524772490140947e+01
2.899838541551932636e+01
2.103211287777573801e+01
1.475986050930207938e+01
2.593849391092953027e+01
2.726496625297706089e+01
3.174037257248197008e+01
1.287262936149297161e+02
1.598709502269283789e+01
1.335243406068768657e+01
1.260415676030638465e+01
9.808369866648027013e+00
8.674059117546910613e+01
4.803635543702973365e+01
2.410709499908365316e+01
2.474362659305703716e+01
2.219027539574955554e+01
5.711473360512513864e+01
1.571650540206964841e+01
5.352861207764701845e+01
3.436599578801951793e+01
9.622197464807941003e+01
3.321081161384673663e+01
4.905535071958142623e+01
1.090913061083165161e+02
2.374356490875092973e+01
1.784786241762052583e+01
2.393474382527579536e+01
5.258817803353188935e+01
1.916884960494299150e+02
1.432601769240291389e+01
1.999215048561062602e+01
1.106331425605751662e+01
2.861503671460302911e+01
9.955682488390914386e+01
6.137968024505003228e+01
1.619991503116258258e+01
1.640361869501938585e+01
4.592481528014813108e+01
9.036240481321454965e+00
9.766503743752052102e+00
1.686550994937899617e+01
9.461111688991859836e+00
4.880357261161763915e+01
2.807240902832019103e+01
6.771147201193178944e+01
1.648175622891221792e+02
1.394476721670626418e+01
1.907931848054472823e+01
2.531067466443608538e+01
9.846507657480703557e+00
5.191717986722983369e+01
1.962064773856755551e+01
1.005396900874457913e+02
1.803993007166518225e+01
1.646047281596027290e+01
1.024394985268924607e+01
1.478821595552600243e+01
1.010653171473886935e+01
1.182559099718883715e+02
4.451004452596655625e+01
1.581258728188311835e+01
4.052130446366429339e+01
2.148082780542130976e+01
4.995775511005476943e+01
4.492456427562850507e+01
1.767294633860084119e+01
2.329264789188581375e+01
2.676330207327841393e+01
1.753310215476691170e+01
2.372967058188827849e+01
3.337993958371708914e+01
2.210447317392676680e+01
1.629158364355012267e+01
1.995127052122627731e+01
6.452134594838892667e+01
3.563212121226689533e+01
3.446742078139875076e+01
3.393734752040371205e+01
8.286837324002922855e+01
4.575761839850753887e+01
1.114741848266201316e+02
2.062020816804193046e+01
4.131535114473680892e+01
2.215363248094176996e+01
2.050715571138340465e+01
2.950093645925733910e+01
2.167498966510289193e+01
1.386438292211898116e+01
2.896059273667842504e+01
1.569723701129907845e+01
1.841662805007824133e+01
1.904815198372695306e+01
1.882190585820230666e+01
8.749356314786590261e+00
3.971649888853276877e+01
5.556892565583564192e+01
1.470642790603359096e+01
2.188406522017302791e+01
2.522449643692091570e+01
1.972403734588832336e+01
7.794020199059221454e+01
2.077975541182206598e+01
2.562283480985758288e+01
2.169558731994377467e+02
1.721148840610262880e+02
6.150946522390086102e+01
6.498824389335588592e+01
4.117966292625999358e+01
2.760854474633469380e+01
2.586962190176308951e+01
4.304361903719991034e+01
1.804552631987522204e+01
4.409110565339675247e+01
2.422779673901145969e+01
9.476650438239283858e+01
1.281185606771356511e+01
1.523460770708881640e+01
8.027183264723696254e+00
6.024299691606077545e+01
3.592826716257230402e+01
5.181222325601522982e+01
2.857531747941975198e+01
3.066459680064082960e+01
5.410477362622888364e+01
1.727424490505685739e+01
3.279913781605365841e+01
1.803701798217023367e+01
1.644394886817280366e+01
1.231393111034441290e+01
4.059875113561255944e+01
2.227206284519244761e+01
5.510053353607464288e+01
6.587120740623919346e+01
5.556994702489750182e+01
7.162118985121576031e+01
4.274210982632578038e+01
3.102601688645074773e+01
4.735409103089212124e+01
1.107302582468563941e+02
4.253858640708208583e+01
1.654166665218799537e+01
6.028776886906828736e+01
2.641104053948921049e+01
7.235473545563662867e+01
6.093296507235877613e+01
1.118121056135270841e+01
1.765850144033047187e+01
2.407278380155601383e+01
2.122913676683797846e+01
1.732111734426415950e+01
3.474358851647860291e+01
1.170465615665297676e+01
1.052957042919236486e+01
3.985976447221654695e+01
1.812318089506247532e+01
2.757011981873926842e+01
5.467197056058308391e+01
1.041255354480898774e+02
8.436758907140932351e+00
2.376077074106155251e+01
4.194864329279468507e+01
1.119953190899253670e+01
2.657969965545130009e+01
2.654833509587658114e+01
2.676810895828146641e+01
1.274049456333661823e+01
5.626897510526940493e+01
2.789064519830854039e+01
1.379516112191138077e+01
3.708034909336297602e+01
1.429733159305656365e+01
2.919784873694358041e+01
4.279960369152132671e+01
1.251933268232596390e+02
1.354676506115384704e+01
5.422673911718070627e+01
1.530729731836744278e+01
1.586274792489756180e+01
4.836095762684337984e+01
1.643537026668328167e+02
6.333935673844354142e+01
3.691948350845807170e+01
6.673857896027028502e+00
6.651779566905489105e+01
6.484460787601668130e+01
7.473801875442356746e+00
1.850898551945955361e+01
1.595047892327449723e+01
1.960067014481262859e+01
3.803220942867786647e+01
2.475652073885269644e+01
1.204506651500757108e+01
2.443522838410980214e+01
2.953217143869212435e+01
1.046746330940192315e+01
1.643326131736029794e+01
2.934120862458100376e+01
4.834805324052045705e+01
8.598117718461386971e+01
1.298740200646567757e+02
2.071632698260949468e+01
3.710774781987085902e+01
1.562420349564542477e+01
3.176656167725350954e+01
2.989432098537801608e+01
6.525131488944905911e+00
1.601063105922434460e+01
2.629125598200624125e+01
1.062089521216829091e+01
2.590253906323522770e+01
1.535183445762221766e+01
1.464324550107510881e+01
4.741410252470321751e+01
1.167336574773195679e+02
1.172355651772938856e+01
1.701312287209043816e+01
4.270414856804686110e+01
1.865428419800770854e+01
2.523775285147302228e+01
5.732153482390123855e+01
1.383347834727309866e+01
5.643453868904872905e+01
4.706984512622087635e+01
1.656167348405315209e+01
1.080651188292333131e+02
1.517032000328403640e+01
4.825432947799734507e+01
6.392655098870249475e+01
2.087183714117903222e+01
2.065528839672455419e+01
2.129010196470100169e+01
9.804106219736523542e+01
2.420368791106607631e+01
3.370158657359635868e+01
1.190315296763056381e+02
2.058012798534637611e+01
3.535756667053954772e+01
1.080792218735624921e+01
7.729104035065893186e+01
3.842011507931000125e+01
4.164925384170305023e+01
1.670922533770753660e+01
1.244080080778241815e+01
3.301647303028108382e+01
2.524001238724312302e+01
2.676769628819888780e+01
1.578412787560390385e+01
6.112062909173545933e+01
6.342278869173062361e+01
1.267286794751310275e+01
1.115432607567126233e+01
2.439161895340786046e+01
2.181181992659823266e+01
3.292570646486393571e+01
1.502098094402409600e+01
2.320901313828169634e+02
2.284891510204175447e+01
1.204664583125676387e+02
3.317069653377745908e+01
2.953807981155683748e+01
2.092317673352317797e+01
1.824062453324447119e+02
1.347387073198892082e+01
2.589371081305162647e+01
1.709183403935345424e+01
2.477239535185124097e+01
2.826740292593835235e+01
8.798445320286302263e+01
4.777656176670886623e+01
1.037443528074830645e+01
6.496345910306341409e+01
8.768574198745207937e+00
1.246026096054144183e+01
1.974461866887898509e+01
2.822232411131555452e+01
6.046435404355754173e+01
1.428910366912491980e+01
1.623661662196099797e+01
2.008052902767475345e+01
3.356348201557523225e+01
7.176464488105438910e+00
7.802946078667370955e+01
1.062423406603171649e+01
1.546962188410321914e+01
5.853907324433103909e+00
2.845104713755674553e+01
1.107293334550016368e+02
3.473189677352165461e+01
1.287598964317163208e+01
1.226722921387092669e+01
1.560934694241472016e+02
2.668269709814065394e+01
1.724448185984763171e+01
1.275763137805390635e+01
2.631779840055982334e+01
7.855091065527682304e+01
1.089782601168371201e+02
2.720516885162725274e+01
1.535015466889265134e+01
1.682081901004277569e+01
1.699133049115026779e+02
1.345770553805103198e+01
1.581381440069977806e+01
2.396474382206063680e+01
3.042240616974960687e+01
2.376282790052540506e+01
4.461835164187993996e+01
4.112602325033499540e+01
1.101285916217658922e+01
4.371701876134915210e+01
2.775451508746391482e+01
7.977386252516373588e+01
2.142846480091948891e+01
1.516299274546500087e+01
2.242756147114248932e+01
2.364357545321481879e+01
2.269613843829922928e+01
6.598292657779745696e+01
1.176540620028471409e+02
1.706353675779380552e+01
1.401778860139198279e+01
1.097638795076179576e+02
1.848049798377786246e+01
7.615316006487281797e+00
1.089317548224171972e+01
3.829193900665977424e+01
1.153655388376100710e+01
1.451278646280838203e+01
1.697185210578328451e+01
9.396389595438938613e+01
1.204295845889762795e+01
1.856329191113380972e+01
6.295320818198980817e+00
1.944216535707009541e+01
1.288001843816290304e+01
3.515660643576590161e+01
1.046154703974769085e+01
5.531286632967634453e+00
1.312798583516552497e+01
1.778989207024893560e+01
1.951391588074359262e+01
1.066414088817887240e+01
4.357002083550833760e+01
1.253368479775707733e+01
1.723834766303904331e+01
1.828633422371798645e+02
1.199332842248496078e+01
2.298716221725129216e+01
8.563566328398756866e+01
6.382239745886624682e+00
2.491232071278000859e+01
2.403936908211207424e+01
1.098215604673712420e+01
8.901519616182699934e+00
1.774870954917080113e+01
6.190244391516365141e+01
1.223608979828005872e+01
2.670100119768562763e+01
1.930308785530062465e+01
5.396710901334719068e+01
1.926694720331270716e+01
2.506381002540941338e+01
1.645192020567910731e+02
1.769817390574945293e+01
8.607008694065736876e+00
1.902936903999611218e+01
2.314581407057811191e+01
4.356922640385505474e+01
3.602977348197849494e+01
2.777909269582494289e+01
3.152969116627539492e+01
2.255738011192617520e+01
6.701433621296466470e+01
4.005705667611189114e+01
2.281568698331374989e+01
3.507084979961044979e+01
5.178922841326287596e+01
2.399432083160023765e+01
1.806321161891051830e+01
3.391889904753166007e+01
9.245981395764047761e+00
2.613880333060240702e+01
3.634564163353425670e+01
7.751146256345043639e+01
1.548595494506092152e+01
1.101164582315218610e+02
2.788151387985829643e+01
2.237344249819418351e+01
1.497579017125467971e+01
2.139937936464750479e+01
9.620523024812010604e+00
3.576561441323461565e+01
1.634932220126156110e+01
3.509105636762050295e+01
1.545900035691554564e+01
3.295195870235363600e+01
6.270374179203037102e+01
5.068691078605954203e+01
9.859254763566471524e+01
6.325959397677917195e+01
5.962022691168015420e+00
2.773069475939138684e+01
1.412991506922379337e+01
5.163074338928993257e+01
2.732248869982002404e+01
1.627133309785844872e+01
2.239991117121832787e+01
1.545768292106172126e+01
3.239941932968909555e+01
1.178773503881607176e+01
1.430199787351389418e+01
3.461076531519574218e+01
3.168253911073932372e+01
1.485668257908827741e+02
1.656188698539929050e+01
2.893795552761615113e+02
3.587763718389092560e+01
1.834495246649941436e+01
7.381074998139008869e+01
2.215395506739034559e+01
3.274079446484521583e+01
1.117918778120153256e+01
1.234595073132318248e+02
4.209274123958272185e+01
1.383130630894916813e+01
6.089392096964925827e+01
2.213810541995102099e+01
3.711279916830247316e+01
6.753998192233891018e+01
2.707411523518833718e+01
1.588081330949625780e+01
3.940060473706326150e+01
2.304445825989875374e+01
4.463743141665338499e+01
1.702698244914539671e+01
2.616721590346122994e+01
1.669943632012916979e+01
1.640380601750243628e+01
3.115673540307398426e+01
3.366682857741854917e+01
2.210788837125839379e+01
6.610928713775956567e+01
2.012547372511306776e+01
2.150786809857122606e+01
3.456715751151237725e+01
1.972117066739209434e+01
3.284947256053769138e+01
6.320670759114646486e+00
2.202705258106395902e+01
9.557440236308201165e+00
3.518354033664043357e+01
6.621098614080447931e+01
5.039351420259570347e+01
1.302685364919556434e+02
1.718698861441803771e+01
1.597201093125808598e+02
1.735340946557522557e+01
6.926321969766664211e+01
2.014036884016483953e+01
2.974902158243114414e+01
1.180439318454219588e+01
2.336490050848013666e+01
2.455591326631233784e+01
1.057460276881884340e+02
2.893722486281382089e+01
7.861822873303294656e+00
1.164180816972579535e+01
1.538843320110450819e+01
3.494585574977777043e+01
3.224620406358814506e+01
2.508338176951808762e+01
4.717878904813380103e+01
9.692457420097529308e+00
1.421874117035527441e+01
9.878742514655556306e+01
1.459266258101034630e+01
2.375790166861450814e+01
1.970604460879835429e+01
