6.120321426865312553e+00
1.500212984948797335e+01
3.786148270026650664e+01
1.102302479121796495e+02
4.179595966008861296e+01
4.524381220960012229e+01
3.760621689975504722e+01
3.714487632661725769e+01
1.813883888469815702e+02
8.977818713539907947e+01
2.235699970377027412e+01
3.357840398283393313e+01
5.231415705633983038e+01
1.222880083353090797e+01
9.866032940600710788e+00
1.376396454069141306e+01
1.668403627835856540e+01
4.882860449364139299e+01
2.717758130039301818e+02
1.994442923761070574e+02
1.246066270017413125e+01
8.219593445691893763e+00
1.316549089579529053e+01
1.196573993289257842e+01
4.326134238093271733e+01
1.230932249029224224e+01
1.888050637820697020e+01
7.345782559401312994e+01
8.735076408937764825e+01
2.097588178182405727e+01
2.501996663511671315e+01
5.679381638786358621e+01
7.322941500964678596e+01
4.238317240530582097e+01
2.819468947427517236e+01
3.165633841958504036e+01
1.417753017959773310e+01
4.384934199777988795e+01
1.888939062064169150e+01
2.281879414893087343e+01
2.121232658097093093e+01
1.225314550949008350e+02
1.486079864474254464e+01
6.881902727108147211e+00
3.036823232257082239e+01
1.571619698952875055e+01
7.482329115888205706e+01
2.747502759052107635e+01
1.796166077325098342e+01
2.258892948649194921e+01
2.237392159017292315e+01
4.934672258452953741e+01
9.681848025724363538e+00
3.632702889365412346e+01
1.069028659160766637e+01
3.974836327610331921e+01
2.208122890963844043e+01
3.769423095074751728e+01
8.557155740793525922e+00
1.301715369119243348e+02
1.404434435864679998e+01
8.202379125862782416e+01
4.185907666175950226e+01
1.996369360712390417e+01
6.673953570368772148e+01
2.171983879544914586e+01
2.249925684445138074e+01
2.327995103485086048e+01
3.974368059578797840e+01
2.272268241178703363e+01
1.016729950738311139e+01
1.649192570619891995e+01
2.881734636260081217e+01
2.339887431632123338e+01
1.405949182619301041e+01
1.097444094511905988e+01
2.883155760166388859e+01
3.752017533334779387e+01
1.724493400570755242e+01
8.093922976996564600e+00
4.887887176202663397e+01
2.389354822357803343e+01
2.969095912561034112e+01
2.397674062300396614e+01
2.170596509914957650e+01
2.688064458855377836e+01
6.855140100412453918e+00
1.068230125343718981e+02
4.097190957552358981e+01
2.796932127586902794e+01
1.609534837397946916e+01
8.954456728642124119e+01
1.305323118163617657e+01
1.957140037342893990e+01
5.211228275709422775e+01
8.168611831571176651e+00
1.337211007208067315e+01
3.527226709285034190e+01
3.900954390382726444e+01
1.806721127997428056e+01
7.357629038097739738e+01
2.512800166084329589e+01
1.799684434617302742e+01
4.435694000811484727e+01
2.438191948616604066e+01
2.011341894237282446e+01
1.198608262908895128e+01
3.551095371602140460e+01
2.234654545730242603e+01
1.220608316528674067e+02
4.136647369605012869e+01
1.564988099933544063e+01
3.540306545880008571e+01
5.323286700737527610e+01
1.936598353502816039e+01
4.173691291401421921e+01
2.189230973730037988e+01
3.454013436555654692e+01
1.021346338741260951e+01
9.633286081402775380e+01
1.902626634944797956e+01
9.115347340359699047e+01
4.428435181951390831e+01
1.726181695161954011e+01
7.188538527915788734e+00
1.828512013399142333e+01
1.057859851592334621e+01
8.799269250653725294e+01
3.937394552488974142e+01
6.952106302489663214e+00
1.194497992311086421e+02
9.348996361806481303e+00
3.015103479647985907e+01
1.344928340143691514e+01
5.539284908526727946e+01
2.357550024704773506e+01
5.056320572826896154e+01
2.318010899431021414e+02
1.243319782091637293e+01
1.844005553285470000e+02
1.643305282061902162e+01
7.203768256773146916e+00
7.508598354790392193e+01
3.221159359042322734e+01
1.929633796127754408e+01
7.718755109277979365e+00
3.212103408572155416e+01
7.722380102589897710e+00
1.704136408566926875e+01
1.595653723935950552e+01
5.994275589381774694e+01
1.595738288500120383e+01
7.794385312936310584e+01
1.872055601646584577e+01
3.898259241390026659e+02
1.523492842887126528e+02
1.940017235324080147e+01
4.208670937219164188e+01
1.126109995063453617e+01
4.075253404815543234e+01
1.321884603712634032e+01
1.120966329249077660e+02
2.572100883654840686e+01
2.782057710327871547e+01
2.140036504498666758e+01
1.188543388683795676e+01
7.194612252615790737e+00
1.265452036872753894e+01
9.592779402344993045e+00
3.799502436394703864e+01
1.818511872755660264e+01
3.356977013176393143e+01
2.361403214025715513e+01
1.827612992057291308e+01
1.224839670830306204e+01
2.778863745277248540e+02
1.772683286294339311e+01
8.925844604493887502e+00
5.320995429359156503e+01
1.501463470019456992e+01
2.387182139009049919e+01
8.715182949838746751e+00
6.363955321705899593e+01
2.496116807188256104e+01
1.765140720341986480e+01
1.795501342978684249e+02
2.685721679119393812e+01
3.152368153538953877e+01
9.234613712706547517e+00
2.410388083226879274e+01
1.520927467335675765e+01
3.243053082454937197e+01
7.852809246801044196e+01
1.958227688266227062e+01
6.256219144597035431e+00
4.558906400284441673e+01
1.403143367524629070e+01
1.154779626190388875e+01
1.579855260612854906e+01
3.444926347821911605e+01
1.263325017324912025e+01
2.209410586543982546e+01
1.577413781880172472e+01
2.072751768173633025e+01
2.543371155647260906e+01
7.332730465872811010e+01
1.088219752071605129e+01
4.481635990082273224e+01
1.507464185526172606e+01
2.004661993880854354e+01
3.769396706346270776e+01
7.337731105702525269e+01
1.184072410887457139e+01
7.640340456040254580e+00
2.354858745204179371e+01
4.805353017453478515e+01
6.385028218210359263e+00
1.712554698318184521e+01
1.844488166140510543e+01
2.444521980584155330e+01
4.009964673031690552e+01
2.685942274547455000e+01
1.032045184461049381e+01
3.189258507445386925e+01
1.279239031958834616e+01
4.688633255809854461e+01
1.683337115407639430e+02
9.423636513065814313e+01
7.533297392184873331e+01
7.243590944558853550e+01
2.847334495711682578e+01
2.756686695925350250e+01
1.412361077343997238e+02
1.533171373435271789e+01
6.453306180742866616e+01
8.459927768571883178e+01
9.440804527480528563e+00
2.853892219850879286e+01
2.707922563075408817e+01
2.517594699315225526e+01
5.027094152986587261e+01
8.008058950579014379e+01
3.239001345841677448e+01
2.029715537284391047e+01
1.469740916496395400e+01
1.276630342699154852e+01
1.119955964359314216e+01
1.930849463206971706e+01
1.223047997137466147e+01
1.150015840050620319e+01
1.023982438469796818e+01
1.631304186430987002e+01
1.262012940724642185e+01
5.127055335953751580e+01
1.006655978783081054e+02
1.747142448216922261e+01
2.784449420404972741e+01
3.966856847074166126e+01
6.778862910448007995e+01
2.831725504924238024e+01
3.920345290086294199e+01
1.917946394110191477e+01
2.009559267021663587e+01
2.333115502554881715e+01
5.519415267099250855e+01
1.151680303046220999e+01
1.290483173574395792e+01
2.863334649308944435e+01
2.172096351024535821e+01
1.071418421981217648e+02
2.313330834666551894e+01
4.043385152081455658e+01
5.291345678899229199e+01
1.275640688679787260e+01
1.371305317811003555e+01
8.714886746103847059e+00
1.827826742081703628e+02
1.538539102913454570e+01
2.246017247441420039e+01
2.197443939450678485e+01
1.013622533559591510e+01
6.670933850468765058e+01
2.208764281337665025e+01
2.253548148045741328e+01
1.108029798021406620e+01
2.065170911962173150e+01
3.205953143412574491e+01
2.286811796374268724e+01
1.830211621195147131e+01
1.109764971192977967e+01
5.119736342699165732e+01
3.907762886474716879e+01
2.742694298914396711e+01
1.107884966725043370e+02
9.358333835796632627e+01
1.016646788172566289e+02
4.670995538435548866e+01
7.418107683362231342e+01
2.115757948205298078e+01
2.214660379569216531e+01
1.772989968437767416e+01
2.554552083159599718e+01
3.455161524367240844e+01
6.756612456749355999e+01
1.169724509465170144e+02
5.524489561073626476e+01
1.449582873014854556e+02
1.534981345069985537e+01
2.002255999641128525e+01
6.196187567397571172e+01
1.453974442393034394e+01
1.082762973152693888e+02
1.644627256535072135e+01
1.259252220415609180e+01
2.278165389534319374e+01
2.131634548693098452e+01
1.770073353235448010e+01
2.177866085834919474e+01
1.661727274472336546e+01
2.649921050222988228e+01
3.367579490236023787e+01
3.595382056212572053e+01
2.323374107163306590e+01
1.128170146218589487e+01
3.289751137464745767e+01
3.519689368437875032e+01
3.012075075524305845e+01
7.049638752400740671e+00
5.943963371550466945e+01
7.608885986896035547e+01
2.129032560961880449e+01
3.313307374258729965e+01
1.381304451496910701e+01
3.528515762954200596e+01
1.288338079808930203e+01
3.324748458503135851e+01
1.976984377744031818e+01
8.533427854842936711e+01
2.233201542334339607e+01
1.203457336314030535e+01
2.226250877972470477e+01
4.797276284266156665e+01
9.562514893578367037e+00
1.471121992726855510e+01
2.388820197182853278e+01
1.923125159700170173e+01
1.767092822878200664e+01
1.251050856525871424e+01
1.024440237114891161e+01
2.568468406909388690e+01
2.454686933150145123e+01
9.181153977274325939e+01
8.685286196328344488e+01
3.359358266318422892e+01
1.024504987787656418e+01
1.314583642723896872e+01
1.086820943009907658e+01
1.274665266588978625e+02
1.645320175440143373e+01
2.241937195786166725e+01
1.354183848671912571e+01
8.316719044071994915e+01
2.454595260834542003e+01
3.103634442724063192e+01
1.556095194842589535e+01
2.234505419176958441e+01
1.214538532470058669e+02
8.195374432093042572e+01
1.770169454720058155e+01
2.732553025783948328e+02
1.424010086659698260e+01
2.548365228137136640e+01
1.817378893896289682e+01
2.857416596912490903e+01
5.163247382450012424e+01
9.442220712371378966e+01
1.484479839995534256e+01
2.765450718034782440e+01
1.205283123903674607e+02
2.108951607886449153e+01
4.902552410445847642e+01
7.813632927040154996e+00
2.937303721021518399e+01
1.256760889943066495e+01
2.472975466857323568e+01
1.628684483812962469e+01
2.118158013479940038e+01
3.202554368028691556e+01
2.059607458008528624e+01
1.064979668442550604e+02
4.270500284331652097e+01
1.255498441917653984e+01
1.088638649938619274e+01
2.209612640781859128e+01
3.509411295882229354e+01
8.734866265796640050e+01
1.854185437231583222e+01
1.644532688954859267e+01
1.237573446005632682e+01
4.708561796042001646e+01
3.113645152602333610e+01
4.283187397993345513e+01
9.320500344203319187e+00
1.791723366560935204e+01
4.881941017576271946e+01
5.287740256730580768e+01
3.625318132159851103e+01
4.768711389152176849e+01
1.633464650068433954e+01
2.817876209299049961e+01
3.636222365201995643e+01
1.029023106357728210e+02
2.495018680405813782e+01
2.407063696301097622e+01
7.181289255152726980e+01
1.604494859521762962e+01
2.616745447465273244e+01
2.915172247892748203e+01
1.457216002986519499e+01
2.529721109798957102e+01
7.535315048214559397e+01
3.305212726536502998e+01
8.216020300427016920e+00
4.809958291613780190e+00
1.036719322693565282e+01
2.503026474029103809e+01
1.242535742304409894e+02
2.524986459717157317e+01
1.245371737355285724e+01
3.306530066469390050e+01
1.092350417396978912e+02
1.372680572556888379e+01
5.522357245488935007e+01
2.674547058362661573e+02
5.668282630970730196e+01
4.306714735750723833e+01
1.582716062598244378e+01
4.245419881056636058e+01
1.411896791997473599e+01
2.508262649256305821e+01
9.301556702620609940e+01
1.121307366535109367e+02
2.717440465990503640e+01
2.777781638589187452e+01
1.144449463940954672e+02
1.436259829946365230e+01
3.398141732535258797e+01
6.603486572789357467e+01
6.222702480372060307e+01
4.923482491510656978e+00
1.369440334675628357e+01
4.877431602401174615e+01
5.536245659820105303e+00
2.337573969997325563e+01
9.323409105746668146e+00
2.208764751513800917e+01
2.922370463764805848e+01
2.264424616112135169e+01
3.976309389265291117e+01
1.018364301602120037e+01
5.931643148036290825e+01
4.413883074160867181e+01
4.467695256951879657e+01
5.191531102011070686e+01
4.171937023959014113e+01
1.666982821594799447e+01
1.112086291225430834e+01
3.825364064891730465e+01
9.864356564452839038e+00
1.905926717615529498e+01
6.612638993725018111e+01
1.261013655621545304e+01
1.933255813163760806e+01
3.426180031290073202e+01
2.995743015670855414e+01
6.410085056949948523e+01
2.045021769491442853e+01
2.040323089341252327e+01
5.597389992922732915e+01
1.358629911627592968e+01
2.268790213066503725e+01
1.412693963221481965e+02
1.836102581008443835e+01
1.416892030089699794e+01
3.322019769343285134e+01
8.928193676089277275e+00
1.874472986232647642e+01
3.227506644053930529e+01
2.437840728801220180e+01
3.087435266709087855e+01
4.043390112181158003e+01
3.022574351226802136e+01
1.157839067157986257e+01
1.517407962993182657e+01
4.848977476746471638e+01
5.210013219179950994e+01
1.799681789809048382e+01
2.291456601529918657e+01
3.172487097790263988e+01
8.569082358242533815e+01
3.103576256855178030e+02
