6.548000194119424577e+00
3.297800610255900722e+01
1.393436647163765230e+01
1.356947574757459130e+01
7.074112290444483087e+00
3.964324500471872881e+01
1.437138753335498507e+02
2.696375118533228132e+01
6.599320216612433398e+01
2.534260404784842535e+01
3.068193170652822133e+01
1.555188806144691966e+02
1.148153662484600623e+01
1.569745340107139064e+01
4.832804569327814903e+01
2.862714725616616107e+01
3.961485835433909131e+01
9.662197492378320263e+00
1.367520167392620323e+01
1.026473560766895687e+01
3.404334344335983786e+01
1.798729544815427772e+01
4.427583621004981040e+01
3.288947623655901964e+01
1.118687214040766875e+01
1.004305840235727771e+02
1.571486719113187114e+01
2.355254575923678431e+02
9.768536905285596816e+00
1.414351382989898731e+01
6.551280056757786951e+01
2.355442224231520498e+01
2.827056684492606919e+01
3.768004981286985355e+01
3.655672374108090850e+01
6.578512588272023720e+01
2.169181739191743219e+01
8.229517570144922445e+01
2.998050667674137415e+01
1.223611031381148351e+01
2.723996259741992176e+01
2.966661022575536322e+01
3.215457266579405626e+01
2.803399199607623515e+01
2.495738330925739135e+01
2.278733445555233672e+01
3.688594203249027537e+00
2.321352874258015220e+02
3.242230294063012508e+01
7.065685569905568286e+01
9.412656221125594413e+00
2.534993774807643163e+01
1.229657241409553059e+01
9.874553481704788638e+00
3.143985916957185722e+01
9.663651870339510452e+00
5.084821070711388558e+01
1.222258796088460464e+01
1.007356791075093980e+02
9.068203329871526819e+01
2.755906809987607176e+02
1.495142372815567811e+01
3.811066000050497138e+01
2.251093711248380913e+01
2.129536727953528796e+01
5.575961049997692953e+01
1.067781068775856568e+01
1.282962087335747725e+01
1.837968182055356436e+01
1.962007355012325860e+01
9.413354137496372687e+01
1.416353441025940185e+01
3.347650512946156027e+02
3.657617213247463894e+01
1.103525809255230250e+01
1.718171574205630492e+01
1.480954973201882297e+01
1.955853422591540536e+01
3.483166511362541939e+01
5.323632973987553640e+01
3.500464084102222984e+01
9.107305066275722893e+00
2.855794926631197939e+01
1.319980689652517754e+02
1.131679497784953980e+01
8.333329215948461410e+01
5.465011891838430103e+01
2.033157511793725192e+01
5.125005019487158364e+01
3.256186546147846883e+01
1.706397498596767264e+02
5.910994275482740079e+01
1.381894962519072045e+01
6.979115670783594183e+00
5.274924579116198942e+01
3.473514857423836588e+01
9.050546706241179962e+00
2.976143853355837265e+01
7.297688423940438440e+01
4.033352965969517356e+01
3.775874881514993575e+01
1.668432006114126764e+01
1.235381751338110590e+01
7.474357310487029338e+01
1.155784984603745613e+01
2.157222076346350192e+01
9.781921491099174304e+00
2.447562831638647936e+02
3.962548963666374391e+01
1.747134789510290176e+01
7.581006167814224739e+01
3.768669452442935608e+01
3.887529219446068396e+01
1.932116175576532413e+01
8.808783624187408634e+01
3.048088846022977449e+01
1.678260848473581746e+01
1.017825670442543462e+01
2.968298103358710094e+01
2.065752696678337657e+02
5.164116030966771120e+01
1.978981140405343453e+01
1.289860708936798162e+01
1.781285552681584861e+01
7.286132264738864706e+01
4.713746044840060279e+01
5.235374632420346330e+01
4.659424591094127521e+01
1.829748103554630134e+01
1.329307986262434049e+01
3.140289903415611050e+01
1.675673940417846808e+01
1.320751099159932274e+01
2.865935385821208214e+01
3.806301037521716069e+01
2.729188583876073793e+01
1.401573815899840270e+01
9.475946522561816465e+00
1.544632236442943451e+01
3.353277770057336227e+01
2.001460285955032248e+01
8.209273789543908606e+01
1.771266821502214484e+01
8.429430810545394337e+00
1.401008281642105935e+01
3.251139597810173143e+01
2.341986592641929832e+01
1.949260889849944078e+01
1.934675579927969125e+01
1.275135939030638177e+01
2.950198255421577187e+01
1.190126922994713965e+02
2.051556520519465465e+01
1.454757678201510629e+01
1.792932137499672507e+01
4.092021065681581860e+01
2.196053745670285196e+01
1.935628934571071369e+01
1.865423731155498999e+01
5.352376462498221343e+01
7.306186872488926554e+01
2.315000100718038212e+01
1.514354466438502982e+02
4.030166288690401899e+01
1.184392751450559622e+01
1.162262646572867197e+01
9.790556987325068405e+00
5.732113770645642603e+01
3.106733019249724137e+01
1.201870858605037107e+01
5.436997686156386322e+01
2.180840816488862544e+01
2.629554331385901023e+01
3.357828493151281890e+01
1.757816405089684508e+01
4.558086504481526191e+00
1.167074189756669611e+01
2.973913878136958999e+01
3.092343104598180759e+01
1.457403508300900974e+01
1.418120874767935113e+01
2.089192184193630553e+01
4.385382927055913882e+01
1.045100552292946219e+02
3.698068873863321215e+01
6.576599880594112335e+01
7.724551493598571028e+01
3.876639444881308094e+01
6.909857323235480919e+01
1.597284172954819148e+01
2.833679334251349502e+01
1.287544755214746317e+01
1.052970441360825049e+01
1.445226379061073985e+01
1.842233665135267984e+01
2.750237224637891131e+01
5.334017205710719800e+00
5.517711050960294727e+01
9.136455421303855928e+01
4.974610219745152051e+01
4.469134751762947388e+01
3.469899989769849213e+01
1.899550283806253859e+01
1.476142618689852171e+01
6.512399511386857398e+01
6.216039743746497237e+01
2.097141498699533813e+01
5.298871511725854333e+01
1.072503443576005253e+02
1.258522984271123946e+01
5.637016884020970053e+01
1.312996790497638528e+02
3.625299464402066718e+01
3.938947122474203155e+01
4.764378464229327648e+01
1.741574144695069393e+01
1.528238899500434478e+01
1.168936579666309683e+02
2.151383563291072676e+01
1.143992924570593495e+01
2.846557221437001317e+01
1.992102596740971876e+02
7.330836324399303550e+00
1.277486640926021551e+02
2.959836976587313728e+01
2.551316041029306447e+01
1.488211124070757485e+01
6.207950144171003615e+01
2.476633120867512261e+01
6.921732508768789671e+01
3.710112283439612924e+01
2.572314992833660341e+01
1.863888418054096263e+01
1.326084187126440561e+01
4.354385383706306101e+01
2.661846317608222279e+01
3.878338653628290444e+01
2.722727932909652537e+01
1.771071750111169507e+01
1.300186271523118897e+01
2.513367020104311322e+01
2.214635300160385256e+01
1.948295972243184906e+02
2.627235770774754187e+01
3.238539727589858330e+01
1.881351749818207253e+01
3.685426412203394619e+01
1.277967991343544618e+01
8.285295330144802506e+01
3.352774019358690794e+01
1.477988841791843200e+01
1.533131965020671217e+01
2.341911292339487360e+01
2.374574288178408210e+01
1.746243932988983616e+01
1.823128650765416836e+01
5.108611787124523573e+01
1.234604855618987074e+01
2.215033296469096413e+01
2.495132068796997871e+01
4.305937625715524320e+01
2.037728889037590818e+01
2.727600414712594556e+01
1.974306251424594905e+01
3.345824085601143594e+01
2.405786594312488091e+01
1.458333287528631494e+01
2.885666669102236597e+02
3.824776548271024268e+01
5.114408259839868975e+01
5.710010097045882027e+00
7.091914402176617216e+01
1.508636339348569599e+01
4.130183209320716031e+01
7.170977441409646325e+00
3.641546363035006095e+01
6.615530529611137922e+01
2.755809262090390988e+01
2.857566457937602422e+01
2.142318485995409816e+01
6.934478169194316699e+00
8.584875191117562565e+01
1.312224628183002828e+01
4.657849373937052206e+01
5.305242821141003873e+01
2.272149147617723841e+01
1.627261778988409802e+01
3.896513402078215194e+01
1.999626149276766540e+01
4.628156469049916666e+01
5.734126533120037550e+01
1.406799926412174351e+01
1.957142667922304113e+01
2.391690034442865098e+01
4.618004333624288194e+01
1.838765006288355153e+02
2.144359099064411467e+01
2.462250655365605780e+02
3.796979695171405211e+01
2.534583604406965662e+01
1.510221084847232120e+01
3.352696662372975567e+01
2.117721580542252369e+01
1.698103056380340092e+01
1.077482388836999974e+02
7.916055592497261273e+01
1.062583464820678536e+01
8.043164451196883391e+00
2.201138355950897818e+01
3.411303954502562874e+01
2.440604072453461271e+01
2.859923731259686264e+01
1.544345229266927504e+02
8.844947406953872360e+01
1.772768249754718894e+01
2.536638463926951914e+01
1.108234100183272233e+02
3.061484361600897941e+01
9.966013349736188687e+00
1.922229498664552239e+01
3.352904177566103527e+01
2.690513190295046186e+01
8.182081261903435987e+00
2.320972703895898093e+01
1.801464570377310537e+01
3.129879094984280741e+01
4.838144533023623239e+01
3.598289283951849171e+01
1.721208661420272179e+01
2.673681369975768263e+01
8.138055670342227188e+01
1.059369976359556631e+01
3.123294795277520208e+01
7.434878472557417695e+01
3.672031280188674884e+01
5.492948571100039601e+01
1.685249440199334714e+01
9.293355544879940311e+00
1.667795522528521346e+01
1.871903967351386910e+01
3.318239971628734963e+01
1.068030107967750908e+01
1.611532319019169179e+01
2.130618367395955914e+01
2.460686723975229739e+01
1.709433392361782111e+01
4.623450781577972180e+01
1.467634486794129423e+01
7.925603798440788772e+00
1.969338650463300411e+01
2.009626114101966721e+01
2.808067507032470900e+01
2.235092915980941797e+01
2.649853449174156239e+01
2.828788558398539976e+01
3.622441335530963613e+01
3.896129807200075845e+01
2.535449028447994024e+01
3.114476356424453485e+01
3.263436894886907425e+01
2.555216805205772701e+01
1.212624249457175267e+02
1.333208488494978816e+01
1.103804876248753786e+01
3.326329461791978304e+01
3.889423563684979257e+01
3.274193154309875808e+01
1.764893215273055205e+01
9.319361992231415925e+00
2.725656070926143215e+01
1.094716157979387461e+01
3.660180252267053902e+01
9.933974567145520851e+00
6.523526855236715960e+01
1.777374061796864879e+01
1.435449470276223565e+02
7.217199864754842054e+01
1.392359098109014148e+01
3.678004512849347662e+01
3.316761009501653490e+01
5.051741832222224815e+01
1.024906794876373652e+02
7.297548453926701484e+01
2.016207976262419521e+01
4.951985500509901073e+01
5.161557125524156220e+01
2.871457618549933599e+01
2.163990729949605551e+01
3.182323760183716743e+01
9.112463257851447906e+01
2.033167904699323003e+01
1.544753169749609967e+01
2.282003773373085309e+01
2.564025892335698131e+01
5.018656832908365573e+01
1.092240815315723523e+01
3.341319443167972025e+01
1.496012958992397834e+01
1.105233240985845100e+01
2.683464080061750323e+01
5.157539857793256033e+01
6.812354353369229898e+01
1.309713993984518332e+01
1.991658588645537264e+01
2.380355540744142502e+02
1.705052466402072753e+01
1.282546475037465541e+02
6.526933336797961260e+01
1.770086472200356198e+01
1.567826076529841650e+01
1.498182771380222960e+02
2.519764953032707311e+01
1.432742260891343733e+02
4.552931466623119405e+01
3.430032860188927657e+01
2.429338128362122262e+01
1.632506355533662301e+01
3.155384272581957461e+01
1.817984443104660741e+01
3.201911932942691408e+01
1.382135944553998286e+01
6.630269391591342298e+01
2.398154755610585198e+02
3.419029600210073738e+01
1.684333257711319121e+01
1.119093248122372586e+02
1.598687550937295931e+01
2.867580019052929430e+01
3.714796251293657292e+01
2.288707776863832777e+01
9.425068813183740346e+00
1.212645683769186533e+01
1.252434113633015400e+01
2.110591820362055060e+01
2.066323478319640472e+01
1.627287506866291977e+01
2.892365077162322962e+01
1.080673483986582681e+02
8.137921124107214155e+01
4.126411653372303334e+01
1.697134177960953849e+01
3.013567250145215937e+01
3.410758606638434998e+01
1.997432113384145325e+01
2.992005965895203090e+01
2.954103633960011521e+01
2.352841219022112185e+01
8.122889901964549964e+00
2.960519838864198405e+01
1.739711752084585328e+01
1.877809771708995612e+01
4.246164277632033901e+01
1.358571200049742700e+01
2.790804705615052228e+01
1.169525456371972005e+01
5.226654147296471820e+01
2.798692654636739618e+01
1.767957239159159712e+02
2.889016237130448772e+01
3.459866325460860281e+01
6.679437299687495511e+01
1.088365077570042061e+01
2.706689940167218467e+01
1.233762736359454415e+01
1.027089369601281987e+01
2.033383727033250921e+01
2.013011734993678914e+01
1.336969706043502271e+01
2.872888886641104733e+01
9.277589496982972861e+00
7.128110693796455344e+00
3.375979923663197724e+01
1.701169550325778701e+01
4.086497850950416222e+01
1.206476519764537159e+01
2.696042018064297707e+01
8.716165934212037669e+00
1.393476447644038672e+02
3.595211116650175853e+01
1.306744843161609460e+01
9.532704979043342064e+01
6.806737329807256742e+01
4.169740425987343713e+01
1.076589381590375005e+01
4.162911145806668145e+01
2.788557429138568367e+01
3.497984253300656832e+01
3.984267521353957875e+01
1.657210842033904896e+01
2.222734749055588921e+01
1.897812473968241065e+01
5.922147995526987785e+00
1.007157168533174385e+01
2.822839623307244494e+01
2.266424101195978480e+01
1.495670127100646418e+01
2.467266185017973967e+01
8.077713173009811953e+00
3.425067354885645443e+01
1.630617776755189041e+01
4.318415524108838355e+01
