1.222050908257735635e+01
1.167119950230055814e+01
3.251884915526706976e+01
9.209441462508413778e+00
3.543019092303237727e+01
2.161380715704445876e+01
2.241447550742457828e+00
3.182727299348102790e+01
1.437832668031307151e+02
7.153520507963432351e+01
4.476630750904951839e+01
8.299043960046638801e+00
8.954434666429252232e+00
1.361842885883537058e+01
5.517519605964545271e+00
2.697747127519139454e+01
2.039382774194940140e+01
5.262357103425149063e+00
2.115648266520684828e+01
4.446337249486539633e+01
5.234660773244308274e+01
1.031337470411973634e+01
2.015818354037135052e+01
2.647040443480925731e+01
4.367495986842408584e+00
4.794282895851804938e+01
1.839990315355272088e+01
2.575277037216718412e+01
1.471682006673160714e+01
2.824567195354544680e+01
1.894172884138074764e+01
6.391539968056261678e+00
8.526949488687998624e+00
1.027980761482778860e+01
1.788287042546104644e+01
1.487360275777167296e+01
5.098254377068889731e+00
4.478382026183846065e+00
1.114131948880014811e+01
1.479800906589830412e+01
4.420984750414590536e+01
4.776395096572197296e+00
8.122217403581181827e+00
9.126241516722593872e+01
5.648063965426086241e+00
2.091227529059287349e+01
2.405526715562380247e+01
3.282891325004422356e+01
1.014537583169238921e+01
2.396061079612261580e+01
6.105457014452875697e+00
5.090648178057644202e+01
1.956190002697533359e+01
1.705189325734174943e+01
1.153521331765308844e+01
3.793431570248712248e+00
8.470088901441455675e+01
1.157003016876448065e+01
1.486761358014809886e+01
4.297550585812029311e+00
9.040003003154718897e+01
9.599783813643949060e+00
1.223076228707564894e+01
1.258934676648371465e+01
1.740797969807938017e+01
7.725578335245690376e+00
4.508697052617338663e+00
8.319063213664405154e+00
7.083068356945617872e+00
3.653271682246136010e+01
2.988758638821911617e+01
1.009016781041032651e+01
7.547760458064830402e+01
1.591333742664236794e+01
2.503912323487652003e+01
1.254116470650756021e+01
1.593734864315545252e+01
1.209859818781666085e+01
1.579513793473072525e+01
6.769386163836736969e+00
5.683902944157574133e+00
9.659965431131928071e+00
1.078843906918643647e+01
3.565327781206024582e+01
3.386525465549357961e+01
8.112534399210897362e+00
2.497269545422731341e+01
1.506744939897302515e+01
1.240793299645030423e+01
1.836851972709273539e+01
9.281738189927406069e+00
1.130989153520233437e+01
1.186557838554552902e+01
2.420316922178940899e+01
2.078073979632683077e+01
1.436910348891434985e+01
1.676411175316097868e+01
1.279289709313643364e+01
6.025058499335856688e+00
5.071924056609927334e+01
1.933541382655308638e+01
7.971186103970477177e+01
1.492560453674434839e+01
9.532042397768190511e+00
1.073073995675200187e+01
1.127434926134934123e+01
9.023665639040974185e+00
4.808537270380267614e+01
3.214698089654083901e+01
8.163565854568469504e+00
8.212352138593901429e+01
7.456640506763356768e+00
1.731067184232661305e+01
1.122279115380174375e+01
2.902618211283492400e+01
3.185369580423489211e+01
5.286313521948626359e+00
4.252908967958708786e+01
7.962617762522414822e+00
1.278658009145383367e+01
1.024921730487040783e+01
3.082765480728274454e+01
5.191475303114613915e+00
5.364173179397116797e+00
1.613236040349289979e+01
1.908037736153746522e+01
6.737815575109520339e+00
7.515050135859148384e+00
2.936317847780681500e+00
3.847055869222629543e+00
6.011954826588340950e+01
2.209809392201908551e+01
2.006352781998870682e+01
2.633108344862770167e+01
5.572027047758251861e+00
1.797841766580260270e+01
4.183582303568324612e+00
6.976465460172537547e+00
5.520170085433147023e+01
2.911640947207608576e+00
6.723680422599701778e+00
2.263663432126259778e+01
9.588136027720501886e+00
1.439722482744274714e+02
7.837604343813660890e+00
7.508447824339522292e+00
1.445154190511787817e+01
5.936707572197247984e+00
4.674379492335473785e+00
2.017373841478578100e+01
4.436653691049254000e+00
2.247051034989682705e+01
1.237630895055606040e+01
4.603112148283918259e+01
1.922285417702260801e+01
8.714397481001931567e+00
2.519061769977888687e+01
1.012870846151730930e+01
8.698124439264811159e+00
3.795492528846487801e+01
5.298165241576359819e+00
1.952368418036103037e+01
5.705986453153710158e+01
1.171295458573888482e+01
2.472703937197506718e+01
9.772099702398183041e+00
2.172236383665624260e+01
4.043595966083326942e+01
1.356581624209815651e+01
3.443437943223988107e+00
1.025517485391184103e+01
6.956984905359719029e+00
6.967919086580958776e+01
1.032827598403952152e+01
1.434883321126898359e+01
2.546048694830988524e+01
7.521467031296101169e+00
7.233093258851820195e+00
1.989079340801918860e+01
6.724826942496203230e+01
2.917882931867266905e+01
1.255092728464800622e+01
1.971625630918271810e+00
2.627001228324227000e+01
5.920565090066118330e+01
7.903039162630662418e+00
5.659739156008878780e+00
3.997368136986836618e+01
2.813732117694552226e+00
3.990404535534371178e+01
8.991242621937837853e+00
2.765783713859829973e+01
6.282237626496022465e+00
7.418158997186612424e+00
5.143421247074532410e+00
7.835387587263062059e+00
1.304089952465505746e+02
1.734764438659541952e+01
1.155955245729617786e+01
8.207566683303390676e+00
1.086082184104899895e+01
6.704420032462137691e+00
5.160593727627863814e+01
1.380783550109614843e+01
1.692199213607094777e+01
3.580551590684673435e+00
9.362840204412222533e+00
1.087141810533725739e+01
9.642457146960259351e+00
3.078512407375317750e+01
7.019840325495323441e+00
1.780319063319435813e+01
4.578261659782558013e+01
6.395009579484379536e+00
1.052984226802081302e+01
1.669733990897318066e+01
1.012440650708407297e+01
4.118714306102067013e+01
2.360864667541166639e+01
5.478350029335737226e+00
3.133737677217280293e+01
1.523318394188837033e+01
1.755551468318516584e+01
6.434507747869314009e+00
5.188006496235486509e+01
1.276138048896419797e+01
1.494187048995439859e+01
2.583983138006434643e+01
1.091908321854734254e+01
2.660907732924540170e+01
6.426939215439857023e+00
9.528408589713491139e+00
2.317715327147629978e+01
8.442491738883076025e+00
8.249858622342138403e+00
8.538545494857499918e+00
6.721596181080762733e+00
1.277673436543087249e+01
1.778972772648517875e+01
3.792677455952627241e+01
5.576775817385934531e+00
8.974393864725881542e+01
3.247598282394042002e+01
2.590163941389330304e+01
2.937179223486904522e+00
2.108213438749945823e+01
5.765846029869557299e+00
2.681816371441412983e+01
3.569815203289204320e+00
1.402202642782204123e+01
3.729088360740520613e+01
1.487570103297646362e+01
3.823410829298757108e+01
5.528262518201007225e+01
2.705394296105218643e+01
3.154805664075301408e+01
4.033300335483532706e+01
2.293823856414381623e+02
4.423255993413047804e+01
2.668789853102085718e+00
3.585358380045318683e+01
8.857796287294598869e+01
3.058557671952857149e+01
7.326625972685585353e+00
1.677163546965384100e+01
1.167385277975948910e+01
1.320969398654019145e+01
6.880191528558583514e+00
4.893701896814174290e+01
2.765900594695747827e+01
4.349107694357307707e+01
8.467575849653767861e+00
9.506034476410661682e+00
2.773752089910224328e+01
3.223501311283023085e+01
1.935912304794102567e+01
4.224278530073869220e+00
1.383254028022442839e+01
9.361301473247902294e+00
1.433536388979354825e+01
1.137564642101157020e+01
1.212604429571910103e+01
1.943866644185982651e+01
4.542982912319716604e+01
1.178857940376304470e+01
1.620912955975456526e+01
3.980526158331905151e+00
6.090590312026765929e+00
1.709792080631030942e+01
2.661179331869232101e+01
5.630209569320317797e+01
1.040018644577378026e+01
2.394614238667432460e+01
6.981136605790878491e+01
4.119725377587349868e+01
1.840138028227427469e+01
7.357494238186175650e+00
6.961169677133177025e+00
8.856546041341999853e+00
8.303572720907231863e-01
9.674501015977920559e+00
5.209493215785541764e+01
1.069102163291742258e+01
1.262407010286221265e+01
1.180534238466756491e+01
8.846267392162816989e+00
5.557092220022116180e+01
6.525323373457134757e+00
2.269030159270000979e+01
1.731938744711466072e+01
7.806504283513717724e+01
7.199254580087672828e+00
9.819382822768911723e+00
2.019898718013623551e+01
1.334459150343713851e+01
1.006833202111268832e+01
1.482861851468669023e+01
3.931600792793938037e+00
4.817825478891366942e+01
6.845513918682629928e+00
4.465589526493640449e+01
5.362316208626756975e+01
1.554840317422792140e+01
6.950854870971594934e+00
8.693135020525184942e+00
4.400143734307075505e+01
1.539984205164303077e+01
6.805105885524832843e+01
2.443731597685572154e+01
2.575134365501608968e+01
6.274226650576651743e+00
6.022152386825765369e+00
6.654472403512491496e+01
2.264069359371253398e+01
1.878419088629489409e+01
8.894921039730579793e+00
2.437903172118195627e+01
1.321906584542915830e+01
1.859542074088007979e+01
5.589054284205733580e+00
7.649950231141410484e+00
1.207202531500377418e+01
5.145911548114184164e+00
6.472321810848222334e+00
2.182700847450807302e+01
5.252169684909385694e+01
2.046673064090777672e+01
1.679024529810354522e+02
2.030989947470364854e+01
3.749064441828751626e+01
2.690955588007364341e+01
5.608702168464157722e+01
6.927186978341592294e+01
1.050086059245723646e+01
1.231573218886595278e+01
4.510074835558425477e+00
1.534503205162624973e+01
1.581004580008047355e+01
5.024232019398836258e+01
9.375523538817647662e+00
1.079057943703911064e+02
6.934020769281171503e+00
2.665272584915123488e+01
1.130596560076515260e+02
9.863498725751947305e+00
2.359161175776556263e+01
4.707793839701534466e+01
1.323901725822340758e+01
1.311625735494798306e+01
4.990796665731844328e+00
1.813657185286636109e+00
1.396356988951879963e+01
4.911492898214111058e+00
2.019910049793441331e+01
3.220428546792974522e+00
5.467285199161993958e+00
9.140476621040676264e+00
2.744294074300059094e+01
2.050431803287893118e+01
3.109003434054034898e+01
2.403248503249815471e+01
1.139358666097222539e+01
2.268155833613396766e+01
4.025982291969367566e+01
2.913164737561626083e+00
1.385725152143661631e+01
2.371836894418566999e+01
4.464405760448389771e+01
5.146942384807061899e+00
2.037995997340068044e+01
1.554310114778508733e+01
1.972181557586574385e+01
4.915806324795301663e+00
5.258587945442516620e+00
2.182781983880356336e+01
2.915472831996782865e+00
1.043490427780098884e+01
9.794329512464944543e+00
2.054123190749511352e+01
1.038617472344944659e+01
4.893358565484079747e+01
2.455191395383099717e+01
4.884067636021556780e+01
5.287705111080791909e+01
1.661251005801561575e+01
6.240112057038914806e+00
2.170135578896542228e+01
6.549033083934166655e+01
6.290842311448349378e+00
2.119400918871108885e+01
2.648023600068285788e+01
1.268821644410614091e+01
3.640589587427749052e+01
7.908248764353594140e+00
7.881601159514134203e+00
2.915802208107994886e+01
1.701332353148135468e+01
4.140052060209107054e+01
7.416241744945636150e+00
4.314376161409008148e+01
2.169473857890193713e+01
2.894716602337834388e+01
5.482802419817006445e+00
5.474618452447292327e+01
1.337018601659378980e+01
3.208948788709270161e+01
1.074930373692451369e+01
6.556215272126957316e+00
3.736475663040744166e+01
1.032487532798284136e+01
1.697711395358046005e+01
4.160629273324450850e+01
7.909576941321141419e+00
8.303227469608213340e+00
5.466838637543382617e+01
2.185166886786473128e+01
3.440533719343797969e+01
2.699838817556136750e+00
5.099666855759593886e+01
2.999607355382438456e+01
1.469553280661916084e+01
3.972821176604713678e+00
4.896566958885968290e+01
1.186265453412010551e+01
4.697213373381750934e+00
3.676345874990076368e+00
4.040955768281956750e+01
8.043366156645216591e+00
3.313678472116724727e+00
3.196194404850778881e+01
5.782771235961759970e+01
4.538595965899893514e+01
9.313392684358698048e+00
2.435593815463337464e+01
1.512788538221144385e+01
1.599769917128160834e+01
4.594833230240690369e+01
3.692178823902107609e+01
1.777769837264655450e+01
1.361548133148059669e+01
6.571912312575336479e+00
2.360562916126261257e+01
6.122453974188552195e+00
2.418690190948092678e+01
2.031758264239799061e+01
3.107966924894076399e+01
2.159742398066882174e+01
1.239356486879967179e+01
1.948571494275691407e+01
6.666558387753261172e+01
3.340107004709832950e+01
1.667740521683616350e+01
1.515600864854664565e+01
9.537001717270920054e+00
2.248038074705169365e+00
3.806840778352621157e+01
2.549199608745846035e+01
2.588147320762480774e+01
1.185809389094691646e+01
1.017998305861329733e+01
3.960337629142930638e+01
3.149948465318665569e+01
1.873502749330924999e+01
2.026214830262127009e+01
5.322218515066747813e+00
2.157379805264983474e+01
1.653909052825029846e+01
7.189634856004968988e+00
2.977370827300353184e+01
1.925174120445933568e+01
4.815979484179270997e+01
9.390912976958565750e+00
6.368271200756925765e+00
3.452631579476409485e+01
3.968292977460056647e+01
1.382792155579738846e+01
1.854425798727379515e+01
5.741743804208057611e+01
4.545170894720833132e+00
1.234700282401017724e+01
2.696368328155783445e+01
