1.205989230837232640e+01
1.472316236447658611e+01
1.359358332533952485e+01
6.539259342812336229e+00
8.558257385599663536e+00
1.368123148642188802e+01
4.890558032860095494e+01
1.666425354836140826e+01
4.313088769852162940e+00
8.184681266382673570e+00
9.146796599285769602e+00
2.672382519864590833e+01
8.057690065968419191e+00
4.500551534726023561e+01
3.057148350505707768e+00
1.416857800503007958e+01
5.081569984973552501e+00
1.974233041567525859e+01
2.496004462825383996e+01
2.366969169518209526e+01
2.231360716253539422e+01
2.777784485730416719e+01
1.112275661568742890e+01
8.496305755575740193e+00
8.816180750036032521e+00
1.589106258313464082e+01
2.504335900838833950e+01
7.958831733499024175e+00
2.043342396505220293e+01
2.635889285054895836e+00
8.321084513011948403e+00
7.760136253711281995e+01
6.283914199679150769e+00
2.589851085292947985e+01
1.070652263207615462e+01
6.754668680436111572e+01
3.986795269377241624e+01
5.102007429475684752e+00
1.116383000658752955e+01
2.115910169079131720e+01
4.445292686791947112e+00
3.927037659563021865e+00
1.248339851250285903e+01
4.523885593796095606e+01
1.251371219317273997e+01
4.898612331885980353e+01
7.021129698385981222e+00
7.948024938994432631e+00
7.815927034783393879e+01
4.162862547873929486e+01
2.746924225009949083e+01
8.263149579743368278e+00
1.513754854220623969e+01
1.370855311601327564e+01
2.920854008251171585e+00
4.344286337741520754e+01
6.729143474425713123e+01
9.928334425885925185e+00
7.701305560469436706e+00
2.736600909479026100e+01
5.176649986568184403e+01
8.728432248781341940e+00
2.244120156194274784e+01
9.334217638478365942e+00
2.704170702009675153e+01
1.883846786416896890e+01
1.140199921761189117e+01
1.317827435579070539e+01
1.180380372881304929e+01
3.903126058290180822e+01
8.292241496220226438e+00
5.244196798626838074e+01
2.135445165290787983e+01
7.378044275462741552e+00
7.514323545570405827e+01
1.685499112226766627e+01
2.347164898258073862e+01
9.398834958887624680e+01
2.971748786154917710e+01
2.219397212990605794e+01
1.144178562204436034e+01
7.107633165334936720e+00
3.795137502904157412e+00
4.540490102139116857e+00
1.494336963357068093e+01
9.695203683932728467e+00
9.283086427110323058e+00
5.814978362563177683e+00
8.756542268891822189e+00
6.739461361280167750e+01
1.243356575844767598e+01
9.991366944669254124e+00
3.828409694760383530e+01
1.930578477790202641e+01
2.417143270725141235e+01
1.292391553992971751e+02
6.081346609241730050e+01
3.948620363975680192e+01
1.389752494286187989e+01
1.487660777585329086e+01
7.243368302114332025e+00
3.355073137324369181e+00
3.133149951200731564e+01
5.921342587504183541e+01
4.791933953874718988e+00
4.238863584303170029e+01
3.898872412400088194e+01
2.382851714920785469e+01
2.913230503160602325e+01
8.800916001751273754e+00
1.669931660944052609e+01
1.709521334704634654e+01
1.841230736255263523e+01
2.932399866034233327e+01
1.950553749568598505e+01
7.234695628378709387e+00
1.974678496821796259e+01
4.258335144712695097e+01
7.760355158545423571e+00
1.750842128923710206e+01
1.160804854779580708e+01
3.565106079950967199e+01
7.340782436837701930e+00
7.792918815982180725e+00
5.323717757618734225e+00
1.560075547311106803e+01
3.368723495521181377e+01
4.892524782140493755e+01
1.883482297272116313e+01
9.629197816456795067e+00
3.001351773191489603e+00
5.401000956618397453e+01
9.965189154359521240e+00
5.871840742640253907e+00
1.436015838612799733e+01
2.666346444454302755e+01
1.369097762081979397e+01
3.235371174284187390e+01
4.166960569197383890e+00
2.857041194525278982e+01
1.132169349456807339e+01
2.385949159748115278e+01
2.394625473934813797e+01
8.138795193088411040e+00
2.794333105271332585e+01
1.527213634523412367e+01
2.709170330241711255e+01
3.996284006135599043e+01
8.001117907064784873e+00
2.024818971519939836e+01
3.937206385140221698e+00
1.132281320019609296e+02
1.246717584224815845e+01
1.772749350306598615e+01
1.289778867550685248e+01
8.282110872485869635e+00
2.079434950004881699e+01
9.997886281174814371e+00
4.260049799163768114e+01
1.918083394097777017e+01
4.090716461080020849e+01
4.141046615366301253e+00
5.248136233379481652e+00
6.000335936017572536e+00
7.201305791296407577e+00
5.120856058022206270e+01
8.676645246497068698e+00
1.968650954093904204e+01
5.295062707194498230e+00
2.766864626996880361e+01
6.849225747045109891e+00
1.715258670198522140e+01
1.141387872593036867e+01
1.733147693612491835e+01
8.019279449905313939e+00
1.128365864327203205e+01
2.713087816746176628e+01
1.143771330370389627e+01
1.055676206871370582e+01
5.019666009336927459e+01
2.289644125199301072e+01
1.012517198435455157e+01
5.146764518373689867e+00
1.623474777747381381e+01
5.190753879976156782e+00
9.350877240181267425e+00
2.516701369089036433e+01
1.460588842686665423e+01
2.082180278122722328e+01
9.859784748107676577e+00
2.568476078030887777e+01
2.522713210098078207e+01
1.232890282844970997e+01
1.961465559980452866e+01
3.293176578694678369e+01
1.390261420879986609e+01
5.483724665393987507e+00
9.823268857276291399e+00
1.073289382798555458e+01
2.216886043075925983e+01
5.204134390441070934e+01
8.855241808754863442e+00
6.859411451293402351e+00
2.912486836120423206e+01
2.179251687242973468e+00
2.848712482118316203e+01
4.316357139151659084e+00
9.738758361951243003e+00
2.220896437026846026e+00
1.473557117453808196e+01
2.871499189444820743e+01
4.206265494298894936e+01
7.774648674534399007e+00
1.421371446995630627e+01
2.427718897048934465e+01
1.228351189551595368e+01
2.465438577102788020e+00
1.974134941315740832e+01
8.594624741364732756e+00
8.280109219054406111e+00
3.850296181668324103e+00
1.164274734969606584e+01
1.110082125957942445e+01
2.203924012361504481e+00
8.686223200206756090e+00
2.220691604017360632e+01
1.399740891725201486e+01
1.898351017480494818e+01
2.267705180717080182e+01
8.963963262388240594e+00
2.673794013254871160e+01
2.171623170140674119e+01
4.991171476559988385e+00
3.484328951212160064e+01
4.354212904959235431e+01
1.565309470950203696e+01
1.298018283515723503e+01
1.255625845640863147e+01
2.817531078110236820e+01
7.455089836810314452e+00
4.943345120496275946e+00
5.392422600190978521e+00
5.650779779187003804e+00
2.006303490268440015e+01
1.166580855988671850e+01
1.153282090954616024e+01
1.358988237353099215e+01
6.421407212364052874e+00
4.446229532650124838e+01
5.367880865440898042e+00
1.378315743785795000e+01
1.992950219750045804e+01
6.428794524777734409e+01
3.738555970065191048e+01
5.752436411522055693e+01
1.751057403304035631e+01
1.331387870918079663e+01
9.697689141922305467e+00
1.168229046264268334e+01
2.281193674600529420e+01
2.844694303260257939e+01
8.289123519634218340e+00
6.111957430063895025e+00
3.846278433139134023e+01
7.182955103488667170e+00
1.176089630731702940e+01
2.942709399965511352e+01
5.306810679056489732e+01
2.336408782229710468e+01
1.073785001923159221e+01
3.425526243761038359e+01
2.894771445268237997e+01
5.794204738551971445e+01
9.264661497243452004e+00
8.015708294352679175e+00
1.354781531503307512e+01
1.044018308949027052e+01
2.274575298380442945e+01
1.292926727158796041e+01
1.249748848878144258e+01
1.063740307416516373e+01
1.913661274623238029e+01
1.709986855107363368e+01
1.240404492104631018e+01
1.430651406644156509e+01
4.682683835575449649e+01
8.491871589395753972e+01
1.769273346340626318e+01
8.819192062616343364e+00
3.284158023560743089e+01
2.021350775764845764e+01
1.080391679629311064e+01
5.126920015740655856e+01
2.060280328188360599e+01
2.167940968403366497e+01
1.265567379070672871e+01
1.952252816736648455e+01
1.446409203189314496e+01
1.065655910781198834e+01
1.035113396483670734e+01
6.172122743416435497e+01
1.606641556611819510e+01
6.124832895952089906e+00
3.611081911592779470e+00
3.333742241469732903e+01
1.612470376804678196e+01
8.635354001431991833e+00
8.077245330274442026e+00
9.962728983727760834e+00
5.090112861630350594e+00
2.202029116046837842e+01
1.740656069906827597e+01
7.400328549088084351e+00
7.617303656416859248e+00
1.768721292559491332e+01
2.043368028184501739e+01
1.367617198506695431e+01
1.704325069234068124e+01
4.661917817064936465e+00
2.520003492112075349e+01
1.418443900095345356e+01
5.385692445974153486e+01
6.197905493049366044e+01
5.833886576803912760e+00
8.818138822523307496e+00
6.418156886761729574e+00
4.505627370213129268e+01
1.727069464705133583e+01
6.029196924913074440e+01
5.741801890593728253e+00
6.174046063278132657e+00
1.074175854817558040e+01
1.210015973431368863e+01
1.853905310128362061e+01
1.023912997513660095e+01
1.689352551111455014e+01
4.303867824297768152e+01
6.925946725156649109e+00
1.603133164109421926e+01
8.008752025276288933e+00
1.129405971015098409e+01
5.593878208520644080e+01
1.565651919088752919e+01
3.046692144778234024e+01
1.390203287715108971e+01
8.933159483161583481e+00
1.614791302632330883e+01
3.441465253915693978e+01
3.394039517512235449e+01
5.950036405989554744e+00
1.365313380370131036e+01
1.331273234278513584e+01
3.976587742499354761e+01
7.399624582873076228e+00
1.361816089889485326e+01
1.596663869521581347e+01
1.258980425007945847e+01
1.207758283274764288e+01
3.505987353157695274e+00
1.383159302625231568e+01
9.083559291242778500e+00
2.795487965137044384e+01
2.631955175634102773e+01
5.816306468348284575e+00
2.903234297670564246e+01
1.380672091781702804e+01
5.689362987756975798e+00
3.383798994853167130e+01
1.459779035249686530e+01
2.154276598060322456e+01
1.933807746433339503e+01
6.998124757589627265e+00
5.441883258954810287e+00
4.850742188443043723e+00
3.354128343002598456e+01
1.416067283011910760e+01
9.153357889594671448e+00
1.843184745024083782e+01
1.820260238774436701e+01
1.802156731162718017e+01
3.285208667639813562e+00
3.357413332375304549e+01
1.207456661228840389e+01
4.419309944902828846e+01
1.272060480566093332e+01
1.711400247285803644e+01
8.487910776972245941e+00
7.239611243477884095e+00
8.426368780473429965e+00
5.090203887775818892e+00
1.540106455498976779e+01
1.133597983320770197e+01
1.392529690015929589e+02
3.711636839098002127e+01
1.119214424121947538e+01
3.122475355589623902e+01
4.988058805474650370e+01
9.038095301274406523e+00
3.602342850096774640e+01
8.250648018179575161e+00
1.493790507167277681e+01
3.473829547804007234e+01
5.817482072131242354e+00
9.510765389021752725e+00
5.247733806338057860e+00
2.014966456272226480e+01
6.778152513944129431e+00
1.170867154856269465e+01
9.312784557923405870e+00
1.609989558816271682e+01
3.215536852120194133e+00
3.125271159760000828e+01
7.272876918018210901e+00
1.858254122641417183e+01
2.721099530647546416e+01
7.217190588234391413e+00
8.036199399398451249e+01
3.156465740253263519e+01
2.050054523487841962e+01
6.012534344074194514e+00
4.978230884292032954e+01
4.755822662569756609e+00
1.612902071082297439e+01
2.471510775789836600e+01
2.094432572358509503e+01
4.220581934963167470e+01
2.463546611354094651e+01
4.058805745517674524e+01
8.599272176461923323e+00
5.728962494939771943e+00
1.698805046585824741e+01
4.357620472673752943e+01
3.694623795920626730e+00
2.503941092118333813e+02
4.764807936077541051e+00
5.724346158823556152e+01
3.754388597492041413e+01
1.092618949228145198e+01
4.973036596306203982e+00
2.329200670758727654e+01
6.135392007443444484e+00
6.683481829128230345e+01
2.374717819929283280e+01
1.518454602016306509e+01
5.292387377732422493e+01
1.143093862265195071e+01
2.078052103429892270e+02
4.429312138999810600e+01
7.137083057843010891e+00
5.904288773912771404e+01
7.222560577811978533e+01
1.594275275445305873e+01
6.676716362126049020e+00
1.536251898834528440e+01
6.246479004740516672e+01
1.675037272925721865e+01
2.131524027021787759e+01
2.690352617843559457e+01
7.326072125538175328e+00
8.268098479860906735e+00
8.303863560591086213e+00
1.763559194937366925e+01
7.712287512479697682e+00
4.450982277159205580e+00
1.384322185657788573e+01
3.739262122623868123e+01
1.935285070634152049e+01
1.467421137017481847e+01
6.307308464682022553e+00
1.933284950803686897e+01
4.732233382565135571e+01
8.208103332567335997e+01
1.181208394461047639e+01
4.817749557127245907e+01
5.292866631249817821e+00
6.010757828355012578e+01
2.195329807638127306e+01
2.255039545696595482e+01
1.169512658944025674e+02
7.166500091505155545e+00
6.827611883167462814e+00
1.298168559178270876e+01
1.151731105217601048e+01
7.392116120233455945e+01
3.096060997074935539e+00
1.631660446068450554e+01
1.460330148911462089e+01
5.643632470494660325e+00
1.957593864364434921e+01
3.089672815840939890e+01
1.363697911072720892e+01
1.831088802075443667e+01
4.548084818951916297e+00
5.293567543639163375e+01
3.926714429534663431e+00
2.468323757131297569e+01
1.037808780862719615e+01
1.826738922757050787e+01
2.498901389589883593e+01
3.658235621532613635e+01
9.852776567755821446e+00
