1.030289770672468741e+01
8.977656441831427969e+00
1.067404802031395583e+01
1.318039269429915272e+01
1.309624276269907384e+01
4.695749147581754990e+00
2.917126278715318222e+01
4.647890943784863893e+00
3.108743791206355311e+01
5.556913493891463496e+00
8.360045679547672748e+00
4.400499155705589516e+01
7.535588920762225484e+01
8.990264179546382906e+00
6.417683233878639371e+00
1.950523566424799426e+01
3.771088538850831640e+01
8.591777979126143805e+01
1.509221995963955187e+01
1.775351363104456848e+00
2.307963767030202007e+01
9.674581231942799064e+00
5.055707685653501215e+01
3.693250772196854115e+01
2.866635348537094075e+01
3.971837991821400404e+00
9.840284041686242489e+00
3.219170158214703203e+00
4.337635968711608569e+01
5.738510979249687693e+01
1.691994914486608081e+01
1.231041104292070543e+01
6.189990349533273317e+00
1.719642300046004380e+01
2.666606185039878341e+01
1.666015230708113748e+01
1.895366837607910071e+01
9.878616319865422213e+01
6.023311399360659379e+01
6.220655112548728027e+01
1.032849940282013108e+02
1.063171256762843697e+01
8.439615221003332834e+00
1.223484583890711086e+01
7.666047497074645278e+00
4.593030194176243697e+01
1.537708224357676201e+01
7.439201681422036749e+00
3.672252710627256533e+01
2.411993453047993441e+01
1.211424974163275969e+01
2.701064422474590643e+01
7.939374588921105591e+00
3.368284707620094309e+01
1.546922552252758720e+01
6.558089290307790087e+00
3.496283544312466240e+00
6.296057057449868211e+00
1.243642513592705967e+01
6.478725526355925801e+00
1.361353898513177541e+01
1.114185857360607024e+01
8.419441935023669998e+00
6.576384932386594606e+00
2.684379264365937878e+00
1.089255719448074800e+01
1.201389171476191535e+02
1.524794728069590732e+01
5.262434837207090510e+01
6.307083523027514183e+00
2.266387363436486169e+01
7.829154831809944426e+00
1.313058774129739703e+01
6.770074308877930491e+00
3.458788401377086785e+01
2.137411329355813550e+01
1.079009871144875099e+01
1.142795067056409941e+01
1.181811224171492114e+01
1.356131169608600473e+01
2.648735414461934567e+01
1.686739874402599426e+01
4.084311469407566619e+01
1.208255819024807742e+01
2.254101367836958403e+01
8.742963143748029964e+00
1.376000311172604107e+01
6.772716682442536218e+00
6.454801521752043136e+00
2.364930660568566978e+01
4.015124258919608558e+00
1.249375144518968384e+01
8.888795471925206471e+00
7.398434463113047421e+00
3.156670770693200723e+01
2.434471427571289937e+01
9.924609828016588864e+00
5.477130141943318620e+01
1.732632515045401078e+01
1.411030546003573605e+01
3.245336148462391179e+01
1.248443465865824820e+01
7.841835593262540982e+00
2.480723659256852898e+00
7.860055116154419430e+00
8.205374623667045952e+00
1.661171181147654252e+01
1.139534379262841846e+01
8.762246198856283641e+00
4.222460961142790836e+01
1.172708226791760389e+01
1.765692555193541224e+01
6.320629265039549693e+00
1.857409351176997703e+01
1.613802217805702810e+01
4.175826886794159520e+01
7.235256395759313897e+00
3.573856920834452922e+01
1.110621958550009403e+01
1.764429007525604476e+01
1.627282161187338616e+01
3.886267750013291078e+01
1.915738540943197776e+01
3.172245596673523593e+01
1.611332906575703916e+01
1.028532043463792078e+01
5.091777054413064008e+01
7.989878173495888802e+00
1.331689145953696674e+01
2.021622012052722894e+01
3.184301787881000934e+01
6.010020079293767026e+00
4.229065755777877911e+00
8.858221648625197986e+01
4.624369025906878150e+00
7.259430534773422039e+00
2.847467732833948517e+01
2.199268727907531584e+01
7.552691273911579906e+00
1.722340110317027850e+01
1.748366296305649925e+01
1.764940446785663752e+01
8.403492066649878467e+00
4.308203527708400316e+01
1.835837476114699740e+01
4.004256852182648174e+01
2.863701681480894123e+01
8.162106079578864026e+00
2.584292632022476965e+01
1.292823506938980316e+01
8.346000711310392006e+00
2.432070201986765312e+01
1.219830017721871940e+01
6.387261412039197950e+00
1.142722933218642467e+01
6.597039620705376706e+01
3.188102429058657705e+01
1.157777699036737040e+01
1.127078938023629817e+01
2.839376568782702748e+01
1.961716108096437949e+01
1.368075820510156504e+01
4.483882755243477014e+00
5.608897333355860582e+01
1.424438309107907408e+01
1.779777276794524354e+01
2.725291640943874327e+01
2.207942856730848291e+01
1.894413579131733982e+01
2.124774750155203762e+01
1.885176090456137743e+01
1.296167900167834475e+01
1.187346969876505298e+01
2.210696140495320350e+01
3.204886757352949189e+01
1.564202432739865323e+01
5.965749125659861818e+00
4.842011217505646670e+01
7.153342736835266891e+00
1.246590464847008306e+01
7.548377309924437384e+01
3.362600602844874942e+00
1.011785109607112965e+01
1.317141879541633287e+01
1.887888544147700998e+01
2.190889352179459948e+01
5.812761367640776200e+01
1.061455328473620519e+01
1.468121445688673887e+01
1.133055815532493256e+02
5.955257736233266819e+00
5.055219021777867638e+00
1.030530457498939434e+01
2.753310003123772987e+01
1.387256060010623671e+01
4.431898195019326181e+01
1.150961351600959404e+01
9.453204099427104268e+00
5.349081837647692517e+00
1.378011881198397681e+01
5.096174585984337035e+00
2.013182360233884971e+00
5.464316082523193785e+00
1.257169762853804862e+01
3.799190138272123107e+01
8.104653805826818314e+01
4.705848150981328359e+01
8.692904878667189195e+00
9.172749416772050779e+01
5.076666377822246545e+01
8.041798563276556067e+00
6.133629486453801682e+00
4.786487516624309713e+00
1.392071133956550177e+01
1.225283290416014026e+01
1.660986975829054657e+01
1.497963839600325642e+01
1.476323418138021282e+01
4.848876387665567478e+01
8.415509429461234703e+00
2.305891019059449221e+01
4.369033024483079508e+00
2.504489577597014005e+01
5.820875687730871562e+01
4.405689413379094788e+01
6.530687268088199104e+00
3.208969960640000352e+01
5.917078902240639593e+00
1.858458339670430703e+01
1.082945890437082248e+01
1.348108544381690166e+01
9.109670257866234522e+00
1.090660089757411555e+01
3.557831110956488185e+00
1.567497187002781089e+01
1.034219980870865285e+01
1.973485986060012820e+01
5.582441959824158317e+01
1.290202840406616147e+01
1.022429749396695264e+01
4.358853396180546014e+00
3.603114025351701599e+01
5.690209546037321076e+01
4.559783850279327311e+00
2.393912707098215265e+01
4.343379929126463423e+01
2.556128091481659226e+01
3.641963255860715520e+01
1.235347327673608397e+01
2.342760451075296402e+01
4.427957266885767851e+00
2.890100991004918285e+01
1.769894369017573865e+01
5.619230355953808953e+01
1.790552958075740264e+01
7.847530540767196783e+01
2.054545593658892955e+01
1.012686084240218634e+02
4.532026855381824149e+00
1.170755243336633278e+01
1.318630272721341328e+02
2.964791600521174786e+01
1.009931575228503142e+01
4.707864485200506266e+00
2.437252367705331935e+01
3.836790273967913123e+01
1.116514884227411208e+01
1.691850283507540098e+01
7.573448297801595785e+00
2.215126499570012175e+00
9.754843588812748933e+00
2.610983303137285461e+01
1.715226057741548615e+01
1.635129027080600750e+01
4.374118781385755383e+00
5.548407351283938027e+00
7.669054284308073477e+01
4.190769570077702788e+00
3.162553192973877358e+01
5.372634176996325728e+00
8.187596677966732273e+01
8.027883982864633339e+00
2.226833031126543361e+01
1.814634650286679474e+01
1.152055156182956175e+01
2.293797006903688640e+01
7.218264754140751194e+00
1.076462655791793921e+01
8.129198424262980893e+01
1.664349428553948229e+01
3.627525831789095179e+01
2.471997798536818891e+00
6.215731993969382785e+01
3.059472646084972158e+00
9.422609570575499305e+00
2.288898994180616242e+01
7.978548177586714196e+00
3.114648402975016594e+01
8.203929167542423784e+01
8.030330300900077134e+01
1.328237610370109500e+01
1.697280395285250520e+01
1.451641934801526013e+01
9.990344470444743052e+00
1.086955693259681688e+01
1.306770056080577902e+01
7.091901339437109542e+00
2.447923981282716710e+01
3.802327930437818360e+00
1.041598677616390489e+01
1.201287185680609859e+01
7.294231362895809312e+00
5.263275465910411555e+01
1.932455187877537028e+01
4.935137464369067750e+00
9.114168377356474338e+00
6.284857230417746621e+01
2.382178395196549658e+01
2.970433542332888521e+01
2.476849413366863040e+00
4.448599188525515302e+01
6.370622490231032664e+00
1.893217313266234214e+01
1.084934867686274274e+01
1.209737497073332690e+01
3.961356998875408664e+01
2.867291742601181070e+01
3.109551891000997159e+00
2.075224274861449558e+01
2.125041182587427002e+01
6.374861847195769649e+00
2.368154409494332313e+01
1.056627145459357209e+01
6.127998199051488903e+00
1.777324045098326977e+01
4.241333897221938543e+00
1.210354418257909970e+01
1.048693845600399221e+01
4.827819548652327875e+00
1.737395740250905618e+01
4.117095187968802605e+01
3.356367876073245071e+01
1.129186230673033364e+01
8.664031128007707139e+00
3.428604104803003150e+00
1.665097229945440560e+01
2.338459133238156795e+01
3.138984182892643027e+00
1.798467351154127414e+01
3.599895973915495517e+01
1.088841667615827546e+01
3.983960916583200174e+01
7.990949878244397553e+01
1.621691903231351617e+01
6.788357545854855957e+00
8.679288850375339592e+00
9.284231287108610786e+00
3.285537366669941406e+01
9.882216565937676833e+00
1.154747572770447661e+01
6.540107589577257130e+00
7.920292063921073122e+01
6.012415213612924525e+00
6.715941610276289886e+00
3.227092752735056358e+00
1.221564074766017960e+01
1.046739106025959565e+01
4.982266801055176586e+01
2.378156543640681164e+01
7.473578492944163543e+00
1.133289803254738892e+01
1.686404637443294519e+01
8.364352469472802198e+00
2.202721078980709635e+01
1.220916676922942834e+01
5.747231348343451174e+01
3.179581055066395479e+01
4.390451317828909339e+01
4.073359903047877140e+01
4.315552250822975111e+00
1.636585681747930110e+01
3.540121341232936203e+01
1.188405633387159632e+01
1.187153606091841773e+01
9.800408084708610801e+00
6.185580702766587891e+00
1.018687036605076734e+01
1.157001149282762320e+01
1.979916340315535450e+01
1.999331090149175338e+01
3.142790058307385692e+01
1.947144969032978068e+01
1.668751179504296189e+01
6.409470665062474204e+00
9.024737597555260393e+00
6.209755818514195447e+00
1.445223671746885152e+01
1.682086480597186906e+01
1.070794643659922940e+01
1.243503452153103517e+01
3.362985430509846196e+01
1.374751882726123497e+01
1.292885346018766590e+01
5.128648985447267705e+01
1.499105882964582825e+01
2.217270536045796092e+01
5.081832008085061148e+01
7.208919262145083273e+00
3.472168556536527717e+01
8.782444522256696473e+00
5.848380726968842147e+00
5.244658074840854667e+00
1.572523274824039419e+01
1.677196706204589560e+01
2.579488729708533512e+01
1.417671448396285960e+01
7.407651009141216214e+00
7.278440238150793107e+00
1.004507999197323365e+01
2.795050126449059391e+01
7.253810296589229267e+00
2.348852520656677001e+01
6.709661150314927269e+00
2.619878187214985843e+01
4.420699855742242335e+01
3.543147200860125423e+01
1.052522111903583379e+01
1.388603229618623303e+01
2.052514372045062530e+01
2.457840699433208798e+01
1.213518224132288736e+01
3.255181924915373504e+00
1.288070262410012923e+01
3.625159071919210607e+00
8.190232641278740289e+00
1.346571032901077025e+01
8.059736847981390895e+00
1.583567488000983303e+01
1.615455782645726757e+01
8.462780605726067051e+00
1.160224374495749800e+01
4.027381548132044031e+01
3.416300269114567811e+01
5.624877463272891731e+00
1.608286453556604556e+01
1.051366104149631653e+01
1.251336762378999978e+01
3.076626194894374500e+00
1.346218496627442285e+01
4.995540914347254358e+01
1.940155902320946879e+01
3.438590789183071905e+01
9.868877912449406153e+00
9.297638480211659839e+00
1.324388335173210862e+01
1.587408041659840308e+01
2.203544945536737742e+01
7.436901083678140623e+00
3.256027938197620841e+01
3.442922082995738009e+01
2.582575491758241526e+01
2.357954429328737334e+01
2.790016039199903819e+00
6.195116748380951499e+00
2.877106833585651113e+00
4.638222821947826979e+00
1.338895489124049476e+01
1.170333180614468205e+01
3.520111335694724009e+00
1.900183225083485183e+01
5.454651334978937172e+00
7.995166293889059972e+00
9.385862833940477046e+00
5.470762444128255453e+01
3.108430809484728030e+01
5.131862595652588510e+00
3.650945630317987423e+01
4.217137056036892773e+01
3.182479842057798436e+01
6.244573798733301651e+00
5.838584108062453026e+01
3.185370005349903888e+00
4.353572369326323965e+00
6.008381765201849412e+00
1.370538936991106560e+01
1.229748017714323005e+01
2.147185033081639816e+01
9.570185309355148107e+00
2.565074036586646145e+01
4.158499898694341823e+01
4.161809837515540345e+00
1.099980370159168253e+01
9.378513321910990186e+00
7.434412851779251596e+00
2.110072387789556192e+00
6.040808482209102159e+00
5.791398689960621127e+00
1.806436063509908152e+01
3.199978153313253415e+00
1.921690196012946927e+01
1.664636742869301855e+01
