3.826956375804252275e+01
2.701402706215144534e+01
1.480773160270994993e+01
3.337161475645136477e+01
3.499842273075661581e+01
1.876853427178878064e+01
9.825080324072319016e+00
1.132409153036278049e+01
2.118828775426208821e+01
4.823773250054408379e+01
2.484032288983642189e+01
3.894191126071241627e+01
2.271479546357312529e+01
1.961765716600960019e+01
5.404572522648534516e+01
1.386668930323424931e+01
3.124637896342121834e+01
2.619658070845509812e+01
1.874717403761325940e+01
2.378276125723710877e+01
2.984026230538110624e+01
2.531603311339130968e+01
2.081564741504043425e+01
1.621047989356267038e+01
2.063459082633701414e+01
1.992912866514112480e+01
2.617606314830667813e+01
2.265445946912813469e+01
3.129316652196311921e+01
3.222274702273926295e+01
2.181580890789210869e+01
3.081193528957796346e+01
1.195051340535976081e+01
3.630640557554114167e+01
2.711255399309048286e+01
2.077579270657406951e+01
1.344306070073178816e+01
6.357150999627334187e+01
2.722861731428172405e+01
1.546579274851241692e+01
1.431327176509545396e+01
1.871838002425679193e+01
2.217650806626548032e+01
6.985534120356217613e+01
1.572638646818638364e+01
2.126376205581521717e+01
1.446919128994577974e+01
2.783647483202786432e+01
3.899865239302115327e+01
8.861569321706086910e+00
3.584678424797354523e+01
2.009556859202970358e+01
2.240907199256617588e+01
1.141875163183929054e+01
1.838679191293707760e+01
2.143786222113270767e+01
1.560166029842187463e+01
1.971833634496497822e+01
1.017170917200115632e+01
2.645450899636113462e+01
1.709600011674576336e+01
2.824564826693562480e+01
2.427665530176615150e+01
1.488086924115919452e+01
8.527558412858702752e+00
4.038695716120764700e+01
1.831746063359571508e+01
4.143924590850991763e+01
3.046230850169179050e+01
1.756065181526260233e+01
1.634985839285830522e+01
1.766904928736943958e+01
2.185262998991117200e+01
4.677849577352975530e+01
3.133370684091228497e+01
2.382819530969752719e+01
1.227576277002608052e+01
1.559898420264655350e+01
2.054781365700319995e+01
1.409505897164060073e+01
3.360228480642913240e+01
2.803502157967785990e+01
2.742807063983573101e+01
3.122357207682015812e+01
4.348014967411028664e+01
1.606472024246421526e+01
2.503362419112281501e+01
3.593895648287444544e+01
2.919216756132438206e+01
1.263580606702857345e+01
1.677705761563409581e+01
2.880150786257342688e+01
4.399809003289977483e+01
1.454763270899134397e+01
1.442972697188474918e+01
2.268010339104267814e+01
2.717888811802317406e+01
2.618359698535255475e+01
2.059441549457928033e+01
2.566967529107575530e+01
4.894252306201434521e+01
3.640630344112917527e+01
3.079799313441380804e+01
3.267982942182360517e+01
3.166359163617014616e+01
1.585228655101704476e+01
2.711924080654070579e+01
2.081299493779507870e+01
1.603181423769099467e+01
2.906069379575103540e+01
3.982164853357197387e+01
1.914027225454597314e+01
1.284092039907489280e+01
1.589921698498487856e+01
5.033823138981878031e+01
2.496271475939639828e+01
1.367302202394247246e+01
2.144718605746387752e+01
2.453198686062786393e+01
2.099309638909301512e+01
1.886120202222359410e+01
2.379640494117604277e+01
2.642064929013696428e+01
1.359512609628631807e+01
1.232346646345929564e+01
3.328845435110007145e+01
3.155063971484518248e+01
1.901073721273770190e+01
1.428096727560305546e+01
3.218518312885788646e+01
3.150369477006272234e+01
2.975482223800039705e+01
5.420976921180430708e+01
2.041953161125365313e+01
5.640173473501690893e+01
1.363248193309850897e+01
2.757616849332686826e+01
1.234249171256372613e+01
4.300966114915294725e+01
2.520182093139756319e+01
6.049910960928319525e+01
3.733973882260213628e+01
3.562973613291735830e+01
8.064950864225160387e+00
4.777677161860608379e+01
1.060638141564482240e+01
1.780106633142798600e+01
3.065475295825317303e+01
2.922049702089768175e+01
1.318021083479179723e+01
1.863136687100600497e+01
3.955516101773076798e+01
3.673684492671005586e+01
1.582509171755722654e+01
1.615007720085934650e+01
2.119198309277924608e+01
3.866535932460050162e+01
4.292133894463501065e+01
1.710849566814736988e+01
4.827981392868545640e+01
1.665357959466363624e+01
2.844690027764744755e+01
2.705998554411800328e+01
4.361048250826429751e+01
1.426682219289446252e+01
1.562678902015739091e+01
2.696379927659757669e+01
5.295740506391386049e+01
2.262238987027672366e+01
2.901079710450066429e+01
2.616888783354812276e+01
2.916993419828338219e+01
1.373716848742416907e+01
3.316864802328693429e+01
2.229355572268087471e+01
3.094001191663952355e+01
1.302698034101162960e+01
4.084457514501315245e+01
2.005271783672927910e+01
1.815030985911958794e+01
3.131265728495650791e+01
1.804412261676668550e+01
1.250771269441934486e+01
2.416175633010565704e+01
4.855603214976422777e+01
3.978192010540971779e+01
2.577895192110005596e+01
2.093151640953035653e+01
2.284581582082568119e+01
1.379745607346876923e+01
2.751681128080962324e+01
1.644360035659220998e+01
3.934958769715372284e+01
4.023474473172883137e+01
2.726030669321997024e+01
2.090505045537207351e+01
1.812448694050690179e+01
1.044611565107267381e+01
1.302602156928833921e+01
2.578118688859638397e+01
2.395337222210216765e+01
2.179411871051463478e+01
2.359023676928803326e+01
1.831974347528839075e+01
4.014857822082093719e+01
1.723615003348989205e+01
1.846309835853650227e+01
2.915796420408924305e+01
3.629952779613288527e+01
2.876104749401929794e+01
1.005402209658286417e+01
3.695746698563705479e+01
1.993289045465969167e+01
1.975982602883962613e+01
9.249349546820035073e+01
1.618105700648868250e+01
3.307096594616657370e+01
3.898805122930276923e+01
2.050806217162363154e+01
2.289712352306553811e+01
1.227184175956359269e+01
2.317686754660834225e+01
3.417109020127556107e+01
1.566411034388768364e+01
5.148639636876149694e+01
2.563249959847115989e+01
1.682153395181187605e+01
6.235661699839671712e+01
2.100946793639010224e+01
1.181174012849394117e+01
3.628213031361941887e+01
1.657050067121743453e+01
4.067025834320429567e+01
2.925008756407459032e+01
1.965529857268315084e+01
3.284357430306485526e+01
1.851926289896366384e+01
5.431604628858647743e+01
1.689174003836561866e+01
2.948203619742291437e+01
2.229396273475729373e+01
5.865995674941480331e+01
1.988539914525678043e+01
2.227042511680042480e+01
2.680604054663437807e+01
1.928872975900578268e+01
1.012293588445577441e+01
2.470773078290391922e+01
1.656391539899124865e+01
1.702732642563809051e+01
2.614268988605777722e+01
1.446497633182517895e+01
2.302016712507584373e+01
2.486056274618297834e+01
4.350653402461172448e+01
2.828127808927913378e+01
1.398345799737024642e+01
2.753510286759222581e+01
3.947770588112320667e+01
1.689258486301184803e+01
2.263466577283082870e+01
2.727311417541213956e+01
1.130061443785907294e+01
3.274926000971689177e+01
2.262038799593286598e+01
4.013307959575814721e+01
2.699631795351660557e+01
2.545762895856514518e+01
3.490094725900419803e+01
1.994316086339145500e+01
1.689041443183349145e+01
2.824627936305968845e+01
8.848089017322111616e+00
2.473035783775356933e+01
2.147212714176186665e+01
3.019689519866162541e+01
2.170760554990168956e+01
3.404354769629574662e+01
2.404724738613451862e+01
3.054269015495307116e+01
3.252314763369641781e+01
1.257393893499676274e+01
2.709455522332630295e+01
3.507402753981734378e+01
1.736974705625843995e+01
2.351152924477046469e+01
1.964038394908191876e+01
2.138204526841246178e+01
2.055859523873847294e+01
1.121641636020316213e+01
2.312800301690256077e+01
1.540523832420579708e+01
2.461587650124720383e+01
1.804959346949810595e+01
1.893261259835020027e+01
2.724186090719959452e+01
3.284638435953908697e+01
1.483735868044732698e+01
1.445155633054389632e+01
2.398906865255924359e+01
2.117779575756036081e+01
9.892230443899414638e+00
1.557549392767218421e+01
5.854915985100323184e+01
2.401674701173812210e+01
3.017239283540710204e+01
1.376330572311433720e+01
3.959759172914907310e+01
5.422385101930314200e+00
1.731105758919388293e+01
1.465538289068127398e+01
1.596678728119907298e+01
2.217731125101271772e+01
1.741845220085196644e+01
1.931359295541371424e+01
3.665330533749324360e+01
1.857551687562722620e+01
1.747749815889394753e+01
1.461360134509365416e+01
1.963694260890760646e+01
3.771607997602100681e+01
2.533694015477241379e+01
3.347899102168730678e+01
2.064989170719094247e+01
6.724168087022383133e+01
1.231077199394601536e+02
1.370382125374269400e+01
1.831069274404469382e+01
1.517680901494536272e+01
1.500646760658113799e+01
5.548670241289043048e+01
2.542484411393900956e+01
2.506547902457342758e+01
1.599481441881425070e+01
3.781648437908093285e+01
1.750182344669134693e+01
3.270572947233500827e+01
6.026944158728873191e+01
1.119826974689706134e+01
2.685901642503469944e+01
3.014979087774860744e+01
4.038277940722463910e+01
2.991651631930515265e+01
2.490301327422289646e+01
2.314821339862764660e+01
4.094031241228451989e+01
2.102230052488412682e+01
1.513090046660438404e+01
3.215008613286241257e+01
5.128809169518214617e+01
8.869845512533728993e+00
3.708525996054297735e+01
4.027215888761060825e+01
2.134716194637993780e+01
1.038510379533819261e+01
8.264931943120818403e+01
3.606391735616284677e+01
3.205450893077406249e+01
2.459281710366062157e+01
3.333621139941266875e+01
2.042578401525249632e+01
3.557489366880310655e+01
3.124259987667887017e+01
1.750076928039613477e+01
4.120221015981226031e+01
2.982435645684523706e+01
2.123976699703149862e+01
3.850759709132618269e+01
3.396812495597970383e+01
7.849436454160084509e+00
2.741647875347634766e+01
2.024827176135643469e+01
1.946794530834471004e+01
2.734624694640008613e+01
1.521580698997933290e+01
3.277879862162617286e+01
2.282204654885605422e+01
3.525099473769148517e+01
2.828407990922030635e+01
3.530995834851712800e+01
2.727557074560953154e+01
3.281346740540937645e+01
1.655923040827833503e+01
8.180652314031840788e+00
3.996717776999825134e+01
1.289713001708192408e+01
1.782864670935482820e+01
4.018510849764719239e+01
1.982478884030874156e+01
2.928417332453568278e+01
3.108645261002997628e+01
2.244998463966014768e+01
2.848270121742262972e+01
3.042718950206800699e+01
2.121962077473740038e+01
3.053858319869810245e+01
3.159361648658821053e+01
2.407504950073914785e+01
2.204515048185150405e+01
1.340627127742678226e+01
2.120630492994325778e+01
3.820659956561368631e+01
1.309288390067245977e+01
2.466886977813745574e+01
1.234761628243066767e+01
3.435247648858436520e+01
1.605632298017688697e+01
2.157107217859386949e+01
1.679325680426537204e+01
2.278542337257430717e+01
4.791101838686057590e+01
3.566416331271857132e+01
2.480161161390240210e+01
2.787226645529126756e+01
1.672602533536363367e+01
3.327336005830058241e+01
2.448599301595315225e+01
3.021092643261468069e+01
3.618353586878251349e+01
3.671227282727011243e+01
2.368347725610964716e+01
1.993649105202520389e+01
1.443034852870088436e+01
3.201550327530625850e+01
3.146128618353928630e+01
2.986194915999019273e+01
1.439802648822080045e+01
1.403301134167306330e+01
2.993149116264152809e+01
2.150544419370593729e+01
1.821233172603802331e+01
2.438518457128859040e+01
2.484533303371063795e+01
1.147050521568808357e+01
2.891710496893255211e+01
1.296193070591699836e+01
1.590865023040249149e+01
4.380141602246222732e+01
3.135806546176663545e+01
3.995946332795913492e+01
1.651737119012661026e+01
1.948644884854513393e+01
1.391038614127586293e+01
2.972912750778797530e+01
1.405352539288380598e+01
2.162349484176501591e+01
2.635864963694334762e+01
1.501753094567634683e+01
2.716422047455640154e+01
3.180606816396692338e+01
1.977928957374400198e+01
2.155317171633744877e+01
1.788052380848949952e+01
2.770105425543863475e+01
2.215575131379521068e+01
1.213510886304093006e+01
2.776683566233306522e+01
1.624003299094251318e+01
8.873800569115886105e+00
2.087288839224236270e+01
1.668394952764899841e+01
2.622426809039880169e+01
1.066893132042029890e+01
2.703708965773861550e+01
4.394462403294819808e+01
2.153573347577590269e+01
6.742703576048909042e+01
1.512238640540627621e+01
1.484051750233020783e+01
4.216463252055270061e+01
6.400049936322952249e+01
2.145747222578114588e+01
4.435976534099062007e+01
2.453418190010550148e+01
2.987217640212966074e+01
3.236575878866815259e+01
2.469319555228456409e+01
5.509297251669426743e+01
4.080961181949197680e+01
4.094128047067668064e+01
1.909774660914748523e+01
5.711988467211656939e+01
4.078488493760891487e+01
2.157546542558923264e+01
2.236485729292290259e+01
5.933162200531090491e+01
2.301809077499732226e+01
3.016630014351686384e+01
2.809876773225010638e+01
4.316850742214219139e+01
3.988037736654502652e+01
3.051381703243073673e+01
3.951414231786833398e+01
1.160610260793415627e+01
1.297971737707147355e+01
3.959701873156009810e+01
2.631492532343327895e+01
3.203166909051062561e+01
3.063620275912368385e+01
2.739353884267430317e+01
4.055872240857161870e+01
