2.898879030421653979e+01
3.661938333717100136e+01
2.120224795700668352e+01
1.057677111908945022e+01
1.116743804876600521e+01
7.128353805139885147e+00
1.238309656587571617e+01
5.455632908191407004e+00
9.364119387834503527e+01
3.359456119919455830e+01
8.814445707102240846e+00
5.997408344793697665e+01
1.862926918831132284e+01
2.028827833847040552e+01
1.668007453514747240e+01
3.308060915891617526e+01
1.721119469800130375e+01
2.393966266584297031e+01
7.215156169409100073e+01
2.963070834737099801e+01
6.024689470606062081e+00
1.209919230405618151e+02
2.693510950188520781e+01
6.748430596012324756e+00
3.181080030139591486e+01
3.955618794838530050e+01
3.735468241956959901e+01
1.178395981209602539e+01
1.217381502508502145e+01
9.005494676264561349e+00
1.859263593134594217e+01
1.326413866802753461e+01
1.240963576145440150e+01
3.023148041546829035e+01
6.101430312990785154e+01
1.622672749832352324e+01
1.617726857353425984e+01
1.519916544682536497e+01
1.292839063286458234e+01
1.643289743949511106e+01
7.795606003111412008e+01
1.539005578562879606e+01
4.195965983547738887e+01
2.534749359718399830e+01
2.220142410768304231e+01
2.305368924596892199e+01
5.191338160269329194e+01
1.268511951196777865e+01
1.606850973422595885e+01
1.645491991712843216e+01
2.360151196529726647e+01
1.735556226163717852e+01
9.098310084211581383e+00
8.223435186443094125e+00
2.768739349477061396e+01
3.376601111029286528e+01
7.904185595684046994e+00
1.438986269037048871e+01
1.277637626502355062e+01
6.202736800426549735e+01
1.586724118084118906e+01
2.788855770048610694e+01
2.987448564318040667e+01
6.884987413303745640e+00
9.670076346550446900e+00
2.054554778377815794e+01
2.128953416550691102e+01
1.199025402318836875e+01
1.514873859885707930e+01
2.662236244355003834e+01
1.529531182502968711e+01
9.125548474713852443e+00
1.739118061096311507e+01
1.993571153510520233e+01
4.776779476344426456e+01
1.511554897028667455e+01
9.355238543038248977e+00
1.639256537243441159e+01
3.260409454554227437e+01
4.427138030151259329e+01
1.365209076148886069e+01
1.824459854915977530e+01
3.350529207069617854e+01
2.486582825557879062e+01
2.295984257635583958e+01
2.441966303785920545e+01
1.723985631418305076e+01
2.381140460363693379e+01
2.011858603592204275e+01
3.318643913546414836e+01
8.569915489167543754e+00
3.524576884960553258e+01
1.507199386003332897e+01
2.222142315956573810e+01
1.013394215000251819e+01
7.744648628925447476e+00
2.680506817615473381e+01
2.581059340107730549e+01
1.425571806765069738e+01
1.710998535304872803e+01
4.256139917626536118e+01
2.032338857578906754e+01
6.824930574368384839e+01
1.318321970297454584e+02
8.738094129857026715e+00
1.509300969265698278e+01
6.436974072371879352e+00
1.551755578488744014e+01
2.044571587495211418e+01
1.462565155882495382e+01
7.844891289645524957e+00
1.384627631359119349e+01
1.900431307953732940e+01
2.971549497163558939e+01
9.408354550485970691e+00
4.310127563522031302e+00
7.820067226704122021e+00
6.767290179598244748e+00
3.692540918231246394e+01
1.872398594567135177e+01
8.462930244526440049e+00
8.352514766941535385e+00
2.964513477304040734e+01
1.769391214063860929e+01
3.368112643007630425e+01
1.789422372515789306e+01
8.323690949193348843e+00
1.708695499688867869e+01
3.140005069730342058e+01
3.766776730011506658e+01
9.712229388680306386e+00
1.377546113587528964e+01
2.113467825798399957e+01
1.835821951012447784e+01
2.399983514592980072e+01
1.175766728828797092e+01
1.118304382153476695e+01
1.730287750285696902e+01
2.046542634104912395e+01
5.939320090862398871e+01
8.921870924829319449e+01
2.530511851889841068e+01
2.773528039693303171e+01
1.979034977995571865e+01
5.760000580730186392e+00
1.725972905111056832e+01
8.799960451197174294e+00
1.277312087922104844e+01
1.626679746492914802e+01
3.238390990738928110e+01
3.496557665376972324e+01
2.775832519263354214e+01
2.306864863440795332e+01
5.149649932983332690e+01
1.455834427901306682e+01
2.289445284233688582e+01
7.589082164815283527e+00
2.042801407277730874e+01
1.521662281875388345e+01
1.682409975794771029e+01
2.421164248863987112e+01
3.243940939342511598e+01
3.085263222592919519e+01
1.568288337444592173e+01
2.320839919539193730e+01
1.982470243942652743e+01
2.394095709561561947e+01
3.114945207810343675e+01
3.296233773427277214e+01
9.969666053903344149e+00
6.347406170291060334e+01
3.520697549804084758e+01
4.641889831283646828e+01
2.523697124721226714e+01
1.648957547975875926e+01
8.503403681160122574e+00
4.329475453142424612e+01
4.723705794403239011e+00
3.448928891785345030e+01
1.208309790510831583e+01
4.699018879983081831e+01
9.753791010542521178e+00
3.408549884537819707e+01
3.536520992216838266e+01
9.974570792585758738e+00
3.335775987745250859e+01
4.247332024024360919e+01
4.061040391668179694e+01
5.272183755842289088e+01
3.410254457417083529e+01
3.011935498590696625e+01
1.715470569077594831e+01
2.765323990634608009e+01
2.839125876783855418e+01
3.860718822256631455e+01
1.180625690824342655e+01
2.062916335499272691e+01
9.851624940201869407e+00
1.739757382073698722e+01
1.065622182624561631e+01
9.949439508186571857e+00
1.923031227365931883e+01
1.740878265364158395e+01
1.352067543619034140e+01
1.393924715064668618e+01
8.890600987859819782e+00
2.287347624450801575e+01
4.152473434883219738e+01
1.865796947699467268e+01
2.006757429246819058e+01
3.937047756709843327e+01
9.333960304568552857e+00
1.238455968255676254e+01
1.254513606217338939e+01
1.341050118863373086e+01
1.236195217381780509e+01
5.092149435552610726e+01
1.284834345558507351e+01
3.555324437098832391e+01
3.184815664724255058e+01
1.131071154604950912e+01
2.616396646953954885e+01
3.337991673834092410e+01
2.140444357462332903e+01
2.452250562919794774e+01
4.068645074391937300e+01
3.701107627882120710e+01
4.776041149973458033e+01
4.115026301298356515e+01
2.725783894013296660e+01
5.903883244990348089e+01
2.689751253427111521e+01
4.261710551544374681e+01
7.479161418499934655e+01
1.662098175534248767e+01
2.074540728969360970e+01
5.189784249874008992e+01
8.580015048162167091e+00
1.809440951769360240e+01
4.232899415165544355e+01
1.039960315542654889e+01
2.669211211896148228e+01
1.405602162527825527e+01
1.883712254674618691e+01
1.565582330423623425e+01
1.635338657120801287e+01
5.421913382397303849e+01
5.401882511015013932e+01
2.632004703344858854e+01
3.807249171611288574e+01
4.706497297243995348e+01
1.679128433564081035e+01
1.435420230384739959e+01
6.729808458181351760e+00
1.156660450274140040e+01
3.077916745540768773e+01
1.336016746613664452e+01
1.885517786960750897e+01
2.886503917621929105e+01
2.897073164920695021e+01
5.656134706129424927e+01
1.399419646739864476e+01
2.379607416456240188e+01
3.800693338133010002e+01
2.176708653256723025e+01
8.551000558585134570e+01
3.178797730772414099e+01
2.706730792295461185e+01
3.346032230279371333e+01
2.914747650294515680e+01
3.287106283926011230e+01
9.250048966283266338e+00
2.231662891382644887e+01
5.443870984197108243e+00
4.470875595290274873e+01
2.876856740897217435e+01
3.959572305862251795e+01
2.515696509796216773e+01
2.502691180426135276e+01
5.177420194565467426e+01
1.819487081004353612e+01
1.865671997784797753e+01
2.330793424357605303e+01
4.588926566799970885e+01
4.439555459677577431e+01
3.312558132445077774e+01
1.424108174526817194e+01
1.454996216965514222e+01
6.436565574231889286e+01
5.960569082227018356e+01
1.149021337483433136e+01
1.593767726761367598e+01
2.258601737757400585e+01
4.437026159644200618e+01
5.923069818554925803e+01
1.789092288548140885e+01
2.483446573993675699e+01
4.048438043904493355e+01
5.009644164698221047e+00
3.134502341642036427e+01
2.022582922960348029e+01
1.703620278253546161e+01
8.148340005541172104e+00
4.803273272803208727e+01
2.397597745301309047e+01
8.573739336480233675e+00
1.013003264721560157e+02
1.959901912132200863e+01
1.541442284334707935e+01
4.564674930166506073e+01
1.861875654626363286e+01
9.074786448558729290e+00
9.608837963378782376e+00
1.170943465015688822e+01
2.311835436853217729e+01
1.337758250872726151e+01
1.356638940068293664e+01
8.985761537776745911e+00
2.091571013251243727e+01
2.636476272315804081e+01
4.506072796450882123e+01
1.254206238768540338e+01
2.274681891977183312e+01
5.658256807263344257e+01
4.776508602750544696e+01
1.703029277154470122e+01
1.307990621929375941e+01
1.540038057406703409e+01
1.930838393325630875e+01
5.430130850209266669e+00
2.349003827181269344e+01
4.010522555099812791e+01
1.197697731587981451e+01
3.776507732899607817e+01
2.767915903732031779e+01
2.350493603111257102e+01
7.251494046793321502e+01
1.767971607468615858e+01
3.171873543900418468e+01
1.561187823944879760e+01
1.196711168729390629e+01
3.934291464865378174e+01
1.268270018298834678e+01
1.562278387894545517e+01
3.511390148935082323e+01
2.229308739195438349e+01
1.893584022864689942e+01
1.493087936730295695e+01
2.225760063458069027e+01
3.123796498287488888e+01
1.088514148151664429e+01
2.193801017616923943e+01
1.096862121871848039e+01
1.211245698303567409e+01
1.305672601753479078e+01
1.205189942298763128e+01
5.192579869675578408e+01
2.163293898241078494e+01
2.379160093153388189e+01
7.413711312359462902e+00
4.250135966682452704e+01
2.961974650251498176e+01
1.154154778434386053e+01
1.702635323279008972e+01
1.402722955717739950e+01
2.974217575843016448e+01
2.117172601449918545e+01
2.558836754702542038e+01
8.317331697814145386e+00
1.106334138049590265e+01
3.301080824665628910e+01
3.600957428429730811e+01
1.299423774306694668e+01
1.477439702549073886e+01
1.606098351900212506e+01
6.298365509916615146e+00
1.336623084938570472e+01
2.207537616037344819e+01
1.823012356286557178e+01
7.260163429667727542e+01
8.629139688341956216e+00
2.221568902470349371e+01
2.963341413866130125e+01
1.304246118542404709e+01
1.679252109689523991e+02
4.544692591576153262e+01
3.167000787875731760e+01
4.828174605813107689e+01
1.811459384813204210e+01
1.937756903860977786e+01
9.232822825528558042e+00
4.251474622755353039e+01
6.641008144660444756e+00
9.270665106974240288e+00
1.387755070150305059e+01
1.711852300259211646e+01
3.469507970651622486e+01
3.434746863582297038e+01
8.433172701859712461e+00
1.926706637718840298e+01
1.263215659821482539e+01
5.096466155683702937e+01
1.147589726984049463e+01
3.142035491469093600e+01
4.853109046330396836e+01
6.447347273503170939e+00
1.409914521260121489e+01
3.634141145152095476e+01
1.154622590740013379e+02
1.365635705933780386e+01
2.360001577895082292e+01
1.197542960580821614e+01
2.954871024776885591e+01
5.226108548687962241e+01
2.546937371660455440e+01
2.231479643781027278e+01
1.865566791063363539e+01
1.920551600616024501e+01
3.324713847388417776e+01
3.108160715350080139e+01
2.494391983493189358e+01
2.161071540975352434e+01
2.340994045437810200e+01
2.349227487443944185e+01
2.111480049305010809e+01
6.221416411066685015e+01
5.206136847444435034e+01
8.464338091018387189e+00
1.870133144550592519e+01
1.689670536217578700e+01
7.861099807174348086e+00
1.619372926302738946e+01
2.132085079891269785e+01
2.296535271989939275e+01
5.263159409160519431e+01
3.234575390280572549e+01
9.973078861981063525e+00
1.322791673181204430e+01
1.066855344013753992e+01
1.455076109898818792e+01
5.273702132720272573e+01
2.199310632742076521e+01
1.507921207503066441e+01
4.854603103811347964e+00
1.921177055443974169e+01
1.517306288526456548e+01
2.942062439295306220e+01
3.959094365225667644e+01
2.734166423939085178e+01
8.202182830600941443e+00
6.591788135116203762e+01
3.121702300501815586e+01
2.263595098193697552e+01
1.226590477670776558e+01
2.232663854264153258e+01
6.033044306853381045e+01
2.786499180273677112e+01
2.875547638365905101e+01
2.981156400421861008e+01
5.463622396265451187e+01
5.718708323740023047e+01
1.126902153563766085e+01
2.659872971747711290e+01
2.351439771457334160e+01
7.393735395005029964e+00
3.798757067101303875e+01
1.410889996871870977e+01
7.427600815211140350e+00
8.988156092945084197e+01
1.558233918591238520e+01
2.162316115209261369e+01
7.016961648493470705e+01
9.463986508996667268e+00
1.106041631918366441e+01
5.045139285870082801e+01
9.044778717988156913e+00
2.226550019945444348e+01
2.604071402280718672e+01
5.979536481443330942e+00
8.875984293306284911e+00
1.125246120514884218e+01
5.805658154389398362e+01
2.875586898524571922e+01
4.051670410658433497e+01
5.062037020304212653e+00
1.716142970507483057e+01
2.019380135759841721e+01
6.869021228735529405e+01
3.697129685252161124e+01
8.251861243764587073e+00
1.491178165101701225e+01
4.663739583230768204e+01
2.563137335440334397e+01
3.953868911463991509e+01
6.630154081669040522e+01
8.520765248297932359e+00
2.029690761613707650e+01
1.957264109823344711e+01
1.732843907095134739e+01
8.030015406795856236e+00
1.314806711082922419e+01
