3.396602409764064845e+01
3.176351482753112521e+01
3.263564521926178230e+01
2.747631912316200697e+01
4.397782108159564984e+01
2.890812238039736570e+01
9.185809870137853750e+01
1.193272007973641280e+01
2.115556568743265586e+01
3.031438972557591782e+01
1.367725128434678972e+01
9.467900250832077091e+00
3.412641278989380567e+01
3.387961110963161815e+01
1.423834318529145904e+01
4.216018244199605647e+01
5.248281158162592419e+01
1.994203844747890031e+01
8.725599848652937141e+00
1.412240893543419595e+01
2.478661370928091756e+01
1.847598467584678161e+01
8.186054291514381021e+01
2.988950923711173502e+01
2.039009485085413331e+01
1.956969047201297229e+01
1.460192697900941816e+01
1.364165118025919377e+01
4.535051396461723527e+01
1.473143552449087856e+01
1.776685892104933018e+01
2.584364748346735752e+01
3.249002743850983421e+01
1.900264065101050548e+01
3.997118354405992591e+01
2.771888638556857032e+01
1.381744798598857038e+01
1.931390501672812121e+01
2.900357368044734585e+01
9.100782592352897993e+00
2.464692131521535501e+01
3.237663679718080800e+01
1.246541825901137379e+01
5.150986480801395828e+01
4.059604726441341427e+01
7.138978564048940711e+00
2.489720697640338898e+01
3.503718756187302574e+01
3.060305765183715110e+01
1.590997114774202181e+01
5.955367003470652065e+01
3.669444090044129325e+01
1.392285234717827613e+01
2.972204375622740358e+01
9.514975498678351684e+00
3.384597025459988373e+01
4.364487001605667871e+01
3.623128374911807725e+01
6.765691108877516058e+01
2.007722056790214538e+01
2.382821679442350771e+01
4.688539552619178608e+01
1.601523209220684762e+01
4.383620405129264697e+01
1.974308227593240517e+01
6.763213473247523311e+00
2.004165575618558393e+01
3.063420945913779647e+01
1.348622819667148320e+01
2.900765152182688311e+01
1.210377187672149724e+01
1.609587391034738246e+01
1.395224357210422639e+01
4.817828452980151610e+01
3.172353838122641889e+01
3.359871256728957434e+01
3.628142490473131687e+01
1.005972277769943624e+01
7.830156812064642757e+00
1.491497940449937687e+01
1.437832111202326679e+01
1.961486377367358713e+01
2.422777910555553404e+01
1.618567624621573486e+01
6.016285980676063794e+00
3.412730060569960955e+01
2.179904470039780762e+01
2.880456979676677420e+01
1.525297632416636517e+01
1.563918121260092420e+01
1.101454721038806817e+01
5.691284460681042212e+00
3.628987484394443896e+01
2.210357344641288435e+01
2.459791937455623767e+01
2.025060478618715365e+01
1.773628790615998696e+01
2.646644398505893392e+01
4.266940489302563577e+01
1.961258617234880930e+01
1.563088497474022276e+01
2.773161867153078575e+01
4.055175060211065130e+01
2.524996662456543817e+01
5.468246885318232131e+01
3.197983647657768813e+01
1.017052881741425985e+01
1.388010248066338193e+01
1.492421732536870671e+01
2.295033220044870959e+01
4.989569077597223412e+01
2.961612240099389126e+01
3.604963328660356581e+01
1.700857019650053559e+01
1.763042324336346667e+01
6.648655315991570092e+01
1.435664610349269843e+01
2.489304697177869485e+01
2.481765817700826204e+01
1.937460784744031272e+01
3.706633609554393871e+01
3.764615317496338776e+01
3.451345012231443832e+01
4.181330764664240718e+01
2.714650956875127008e+01
1.778267969511311719e+01
2.341086864247282406e+01
1.738031526342249222e+01
1.007618290504031044e+01
1.778301100064280860e+01
2.731127016327677381e+01
2.702055599480773296e+01
1.993799109894223420e+01
9.143212153562142674e+00
1.891989786844675692e+01
9.124644582262693149e+00
1.675867930611190459e+01
1.401484345634692907e+01
1.422635882660703643e+01
1.172241051959071534e+01
3.071564802130830074e+01
2.453728005185699601e+01
8.324142510243534687e+00
1.605326577123078025e+01
1.084231537140295210e+01
2.258786111537040497e+01
3.927280137794799231e+01
1.889222540775846326e+01
1.973016549129912534e+01
2.038988598002468677e+01
3.858802019893590085e+01
2.349191528320172040e+01
1.963493146494640840e+01
2.717742991372614725e+01
1.677107779854650005e+01
2.298442222885744712e+01
2.764152109535245572e+01
1.982325389409314909e+01
6.834535276668715298e+00
9.595571498523094434e+00
2.161334029975548532e+01
9.900334026785516883e+00
1.989162018077345451e+01
2.197724104172180759e+01
3.624942193639070354e+01
6.604942945395231746e+00
2.134662233000363685e+01
4.367905969951843304e+01
4.030923759751050994e+01
7.817260596733003553e+00
4.256034752006329569e+01
1.283432403077561190e+01
2.026025891121852140e+01
9.434508236302997730e+00
2.149745335433161841e+01
3.739409337748993778e+01
1.891949592494197319e+01
1.399954894102443426e+01
2.799523689081146216e+01
1.430795338300437436e+01
1.368925503075424110e+01
1.445167711137665201e+01
2.972776724024122075e+01
1.715961138451591594e+01
1.572256953229383569e+01
2.538305420423787595e+01
2.037594450691912584e+01
4.354805264406115839e+01
1.994155216386732121e+01
1.772116712250902637e+01
1.347792637857344111e+01
8.791492156507876743e+00
2.925961994147671774e+01
2.312148400252550218e+01
7.640907610339323419e+00
2.641052035455340530e+01
2.988684779491131494e+01
1.080252658259478693e+01
1.473833807917676175e+01
2.759918219551091667e+01
8.655443423622109833e+00
2.292644545446882987e+01
1.423440229103524324e+01
1.821997986312918627e+01
1.703672469539678858e+01
9.593314976932376226e+00
2.219557044495404341e+01
2.971159989025195713e+01
5.555761147576562564e+01
2.793347821144516629e+01
5.767767835195785153e+01
2.441802944301047518e+01
2.805616796906619115e+01
4.561556095904145991e+01
1.555287514075970634e+01
1.776154706571048081e+01
2.266703240733344060e+01
1.524205725988950810e+01
9.246002573782808653e+00
5.935741927186869660e+00
4.854152186830768301e+01
4.611536292267602022e+01
1.315944305656699953e+01
2.297931284098795501e+01
2.410406917193484944e+01
1.224717186804706159e+01
1.899028814303940393e+01
2.450042500126630429e+01
1.617247276395752920e+01
1.200149414652746138e+01
2.103379733236060289e+01
2.338048738416846462e+01
2.776247009536405130e+01
7.929226270531636089e+01
1.326406731428146912e+01
5.050274376227323891e+00
3.647562890015198889e+01
1.031052752167405551e+01
1.956871165436496085e+01
3.284737610341116465e+01
1.271986020403913642e+01
3.318765075498063766e+01
1.347954502193207560e+01
1.882857105383741114e+01
2.084612294397887311e+01
2.768142865473614833e+01
1.690797893777936522e+01
1.379650141739690028e+01
2.283076118015304701e+01
1.691114675021029967e+01
1.998005423162245009e+01
1.367319712359351058e+01
1.553975601968706677e+01
5.600744977438684202e+01
1.318173564471047996e+02
8.293434049456756441e+00
1.054296468771466166e+01
1.398838155712404152e+01
3.403600444607396014e+01
6.680650749199160998e+01
2.067612085258912913e+01
1.082661839042270735e+01
3.634494566638785074e+01
3.678475763873937154e+01
5.131960177485300534e+01
1.811113976393523828e+01
1.897037953332673510e+01
1.085674350136501687e+01
4.099861068109317586e+01
4.110787637283187479e+01
1.527263221236311530e+01
2.135268101271936558e+01
2.999201184854243962e+01
8.855643737922472170e+00
2.668545566312467798e+01
3.315857873992987237e+01
1.859568743083626430e+01
2.184015655521636745e+01
6.274784644630027231e+01
3.294039230924115458e+01
1.998704403029943322e+01
1.047287127320577582e+01
5.539529733218967067e+01
1.786502763301351138e+01
3.137675568766484346e+01
7.652797816976683265e+00
2.409853905164385068e+01
2.407397304779025404e+01
1.355585999132225261e+01
1.585362809323094346e+01
1.361446861077169324e+01
1.605023414028655893e+01
1.418022493265398332e+01
2.655794132181343770e+01
1.586011551928692320e+01
2.390089424203268109e+01
5.164713372629321952e+00
2.298544003969234595e+01
4.847587425165672670e+01
1.749142407291193635e+01
1.446879715917189912e+01
1.168058975294158230e+01
2.111145040686382401e+01
1.158906427827167107e+01
2.747741605407341936e+01
3.304249339801703655e+01
6.225958442563227635e+01
4.269813276126019730e+01
9.488496140326363459e+00
1.812549523809403951e+01
7.198938190382604851e+00
1.509822542931981992e+01
2.793043575253525290e+01
1.860827836318080486e+01
1.804126183495336022e+01
5.612567137264127837e+01
1.510281251237013578e+01
1.913472676838648923e+01
8.949182901846517879e+00
1.622467787828683683e+01
1.297598738138044361e+01
1.208698476860440252e+01
2.676851610920223479e+01
2.472826456766173564e+01
5.937817069304276174e+01
3.250780115747166121e+01
2.933483036990084614e+01
5.004748479442778830e+01
5.711622044267819831e+01
1.198608692768200967e+01
1.280185760043483612e+01
5.363665855108860825e+01
2.155813220158005095e+01
3.730059745477509381e+01
3.932699156117266170e+01
3.860502294493124964e+01
7.398009790773381944e+00
3.225204763243736750e+01
4.389389427470362648e+01
3.119132855066743204e+01
2.261812317765358316e+01
1.717552076424124152e+01
2.264906495534478381e+01
1.851737841892455450e+01
3.213991158284754590e+01
2.079990764120461932e+01
1.582567830731164271e+01
1.910227468383661886e+01
2.657312302774315782e+01
1.986312442096715358e+01
2.428786289569837464e+01
9.121681701347746696e+00
5.068668481670341208e+01
3.939664439003830410e+01
1.958149254174744058e+01
4.820984712880074596e+01
2.203799774528430433e+01
2.132320378104263625e+01
1.347545670386026728e+01
3.983053204940086545e+01
2.814050550265120521e+01
6.061246858585639075e+01
3.214482169384694998e+01
2.334237505728624029e+01
1.281528633235113723e+01
1.122439489718832739e+01
3.474946845708331722e+01
1.182298912068198860e+01
1.571825239492390125e+01
1.025117176181319323e+01
1.785106098847584022e+01
3.552285681859986255e+01
1.277319919367306511e+01
7.150189484880908886e+00
9.426029907427617260e+00
1.537438705504279568e+01
1.143541773656110507e+02
3.801201893124152775e+01
4.806644613619432960e+01
1.606493947223962238e+01
2.301821933171903467e+01
3.228102128204806576e+01
3.588567113077395287e+00
2.072844890820782027e+01
3.725452854243402356e+01
3.081112540048140147e+01
1.775505387293414827e+01
2.339974696180043878e+01
4.173077350651180240e+01
3.247939809986337423e+01
3.883153732115284384e+01
3.282249599522012318e+01
1.946054132684304605e+01
3.271668081577053755e+01
2.308024122352202312e+01
2.953296913718520500e+01
5.641687682628167266e+01
1.732296283116153290e+01
1.916807343706816269e+01
6.544045803389441573e+01
1.544541368603056775e+01
1.459290589116575632e+01
8.918648745424547997e+00
1.672791307602416921e+01
2.870619191662614256e+01
8.725478644525905381e+00
1.725671460848991856e+01
9.660342150720877541e+00
2.199919531952459195e+01
9.810764867684245161e+00
1.920002934676838890e+01
2.598282720194459827e+01
2.237133305478652900e+01
1.783603669528152480e+01
2.979902705493387316e+01
1.795696761239849693e+01
2.156600147693617942e+01
3.097363147208934109e+01
1.455687458700034753e+01
1.831688656980605856e+01
3.440714049507520400e+01
3.721276527262667599e+01
1.172407885897677993e+01
1.971880096715550934e+01
1.862934542635470336e+01
2.285510528763533245e+01
3.627747447438417083e+01
2.780972119337144832e+01
8.864328663265936825e+00
2.163322850346762038e+01
2.267654269662913791e+01
1.369527533381600648e+01
1.472037109997166482e+01
1.474036934900316176e+01
1.829535093964314285e+01
2.279281409155048976e+01
3.931035757116768536e+01
1.491103253541984586e+01
9.671018027533076378e+00
1.323039766127902794e+02
1.412696999551905463e+01
2.520575463276222550e+01
1.706539746287117509e+01
5.962475268279566087e+00
2.314218745657023746e+01
3.232072334592644580e+01
3.269361294310316879e+01
3.644991831188016107e+01
2.453644940168339161e+01
1.065027001939255058e+01
2.707579656583642702e+01
9.231523180328805367e+00
4.170118596176395442e+01
2.307123767423328431e+01
7.211404091644151038e+01
2.565249144274231341e+01
4.705704593328965046e+01
2.635348879068947170e+01
1.782402621340453308e+01
3.305467080367779431e+01
1.499018391624237800e+01
2.592374866476866302e+01
1.516593802739497221e+01
1.208335756462205701e+01
2.466624056627662753e+01
1.429167478103479105e+01
2.243975250572564661e+01
2.088043112899692844e+01
2.739413436742946573e+01
7.299848272898058710e+00
1.981702265055438517e+01
5.929420807640011049e+01
1.907207773745918189e+01
6.408343010433186748e+01
2.437017852515166538e+01
2.356987309872588554e+01
1.387179488852500953e+01
6.865276112437022071e+00
6.482259288958270815e+01
1.602888734466609577e+01
2.422968291813891284e+01
1.129128810629083013e+01
1.397507433385447584e+01
3.997070013153447121e+01
6.759933019743868954e+01
7.482125566333287736e+01
3.913579315614725829e+01
3.785237687934810680e+01
3.419201044348522345e+01
2.653668714839183806e+01
1.040575464457854338e+01
1.470517407806071830e+01
1.126376404739288972e+01
5.620490836921548272e+00
3.423477559109682034e+01
2.039300716507523248e+01
1.764956070587730252e+01
2.040274998943276685e+01
1.353139489599507606e+01
8.800684002668383243e+00
1.895242675451468628e+01
