3.343915254422097405e+01
1.388573525472268777e+01
1.647006632977509000e+01
5.590026780825827046e+01
2.465051290404304396e+01
8.693442753038500115e+00
2.647837791404275976e+01
2.278655096335673136e+01
3.696504511587581732e+01
2.694823167455360036e+01
1.497823093564377039e+01
1.862119625765266306e+01
2.073193906042102341e+01
1.754559063583813483e+01
1.068597062574618661e+01
1.436040601506396719e+01
1.276605196396568260e+02
8.905663764696400619e+01
1.542846857293109153e+01
4.968959014491881732e+01
1.136384627583766438e+01
3.244924150857530520e+01
1.134886651055959383e+01
2.871122261362896566e+01
1.830419956592366404e+01
2.732599113123072954e+01
1.692832915797621496e+01
2.819747583495745147e+01
3.920336646186373741e+01
1.272323083894334772e+01
2.930084342820119403e+01
6.749982499745878783e+01
6.435989466387792390e+01
1.600941573521922834e+01
2.420298851805803153e+01
2.820065270671352664e+01
3.777318418909849385e+01
4.182148072762763036e+01
6.232669225051741257e+00
1.443446028817649562e+01
4.667273251348522223e+01
8.373285462513969435e+00
1.135409866108974697e+01
5.698104166442266028e+00
3.630190925014269254e+01
1.992626621719009705e+01
3.801871506164503955e+01
3.465032518366992775e+01
2.351190156578013202e+01
2.479992453322443424e+01
4.000135156494385313e+01
1.044133550889232964e+01
6.229678663001529060e+00
2.928791140715556196e+01
3.359587080192920183e+01
1.351274631070341314e+01
2.645136692447287885e+01
1.326673779278076459e+01
2.971327364984664143e+01
5.428373344315845372e+01
6.311976640154286500e+00
2.350776913898332765e+01
1.630029586738653080e+01
2.406294700472986747e+01
1.689553329862364350e+01
4.802733096764745113e+01
2.687925807855250682e+01
9.339559808532319707e+00
1.516158499660840064e+01
2.506210282277779200e+01
3.999460816151012921e+01
1.192518247617902105e+01
1.194452330804695528e+01
3.887829663590538587e+01
2.065875632732457845e+01
2.104874630722683548e+01
2.060111204400961071e+01
1.613429265284284853e+01
6.379726020336363490e+01
3.831460945854047395e+01
1.653445342667458817e+01
1.560582021511952533e+01
7.538122463836170795e+00
9.210705447851619709e+00
1.519102926585053481e+01
1.252074042666846232e+01
2.456381383043968114e+01
8.830279518618652901e+01
2.390552828447702538e+01
2.622055974551301816e+01
2.765664562472587562e+01
6.424709426290370118e+01
1.178908638176028134e+01
4.419763974915212401e+01
9.847742106072908896e+00
1.684089225242193777e+01
1.285863786203069559e+01
4.556273010576278892e+01
1.719602314478475336e+01
1.348238214909877009e+01
2.918936272635543006e+01
3.444247267193462392e+01
1.959820876176260995e+01
8.316689088531688867e+00
1.151707446547736247e+01
2.362952739785128742e+01
1.205380871927297726e+01
1.021329909538868463e+01
2.497668156977128717e+01
4.649080647142684874e+00
1.208400109765034180e+01
1.649362678821776029e+01
2.203399225817786800e+01
2.384223919232235289e+01
1.049792162964240205e+01
3.393095122128941199e+01
1.707613360305076711e+01
3.411536591694421805e+00
2.567023418508187937e+00
2.011300090965115217e+01
1.408558160594286335e+01
1.981783429331884605e+01
3.958725064957680928e+01
4.838188859003175679e+01
1.361394103319379312e+01
5.741266393981262439e+01
3.737183331371911521e+01
2.848537965071099975e+01
1.919768047268991751e+01
6.631626431523288012e+00
2.409859474116594313e+01
4.911306742192612518e+01
1.890259629342859427e+01
2.377656270426875906e+01
7.771088744150697281e+00
1.981232446012976922e+01
1.416717605990463547e+01
3.247963305543434842e+01
1.382097922745838758e+01
1.225761405465695830e+01
2.296321166204537079e+01
1.165349782477946050e+01
1.555429910772283009e+01
1.603752906404026390e+01
3.951048980911273389e+01
2.746561729857251777e+01
4.873978342702182687e+01
8.257942687715893015e+00
1.490900286568645328e+01
4.644147201588598506e+00
3.549625305905869510e+01
4.590239444971908256e+01
6.892897518058942019e+00
9.679801007606451790e+00
3.530632393475977437e+01
3.472137687870583989e+01
5.530168266324367465e+01
7.606023540662483207e+00
6.066858263978363652e+01
2.797892419071327907e+01
1.302651602687465981e+01
2.194049140253290986e+01
3.736375090243760866e+01
1.867402948008734427e+02
6.424724304099359529e+01
3.668715008038522463e+00
2.395584885977069689e+01
2.999132638793773964e+01
1.337030588391997910e+01
1.072801374187798373e+01
3.856680046670004458e+01
3.212368369397433554e+01
7.983776430403368352e+01
1.146643477369027941e+01
3.742097686046642480e+01
7.439291167359117551e+00
1.675855973959024325e+01
3.055273249180111250e+01
1.364093170624266804e+01
2.667228869239900746e+01
1.574632711155059006e+01
9.411873176907734262e+01
9.258104804382483621e+00
1.590938170138268148e+01
3.312323034184283443e+01
3.621038915933833380e+01
4.985966531081304609e+00
1.946766373740609311e+02
1.778948684422694981e+01
1.414372767753663140e+01
1.361568853468533113e+01
1.931722628501120198e+02
1.802803700064388792e+01
2.500999340237635238e+01
4.654661465635087580e+01
1.895056495032810773e+01
2.204908936237733030e+01
1.934413122496597381e+01
3.298503227973624519e+01
1.343277988081551833e+01
2.250866436472572119e+01
1.614027103801010199e+01
3.842424731434833518e+01
8.239063359248316232e+00
5.429092843326163376e+00
6.422981718414015440e+00
6.324849414923667368e+00
1.607368939189364809e+01
7.110160899036453941e+01
2.085356984230906008e+01
2.175617227925786068e+01
1.207561265447718490e+01
8.419494809263801471e+01
8.382791154049764160e+00
5.311073456972444973e+01
6.186308819259568104e+00
2.221580434030632034e+01
6.624061042959906942e+00
3.532619337686571725e+01
1.428312714105579673e+01
9.453690101008866975e+00
2.048429086124989951e+01
1.032898154548037262e+01
3.204782926104610397e+01
1.616359554039738811e+01
1.804028826238305427e+01
1.117165272146013955e+01
3.158133570538199564e+01
2.037652292178299263e+01
2.817591863270283170e+01
1.979436223683718765e+01
1.974488064812770816e+01
4.812923143075413179e+01
1.180454908226118604e+01
2.602011415383866222e+01
1.206529681519783814e+01
1.368387783455447249e+01
8.538864450340600598e+00
2.516387606756624962e+01
4.451856048583333347e+01
5.604732712177717957e+00
7.686228352577553657e+00
1.243998037013622238e+01
8.463515867048647223e+00
2.621291252981303543e+01
8.640075054427171608e+00
1.204358206499573392e+01
1.003407214852049734e+01
3.860927754095295228e+01
8.972659941904938208e+00
1.542158764938198523e+01
2.406286574769362829e+01
2.017664963122163968e+01
1.685236409333569796e+01
1.970623306402024255e+01
1.965114254365078139e+01
3.771470541655849473e+01
4.957428033304081438e+00
8.550985941141314939e+00
1.673676185005845340e+01
3.348177141513622956e+01
1.838789227253054648e+01
1.502620611299025022e+01
3.389788472718984735e+01
5.863475482552736651e+00
5.137033602721643177e+01
1.614704532886837995e+01
1.989137563998103886e+01
1.802022006338247095e+01
2.549294358951862804e+01
3.177022481502221041e+01
3.803789132711381171e+01
3.557251953949346301e+01
1.843932277381654217e+01
1.592763489762158002e+01
3.182879369652399149e+01
5.712685150850924032e+01
1.387352794678187529e+01
1.864801241117216080e+01
1.671408523350575948e+01
4.986185939267823386e+01
1.088443513065918822e+01
3.419778378290364174e+01
3.168471201051076136e+01
1.147245641156203533e+01
3.181002472261742753e+01
2.195153380405830390e+01
5.685616675597280789e+01
1.857685673156275996e+01
1.483045273159101640e+01
3.117610863073081973e+01
9.727085722613072249e+00
2.009025467592654834e+01
1.243769440041330121e+01
5.602571549846077303e+00
3.900750407531705122e+01
2.064164468190160306e+01
1.408308186021269748e+01
1.087385954376799369e+01
3.777982805604280969e+01
1.253771346118239904e+01
1.055344041143267475e+01
1.689608105924371628e+01
1.084938206628074830e+01
1.966016782544616603e+01
3.323311550733388486e+01
1.326821915421081144e+01
5.086073833339641226e+01
2.456704256393445363e+01
2.774444863829823582e+00
8.156456285322040145e+00
1.430434534321200601e+01
1.455684814165288365e+01
1.326954488773704810e+01
1.852848827694386813e+01
4.136014697500849380e+00
2.056401451151678117e+01
1.878612002899300393e+01
1.521175154391904449e+01
9.393805989267006495e+00
1.358649088497155333e+01
6.989871878919298176e+00
1.191052341047967111e+01
1.266086884167055793e+01
6.155015618760516283e+00
9.342185175903241046e+00
3.356335506645056199e+01
4.895672266002965500e+01
2.481918798229716216e+01
8.830473676794216686e+00
2.963682459996078222e+01
1.323601163983453333e+01
9.372645061299515135e+00
1.334040653013849820e+01
2.459839489874864427e+01
3.318739059344390796e+01
1.374385372622889001e+01
1.387021348407346188e+01
8.879127783151385955e+00
4.991750645672101250e+00
6.650669544330058969e+00
3.326893900307523211e+01
1.009317733186105848e+01
7.800572900102775264e+00
2.038892788306154102e+01
3.917150357482193357e+01
1.062940480054854575e+01
8.573630576905852507e+00
2.778673095602833598e+01
9.710740935726830614e+00
4.221057834376784257e+01
8.583248183854028213e+00
1.720077083871795764e+01
6.184133312138368588e+00
1.340991475862736237e+01
9.788461687953018853e+00
2.491095669549508429e+01
1.616706977661992539e+01
4.291451626124118235e+01
1.738746237652882698e+01
3.946784917195593767e+00
7.935629159693515078e+01
2.365487231866374529e+01
6.423295546022986002e+01
1.447949190966006050e+01
2.290366786804137789e+01
6.734228296869603447e+00
1.278521948229217386e+01
2.055303131622616064e+01
1.397351677778030066e+01
1.583955624019250408e+01
1.290701953759769616e+01
1.781718548001750335e+01
1.037695556926539453e+01
1.155520326188784530e+01
2.035739978008724549e+01
2.761039906784254327e+01
1.113439989603529234e+01
4.471875054309550457e+00
7.281407122792179720e+00
2.078659550285825475e+01
2.430346013947958639e+01
3.616661571281171916e+01
2.219470566902927899e+01
3.262002015004131295e+01
3.190161159407410096e+01
4.976528799434457540e+01
1.014516629039448361e+02
6.475683997572832418e+00
3.181341652735293124e+00
3.338785240901471951e+01
6.230185634829180863e+00
1.062433680914255518e+01
2.111738148708575480e+01
4.248174362619140254e+01
2.215514203961828343e+01
9.619437772047826130e+00
5.145958155946424739e+01
2.623385133723006746e+01
7.324122681245680155e+01
6.767325546829520988e+01
2.185055593866403711e+01
1.031303432625532324e+01
1.897721947744963700e+01
1.083460284038507666e+02
1.257496853195893927e+01
1.420230999380707715e+01
1.716770102208090165e+01
2.132081190019671979e+01
1.200027790393971472e+01
2.825959492803671935e+01
2.005043464689588362e+01
6.745965639461115160e+00
1.668018125299733256e+01
4.447818091232299054e+01
1.266298989784492335e+01
4.272396978054660899e+00
2.281656532683261673e+01
7.047691636200577925e+00
9.577394981105058491e+00
6.388629544610430422e+00
2.602108534222974257e+01
1.339156920201806145e+01
1.885903304419796100e+01
1.988565870937637925e+01
4.133286393852968388e+01
2.015981672180230788e+01
2.423390837174578394e+01
8.157073227931391557e+01
6.768334356147992281e+00
1.679325273919345207e+01
8.569401427053337628e+00
8.239288907031367515e+00
1.688683727468530904e+01
2.715392135132772111e+01
4.099889381856458215e+01
1.768630112416377997e+01
1.003394211687654902e+01
8.412217075878388073e+00
1.259771035019347529e+01
8.235451453733070082e+00
9.780855012824989814e+00
5.038758628725139488e+01
8.322105159085197101e+00
4.723632196099124059e+01
1.329880268692025069e+01
2.595585941138279651e+01
5.861523920741807814e+01
4.077829975174550725e+01
1.558024868844161048e+01
8.964768941638002531e+00
1.723057191828645784e+01
1.501155795187439956e+01
9.545979681083050394e+00
1.771399415823930212e+01
8.638439653679878205e+00
1.916279381707233043e+01
2.449135453535721041e+01
6.774249126160141543e+01
1.470541178138576832e+01
2.120291221287120820e+01
2.048595473770252084e+01
1.144267952364576146e+01
1.689637792543470951e+01
4.431379094279101594e+01
1.791197704326394913e+01
5.100522230613908192e+01
1.518213669639788854e+01
1.213795345328390241e+01
7.635747969646947908e+00
2.239949880338306087e+01
2.958110039866305740e+01
2.714990642490696970e+01
2.165925465648163950e+01
2.423941793089211316e+01
3.882918334249657732e+01
4.208978498388040279e+00
2.196438873982502216e+01
1.511310545474521838e+01
1.286146651142951747e+01
6.053643602798155854e+01
2.112407272876717812e+01
3.175549142089163013e+01
1.686694049816367169e+01
8.546645959094549383e+00
9.894243317107502378e+00
1.837512302387044727e+01
1.953460369819627829e+01
2.277417219627979250e+01
3.008125214838267780e+01
1.398634146424439884e+01
1.702268043971472622e+01
1.484608998021218618e+01
2.350231391328233599e+01
1.182061600646733623e+01
5.532900999088924010e+01
1.981269114313145252e+01
9.362258386023189161e+00
1.984811339092853189e+01
8.755479669523174024e+00
2.444740035448329607e+01
