3.493453143554706486e+01
2.484725816036361223e+01
8.610898700805032391e+00
9.458381637383247664e+00
1.784917922924671885e+01
3.472650288740742326e+02
4.196798297039580206e+01
5.549288379918333192e+01
2.340247990722981086e+01
2.759670333703511602e+01
1.210116668777895477e+01
7.676819006142807211e+01
3.382450230902726673e+01
3.835149415201606615e+01
1.429020385766271417e+01
1.182429189744661642e+02
4.192776140250106920e+01
7.874642088631223658e+01
4.579984310572771022e+01
3.692958298962062713e+01
3.538357942510810972e+01
6.940945529925177482e+01
2.250231995326677037e+01
4.718211557962586511e+01
1.558858330804540593e+01
1.393511985814039811e+01
2.992718271773358651e+01
8.934572663374122925e+00
5.414494825948953149e+01
1.840962042708157398e+01
9.503865178342948639e+00
7.572278501724356659e+01
6.451166122465905062e+01
1.014045321196751992e+01
3.837638557572574882e+01
4.098129180637484126e+01
4.670092795713009792e+01
3.083410146125592988e+01
1.769667414410713846e+01
1.529483561410582304e+01
2.961318960374394393e+01
2.247850909657121576e+01
2.188064066331050483e+01
3.106001371933798794e+01
1.266984172316942292e+01
2.300742094897913859e+01
1.620307648609017122e+02
5.104154460425873907e+01
1.445021689785935415e+01
9.761265038425694485e+00
2.163409202436199763e+01
5.367121172016866382e+01
5.183807920845277550e+01
3.880293127542716292e+01
1.637879199468803293e+01
2.286279025133586629e+01
1.026015248612904998e+02
2.309787498423056107e+01
7.089011333125346255e+02
9.682906910068575712e+01
7.963803022196474046e+01
1.912208390869218988e+01
2.101020240359724056e+01
3.505364867579100974e+01
1.543197980676990255e+01
1.390685949088283024e+01
2.329576752687144747e+01
2.482176432674557987e+01
2.016444564841057741e+01
4.030376249546269207e+01
1.092185650781892470e+01
1.601763261838190999e+01
1.956716407591089251e+02
4.858402780021598488e+01
9.606816009937309886e+00
3.863279018677397403e+01
2.648892800179203277e+01
2.946172816170063768e+01
2.520642905615660467e+01
3.241178761778448347e+01
2.404613614319987391e+01
3.850350346355469355e+01
2.322580696528161326e+01
3.235579664047644854e+01
5.784570030110094052e+01
4.129025223032861192e+01
3.059784691271170587e+01
2.247860245482461039e+01
8.113385443566659205e+01
2.014850790372922162e+01
2.598758010224409887e+01
1.549401476544516143e+01
1.818874097538015064e+02
3.090418868397203767e+01
2.880665852022853457e+01
1.149576894073057254e+01
7.356531479642796967e+01
1.513399720150213845e+01
1.439775624578364166e+01
2.183650581211972508e+01
3.026263334016179130e+01
1.804637830598404236e+01
3.304087788616300259e+01
2.976215663787062482e+01
9.407782969263305972e+01
1.937056901577352974e+01
2.430406465530753835e+01
4.956945936308341771e+01
1.427215133294120051e+02
1.932819819090191160e+01
7.621813047736952740e+01
6.972101456684553966e+01
1.749039278641631157e+01
3.084621305022225357e+01
3.827822737751239401e+01
6.952281433772938612e+01
2.668601284986499778e+01
2.420223720753273966e+01
4.193451701873996740e+01
4.757192864122409048e+01
4.518881887136259223e+01
1.697640687703159657e+01
2.944716862235444310e+01
4.330709788872007238e+01
1.718676475401658976e+01
7.971780813806105925e+01
7.752107679964342424e+01
2.197475055287635470e+01
1.802237799108286609e+01
5.198382490514913457e+01
1.852566344192436532e+01
1.579571820816972583e+01
1.962897667234897980e+01
2.370351735809128613e+01
2.629719189300802640e+01
7.526336001957045596e+01
1.136950642235876252e+01
3.106779502373573365e+01
3.226962432880183940e+01
3.465036358380336878e+01
3.643915502639400472e+01
1.863613094503064360e+01
5.336539441335581557e+01
1.057527548536422124e+01
2.886604136996293164e+02
2.117254655807523989e+01
2.161749993269209114e+01
3.651532558821126173e+01
8.612632601587161219e+01
1.088260668975618550e+01
1.419453468534138452e+01
1.162669542153256117e+02
2.052834908734825348e+01
1.192176152954039381e+01
4.487784138766173925e+01
2.243104204460075835e+01
1.055962035375021202e+01
3.930355620335797795e+01
1.557603701852191769e+01
1.978229692878378643e+01
2.060344260529401694e+01
6.706968556334334153e+01
4.693305497337432541e+01
2.570852872679836310e+01
4.253899499609271118e+01
5.764618374393604938e+01
3.935478332874590990e+01
1.790829658440091876e+01
3.049738690319722423e+01
1.024710032314295738e+01
1.899627876625979184e+01
3.004777778032245550e+01
1.598157197453735456e+01
8.018050165871171941e+01
1.895554325761098369e+01
4.465877437108305514e+01
1.978731084531129270e+01
4.430272507153880923e+01
6.822564981340079271e+01
8.337594770935375266e+01
1.874272853244103132e+01
1.882514362705473587e+01
2.191617363009385855e+01
1.769702357197978060e+01
1.718268808709461481e+01
1.772058624730464516e+01
4.133255689819960566e+01
2.944792038494299646e+01
9.759118470847266025e+00
4.026351279300948960e+01
1.928245844891590011e+01
8.210595123587236799e+01
3.249305755554583186e+01
2.504131853673148456e+01
1.519302002240069704e+01
2.122697614930739007e+01
1.797809002292265035e+01
3.308561520554412283e+01
1.830848377595089005e+01
4.485888070873025413e+01
8.280290805876664706e+01
8.910906674822525986e+01
4.005387320485157687e+01
1.780618141973560498e+01
2.141419924775436101e+01
2.355309374633585762e+01
2.028973201173345942e+01
1.056104549287547378e+01
3.395769467089157700e+01
3.381959377180682509e+02
2.292646422533253059e+01
4.772284654917680768e+01
1.067001504983183793e+02
2.992776063082783722e+01
1.433336544053046957e+01
4.495956743523375110e+01
4.559853214525043086e+01
4.826800062443022910e+01
3.277675357049263738e+01
1.189222846294652491e+01
2.266603397667472919e+01
2.006137276950359549e+01
2.035669300413950467e+01
1.246989816065194212e+01
2.440159018541601554e+01
1.795702363639189514e+02
1.596496160960262323e+01
2.290332208858040985e+01
3.758752946376441173e+01
1.860921209460618897e+01
3.310769834810562173e+01
7.711291788080893639e+01
2.620927741750563555e+01
3.152777444452748057e+01
3.297376364692602380e+01
2.890225688114353275e+01
8.402843208939707154e+01
1.642586819847397095e+01
3.560802327731288841e+01
3.842385728910289799e+01
3.147905811447451185e+01
1.473206719776786144e+01
2.571024292055896510e+01
7.347568470534414864e+00
6.510212751973587331e+01
2.740638886568454424e+01
1.840639909366333526e+01
4.773860723780001081e+01
2.548980832114959583e+01
3.168792967024486984e+01
3.527181196425670606e+01
1.551551977569644336e+01
2.942613955419488647e+01
9.624805215929825408e+00
1.600712216657950293e+01
3.801582403516153619e+01
8.177745891050289373e+00
6.224052097849061482e+01
3.934343655182406962e+01
3.879347658978113600e+01
2.838331589943887678e+01
3.933075767606318607e+01
5.330567059937550312e+01
6.099521294025248608e+01
3.261238134379705400e+01
1.105963861346709791e+02
6.735486726376942102e+01
1.407220910879537534e+01
1.153892056101771857e+01
1.004321613311478067e+01
1.656493463864524074e+01
3.283081911094447491e+01
2.903811985755820757e+01
4.963583117123975796e+01
2.210567811567416925e+02
1.807065460972933479e+01
4.685091909347775641e+01
2.341159557953730896e+01
2.127091989451902876e+01
2.880689998238022298e+01
3.494358143891085433e+02
2.116990952555072880e+01
1.699725248244087439e+01
5.005830293611364112e+01
1.131606586196492970e+01
4.270881520284294197e+01
2.826086216521988348e+01
3.273470470745181160e+01
2.232248198238402281e+01
7.909893713271137017e+01
2.929904411008959997e+01
1.789128369264259533e+01
1.565577293842920170e+01
2.971700124939970067e+01
1.357784939191262481e+02
2.854581923994424386e+01
3.388895101806195242e+01
3.701283844198071904e+01
2.660063107673742877e+01
2.529292683345557293e+02
7.026092077428478433e+01
2.135252324332316576e+01
6.752454351862530757e+01
5.623164703154832189e+00
3.957193486947301153e+01
2.893359916753215799e+01
6.732697338986807267e+01
1.354218690417869482e+02
2.631920608552017526e+01
1.046372864961964382e+02
5.363234881340780902e+01
2.941056591189362379e+01
3.723650311093322074e+01
6.347459148176889165e+00
1.682030665474138686e+01
1.786352517078971047e+01
1.222973145322006161e+01
2.401078013946411716e+01
1.150069834971804461e+01
2.447733542271520690e+01
7.078708007016094150e+00
4.068056239001901986e+01
3.147296628615980296e+01
3.392400809065031808e+01
3.834265906987393890e+01
2.571511613843076205e+01
3.591289852122273629e+01
6.120791226828661280e+01
3.071257278050474682e+01
2.606708877849248296e+01
1.375804524318630939e+01
1.390073872225650575e+01
3.919428017491352279e+01
2.022023031751284705e+01
7.268846666883399621e+01
2.847925207513768697e+01
2.776188595895828826e+01
2.049044733869698121e+01
3.317295164931313423e+01
2.044619711961331632e+01
2.311321282822962786e+01
2.898106668496630078e+01
3.555032836573880672e+01
7.897640519267720549e+01
3.580731573867149109e+01
2.314914639475172820e+01
2.891996991885740798e+01
2.653676378741613817e+01
3.169935286686611065e+01
2.507743697464398736e+01
8.707789767912915124e+01
1.816520404064869609e+01
3.067683135921157955e+01
2.999408725891826677e+01
3.636049494309842345e+01
3.810863230262029333e+02
1.767032504087919165e+01
3.503589826850564748e+01
3.343221856491550881e+01
4.907834013602585799e+01
1.638617278119011544e+01
1.038864164836849469e+01
5.569729382924622030e+01
1.570094419315972090e+01
3.326155964760044981e+01
1.759966022964636778e+01
8.863519780009555404e+01
6.203123022671290698e+01
8.169560487063839105e+01
2.015491145423724006e+01
1.962368139577932169e+01
1.129642609337806114e+01
1.729313152483407379e+01
2.702022284622780290e+01
4.263168157002856162e+01
3.058031745242418253e+01
1.634131535889800801e+01
1.991165401728295592e+01
2.994550875607378515e+01
1.385249411391977681e+01
4.613214190446247187e+01
3.112567049232436034e+01
1.497097788604795809e+01
2.434670427913809476e+02
2.522193036241346817e+02
4.317151692036819810e+01
1.918012232394294188e+02
7.789215332144084414e+01
2.850759817526792972e+01
6.638651695545929954e+01
3.205622126652954051e+01
2.120700946523487929e+01
1.215355153234470897e+01
1.324127906372755703e+01
3.474784823564073122e+01
3.209309269301407852e+01
2.003197665601557986e+01
1.983996420291846974e+01
2.625920104872957950e+01
4.982021484383150067e+01
2.533557818974801279e+01
6.153036961643689295e+01
6.723450485297941981e+00
3.180863446721210863e+01
3.064304580258570354e+01
9.897449861839858443e+01
2.768769881811683575e+01
7.192585820345459524e+01
1.617498446436420920e+02
2.974697831433641326e+01
6.240850577427872992e+01
2.509861249536968941e+01
2.395096360528028612e+01
3.367049484728984510e+01
1.484210759444688321e+01
3.837624520275905837e+01
1.187515494004715855e+01
5.497074464735462129e+01
3.627869667426423916e+01
3.406844223713877113e+02
4.103342735954233689e+01
2.274088176478599621e+02
3.012425270698359725e+01
1.852454775199802839e+01
2.436899531716381659e+02
1.997322840930544174e+01
1.772161584717210303e+01
1.795582013967811292e+02
4.006597137864345370e+01
5.124618500560035983e+01
6.502860428384974512e+01
4.707668260917218817e+01
3.715329900954849762e+01
1.860722390273222970e+01
2.859073729903704475e+01
2.812407639419577876e+01
1.827117252721970786e+01
1.383791809434991080e+02
3.790064775978806466e+01
2.757342289575081296e+01
4.219592454750004151e+01
1.657152027695152086e+01
2.253724600669142220e+01
3.696539473607494131e+01
4.700192499105230581e+01
5.759216356923740676e+01
2.435064433219535118e+01
6.368873842867816393e+01
1.612341773894344144e+01
2.369958929246742230e+02
3.285696706414204016e+01
1.610038984385578686e+01
8.292613852463247781e+01
2.022693720010711971e+01
3.075805882237817102e+01
1.405276901654290000e+01
1.187154044208454629e+01
1.041235142586413644e+02
4.306524247228617952e+01
2.652303890240240136e+01
3.314601753063236345e+01
2.503550775781129900e+01
2.824280711322262860e+01
5.548895233457326981e+01
2.592275580992861350e+01
1.720252796178874632e+01
2.441802997284026944e+01
4.661754109935386481e+01
4.843215984204121582e+01
2.513348979283775364e+01
2.572766882622236650e+01
2.273954073489486660e+01
2.856564912357583097e+01
2.719193248880360514e+01
2.350582213859930292e+01
3.949095577372791865e+01
3.740971203341459983e+01
3.274323873367070803e+01
1.809061202859021122e+01
1.941988596933952138e+01
3.836855527090440887e+01
1.809773401111879920e+01
1.646121822649126187e+01
2.029685068681941118e+01
2.839642040917052057e+01
1.836417640514565264e+01
2.758050893251863656e+01
2.045631603292755329e+01
5.356695385347654081e+01
3.468716023261406178e+01
2.565871387058329489e+01
2.777585488228960031e+01
1.470472039873155090e+01
5.623434145248477734e+01
1.957721116835683262e+01
2.611468394355830469e+01
1.078925679607898225e+01
2.041820827575551078e+01
3.036609038844078867e+01
4.769489582662514238e+01
3.606640125567280108e+01
