3.431218884422703752e+01
2.343731999163595248e+01
2.988317143173392409e+01
3.184405089877526862e+01
3.142803431975541173e+01
5.484259687962414631e+01
2.074535177994440716e+01
3.597250750677032727e+01
6.301145332647691077e+01
1.610237453602856306e+02
2.843692782157511445e+01
3.914161621651447120e+01
4.150487093893685397e+01
1.513701037235453839e+01
1.048734771332892279e+02
2.069559277772901851e+01
2.556420128788208501e+01
2.577386124482943330e+01
1.653491991715147691e+01
1.767485711472645278e+02
2.654020298504532249e+01
2.769151016430264178e+01
5.475322528073673567e+01
2.749784614932937643e+01
5.572070861845880785e+01
5.282227254344348211e+01
1.463417516986529954e+01
1.221403707838717700e+01
5.724057246042349334e+01
3.903488233807862429e+01
8.142323722196270097e+00
2.216355173042290971e+01
7.069745708963968411e+01
5.076705706797787343e+01
1.131540064578568305e+01
2.763554171124475900e+01
5.388974759121805391e+01
2.150637465398704862e+01
2.073317193913914380e+01
2.823528363654014228e+01
2.217919817788416026e+01
2.603394310604837614e+01
2.776307948129508318e+01
3.463889994750318380e+01
3.445233308726669463e+01
1.887138602209655147e+01
2.945033624553489631e+02
5.186460764480857932e+01
2.011563610908094901e+01
2.313694010700564974e+01
2.282957623604228559e+01
4.884814806686692634e+01
2.541681118284785867e+01
3.585596692644955397e+01
2.122092258694214806e+01
2.566587000619721266e+02
7.107181367719883269e+01
1.683540793519904710e+01
2.661245644913846320e+01
1.268069868428027647e+01
1.731761948564040949e+02
3.406772548700564585e+01
7.551074512240981562e+01
3.292305484219582468e+01
3.737696170208347013e+01
5.287225200309079298e+01
1.707682334501987143e+01
2.136016575859509814e+01
5.809830800953420749e+01
6.392952479985903835e+01
2.377697601505908409e+01
3.274207146492771869e+01
2.336771523282403606e+01
8.379732537918505386e+01
1.348771097010773445e+01
1.373683924400448397e+01
5.932301717806129204e+01
6.383783421718936069e+01
2.867452255333143896e+01
1.053337116956270165e+02
1.379640230231783526e+01
4.173311120188293444e+01
4.772937246315893844e+01
6.358221610266110702e+01
1.565067234007348240e+01
5.113060764596362162e+01
1.936489397200885776e+01
1.691655845906619859e+01
4.231252989025636424e+01
1.760296163455085150e+01
1.958079769037119533e+01
3.090454927853357248e+01
4.005643367460131543e+01
3.155430648615571698e+01
2.260041004070358639e+01
1.345703973070134509e+02
1.237005087230841269e+02
1.517736809367003303e+01
9.583892005620147359e+01
2.272827851052298698e+01
3.876946763831387699e+01
1.779634018561218767e+01
4.141397306016075675e+01
8.426348884626003155e+01
2.064700684321036661e+01
2.290140854129757741e+01
2.954337529191040090e+01
3.100696546505820805e+01
8.595092729407662091e+01
1.463821261353050573e+01
3.080337979068739074e+01
7.999389195561246879e+01
3.934451202055346641e+01
2.836754883039203534e+01
2.792153223580804777e+01
5.096955679946492523e+01
1.196793189386723277e+01
1.513951679440938136e+01
1.986533512847725191e+01
3.928570309156330609e+01
1.145897814328179010e+01
9.636159507551745662e+01
5.181507196798391846e+01
2.619306669822433165e+01
3.152600213208525659e+01
1.434627232570449529e+01
4.941930292009470804e+01
4.255403593184225031e+01
6.454912814113833974e+01
4.376443699725547987e+01
1.386295420115085086e+01
1.717190720556756034e+01
1.981354240851232973e+01
1.073162765590173606e+01
4.280631191331062979e+01
2.200715020253864509e+02
1.670082152582330082e+01
2.613394206270034559e+01
2.439731013863268316e+01
2.934771241658224028e+01
1.766636370917013821e+01
8.562468104236951660e+01
2.107914763011310555e+01
1.824360275973493017e+01
2.896710084301796329e+01
2.757510666959957035e+01
2.959891827930875507e+01
1.772413645030521323e+01
3.016960266699811299e+01
4.255632693034675640e+01
1.889496641215715655e+01
2.818725966456623766e+01
3.824744143388230810e+01
3.246597563151086092e+02
5.768752898172765953e+01
4.881552924115629111e+01
3.378394713628217971e+01
5.430369415771114205e+01
1.892870836488874531e+01
9.194488981030126240e+00
7.751265526583253518e+01
3.975999795347650689e+01
1.608496125815896960e+01
4.543182589501329716e+01
2.060586795632807622e+01
2.339028647913140446e+01
1.942963793151397311e+01
3.746850220272015264e+01
1.320095423370083942e+01
5.093650580451077303e+01
1.904893021984669588e+01
4.387682971245708785e+01
1.591503824595034544e+01
2.418596906287220705e+01
1.725574805942577328e+01
5.800830046166920795e+01
2.299666355856866673e+01
5.134222343426096558e+01
5.695071499015374172e+01
4.341783895182283004e+01
1.950359535311557480e+01
2.369216809268431945e+01
3.726827613218360824e+01
9.077837556724972501e+00
2.378524613144752564e+01
1.390883829042059006e+01
1.125377646656660886e+02
1.776524196723840987e+01
4.989968632537999582e+01
1.621336351216951854e+01
2.749576988404324851e+01
2.431970616504574068e+01
2.300567310768360585e+01
2.373228621723220400e+01
1.068689886165206993e+01
2.080913462516818058e+01
2.701885306340069093e+01
3.194934626959859614e+01
5.719532308342664351e+01
2.413602207627079466e+01
2.456774458420700924e+01
2.057966681462154668e+01
2.238841132608023443e+01
1.178966099549092661e+01
1.158883051904425443e+01
3.629723003109035062e+01
2.043761315877157969e+01
2.030908088397297462e+01
1.865744053061120411e+01
1.402792189469525397e+01
1.225112386616886262e+01
5.094411151953895711e+01
1.255992193525694844e+01
2.833019731028556620e+01
2.519555751852777448e+01
2.281708333412240108e+01
2.939485580482821447e+01
1.223021150782473399e+01
2.378242191744119083e+01
4.433812963577064181e+01
1.718142731564941883e+01
6.549520022760930260e+01
2.498351902987158724e+01
3.014469207109059568e+01
4.212983862718716921e+01
2.579885606730958258e+01
1.688236161573620819e+01
2.600593820008048240e+01
2.261472693300585846e+01
4.609110933273532851e+01
2.847001819416331614e+01
1.639213269872517742e+01
1.378165088897447959e+02
2.837021223894370081e+01
1.882210732359310867e+01
2.324680905181999790e+01
7.210762574832951088e+01
3.499557361862535743e+01
4.582028719972158370e+01
4.946118105047529667e+01
3.452207540103809436e+01
2.093997516162678707e+01
5.390580368221591243e+02
3.971087719447464082e+01
2.020885721856530282e+01
1.956372473339143880e+01
2.437226921915864608e+01
2.454111789735086901e+01
2.696708967489751174e+01
3.959647988935333984e+01
2.246232563144203098e+01
1.168338031172861946e+01
2.781337512911991539e+01
2.186726310105535376e+01
2.379836827977138114e+01
1.034595399944066116e+02
6.876408211192604369e+01
3.414127602398513517e+01
3.899086041639711908e+01
6.442770384539974771e+01
1.314476886948850733e+02
1.896085010333723986e+01
1.483478804988367905e+01
1.565372041767436428e+01
3.370040182990717881e+01
1.604781619464979059e+01
4.475874662551643723e+01
2.626239055830498614e+02
2.652496364050693956e+01
2.176029387402710995e+02
6.054616995432060378e+01
1.496771664883781128e+01
5.359739706553629190e+01
1.546185379436186835e+01
2.781490692815759402e+01
1.619345401858534572e+01
3.870413591716626911e+01
6.043724664792141255e+01
3.834338179204053887e+01
3.038120872017854879e+01
2.257687465605688004e+01
1.789308154220870506e+01
6.757223591391978346e+01
3.246848436451438857e+01
1.604475920687994162e+01
2.132530884829654383e+01
2.576773804404746926e+01
2.679514393473429479e+01
2.042777567593466870e+01
4.957944729828853525e+01
2.158441837450709144e+01
7.902136239093363201e+01
5.543504848491379988e+01
1.809528942411318653e+01
2.401202708974674849e+01
2.828095085962701916e+01
4.167862892738305902e+01
6.618272380869268545e+01
3.820797487028197992e+01
2.046986871413637132e+01
8.184235317611894800e+01
1.497804482616276402e+02
7.098516495836806328e+00
2.240580123030730775e+01
2.096832744689460171e+01
2.869905366614386466e+01
1.287083948294169389e+01
4.412458501676866973e+01
4.304282347811275855e+01
1.777674458873750041e+01
2.266704727522124330e+01
1.029988287787491430e+02
2.242753403711780535e+01
2.270297871507766274e+01
3.275782601602096378e+01
1.565011621725889235e+01
4.302081006657881801e+01
3.282374538257887053e+01
8.176106858012371248e+00
3.000130680381029435e+01
1.571367864642397016e+01
3.853784140234213282e+02
2.813622096948592599e+01
1.990870436719965042e+01
1.764825136862599209e+01
1.316305140491182613e+01
2.659218010485290762e+01
3.213879328313269923e+01
2.765274323643396315e+01
2.038592865370725349e+01
2.652637797675275877e+01
5.116365362630560298e+01
2.435133012550177867e+01
1.169310555550569575e+01
3.676863688359361504e+01
3.214999667498951652e+01
2.552598509073629529e+01
1.308064585668521431e+02
1.944429745989055647e+01
4.276557162898216546e+01
4.505903607896122764e+01
4.284421409411182680e+01
2.121230937153301355e+01
2.397182802690246461e+01
1.799162486917883896e+01
2.536637076315679806e+01
5.619703099558909543e+01
3.460848977856274189e+01
2.157905196269810233e+01
6.888494200287138369e+01
3.449680708461475120e+01
3.719110608683912034e+01
1.641187494456787022e+01
2.906642154531228073e+01
2.107543556426858444e+01
1.883038552875923699e+01
1.224881454904128830e+01
5.276785145936626265e+01
3.858266150882999312e+01
1.961894598365615039e+01
2.101569326180927533e+01
2.076768778008316190e+02
2.000919602952139087e+01
2.294418601877665864e+01
1.048634243513640030e+01
1.998664672086426819e+01
1.130886198673025156e+01
9.632769836706606270e+01
5.459999445574913324e+01
1.766643518344281816e+01
9.556709746705308817e+01
5.835696279208028159e+01
1.915712561369267775e+01
2.586173653333433009e+01
2.276568694404490500e+01
2.387116762470166620e+01
7.009827611898974453e+01
5.496894125484819682e+01
8.553125660648494488e+01
8.265774365194393170e+01
3.786346863732753576e+01
2.479267855408676979e+01
1.728357842942258671e+01
1.819710824838710650e+01
1.687933349205222910e+01
3.506240940769358616e+01
2.394038667894099959e+01
2.327624361032025391e+01
1.922050699866876755e+01
1.967391487540109196e+01
1.059682590500326143e+02
2.216735831185128447e+01
2.210688306701387518e+01
8.379613673316191580e+01
3.955197894419590199e+01
9.276327673248856343e+01
1.142507241749717082e+02
4.360967214985322471e+01
4.229677337475640542e+01
6.249526874776844920e+01
4.254560960330313435e+01
3.549933537786674265e+01
2.458285003693512394e+01
2.141567277715386197e+01
1.032435116710392009e+01
2.597996082162194398e+01
4.293802988303389867e+01
1.477712545643575126e+01
2.978369800719319471e+01
1.664510618597932634e+01
2.024546653716178071e+02
1.015517074007505443e+02
2.526878259191861886e+01
1.584865489177377995e+01
3.716805446419850512e+01
1.435672336126557269e+01
2.545786086596046616e+01
3.422035250511104465e+01
4.618005497843984841e+01
6.646579533092780423e+01
2.036779877510397441e+01
2.808555059196335080e+01
1.545512145153469952e+01
1.697188222667205082e+01
1.512822331724676417e+01
3.606028471278679604e+01
9.762018488798595683e+01
2.882578428924129099e+01
3.660972736618292345e+01
2.817495522057386736e+01
1.832885275557098126e+01
2.376319339528268415e+01
2.880858491064809357e+01
1.571821083300757493e+01
2.106295639784787355e+01
3.158772002428932879e+01
2.580189164736178853e+01
1.204322048379193610e+01
2.931938192615596250e+01
3.107923872665426757e+01
1.224556460098987429e+02
1.903073041956296052e+01
3.366377182220532660e+01
4.772973823807819826e+02
4.630673358234086123e+01
1.435589841236480524e+01
4.323274085974072278e+01
5.211272541220037624e+01
3.545165734372087485e+01
6.196231853411525492e+01
4.325286338204892900e+01
3.061774494284674120e+01
4.101996131180111860e+01
3.558273865062304964e+01
3.039313297358134136e+01
3.255806254917590081e+01
1.906773013083012813e+01
3.226854881222691773e+01
2.972717838178898830e+01
4.101609405059706859e+01
3.492488481493944619e+01
2.004604886670080361e+02
4.564648052928070143e+01
5.704371036039535880e+01
4.268051955741888293e+01
4.081582421475324196e+01
2.257964395301810256e+01
4.235241301344215259e+01
2.973424448330899139e+01
1.614989613157027293e+01
3.162328394853703628e+01
3.626000777556071597e+01
3.822988528339465830e+01
2.080658617684685652e+01
2.990796876908098056e+01
2.306907906798905117e+01
7.519227883109795130e+01
1.866897443364834075e+01
1.372969683606873161e+02
6.231306915059207796e+01
1.254039757031485536e+01
1.775865590982821018e+01
2.085686177116053130e+01
4.859474908364001067e+01
1.115778998256372390e+01
2.030476389982855068e+01
2.295514573826505611e+01
2.153330350548740313e+01
3.846217544411713618e+01
1.488140995905070518e+01
2.622112352952487413e+01
8.949870125450818392e+00
1.620647147416443090e+02
2.786246436516495351e+01
3.438568903724293335e+01
2.691161758501999302e+01
1.467843689350327274e+01
4.490225781551681195e+01
2.819988444095106317e+01
1.912508255649277444e+01
1.684064554878397857e+01
