3.352489851054669145e+01
1.178122630353353628e+01
1.860543867522550343e+01
2.299588624393050651e+01
4.380328476381681924e+01
3.431621436172077466e+01
1.192129219508154314e+01
3.290460491586663494e+01
4.257907495599356906e+01
3.774662074649233290e+01
1.994610940134209187e+01
8.814036131786943784e+00
2.771933573148160690e+01
1.677668922057211986e+01
1.635444437433319465e+01
3.950535122442374103e+01
1.881733172456159195e+02
3.034001975305979215e+01
6.928708583264021570e+01
2.938105699367481094e+01
2.453614526286185793e+01
4.794109673125914384e+01
1.806341556530582579e+02
9.267700310904572802e+01
2.518036515193003666e+01
3.133581582249641784e+01
4.774054206989568172e+01
1.377837780463068640e+01
7.639426328545853551e+01
6.837034185615877391e+01
7.042445369557802337e+01
7.837067876125304977e+00
4.422764571416430357e+01
6.797336020939624746e+01
3.716460821608798426e+01
8.560534005402033131e+00
6.876528640684084337e+01
1.485360061688810696e+01
2.369459332195989987e+01
2.919675850816771003e+02
2.877305030863167445e+01
4.893764266496616955e+01
2.718953824526928287e+01
2.638240988824702171e+01
3.386297015755427964e+01
2.092909443818944126e+01
4.658011124737996056e+01
1.373647867310636173e+01
2.023191442319459554e+01
2.908296179806238868e+01
6.535345317937488119e+01
2.172463344105823069e+01
9.007531290409593794e+01
2.893313354137901072e+01
4.546469650011000851e+01
6.062571753666207997e+01
9.411750117276193706e+00
2.211539595566704719e+01
1.175541859902055641e+01
1.023401202793991018e+02
1.289276346674304818e+02
2.100509881421001879e+01
1.260083394130322603e+02
2.022227051803427500e+01
1.078966600961762623e+02
1.957334465607620189e+01
2.364706712598891514e+01
1.853943976581680175e+01
1.237138567516825560e+01
1.297701845871226212e+01
4.413493542160946248e+01
3.902557146993925699e+02
2.312182994781067791e+01
2.018776735711244186e+01
6.459672599198832188e+01
2.628383508680239800e+01
2.688381159799829945e+01
2.750916827495654715e+01
8.529548189419463711e+01
2.589328822857223855e+01
1.759102197732323702e+01
1.969289919932433008e+01
4.831740984580331144e+01
3.247217982393209468e+01
5.604675003128005528e+01
3.441718073681261103e+01
3.710245551792461072e+01
2.690056875427146110e+01
1.618150744663020646e+01
1.352869787520376477e+01
3.796801199514738556e+01
4.629499289558134478e+01
2.144804712524220491e+01
1.617176483184773872e+01
6.093492441406230142e+01
4.672657988929298511e+01
5.430801090993744396e+01
3.647071608399207321e+01
1.433839242908252842e+01
3.295416555611993914e+01
1.991577753265003281e+01
1.125833723473084902e+01
7.727048496147727974e+01
2.666536185186377850e+01
3.368289017769835425e+01
1.481063606731658844e+01
1.097618432064369465e+01
6.335243213061355760e+01
8.865307428949039448e+00
7.410807891138446735e+01
1.018195195484848981e+01
2.271023437030171976e+01
1.242681250418739758e+01
9.091380844849759058e+01
1.012242907193464845e+02
4.238103133560944968e+01
5.047632648571057246e+01
6.921364141762344602e+00
2.662030657207832363e+01
1.742811480894268783e+01
4.522096287761792155e+01
6.756371730995406111e+00
6.693679839368066986e+00
1.762940790255099799e+01
1.195257632267732895e+01
1.952648427974127188e+01
1.923963981397720602e+01
8.189512766392746812e+01
4.727277129525654686e+01
1.933546158799910941e+01
1.249967983104398783e+01
5.365516041222838339e+01
8.450469441659798520e+01
2.637582360225638212e+01
4.789859043215386691e+01
3.699253265131439861e+01
2.535486916539993629e+01
1.558688108706158815e+01
3.120828013108519627e+01
2.117780875580905331e+01
2.607881846070782217e+01
3.833885972510425404e+02
1.121723282184809278e+01
1.906078283218127822e+01
1.929256422152561612e+01
2.204712093845330756e+01
4.212055910190397157e+01
1.914616173568755997e+01
1.778942251332523838e+01
2.424788756264754142e+01
1.411399030062614912e+01
4.222160791197651264e+01
5.771067322140452660e+01
4.258976863652211620e+01
2.263170659670342388e+01
1.685665681467786570e+01
2.831352920073928559e+01
1.819888543635070022e+01
4.177135297492542350e+02
2.847264262624878128e+01
1.363911165404713586e+02
3.048526670553716755e+01
6.693440926686388082e+01
4.794898204508195931e+02
1.733690746365311597e+01
3.875161098487551925e+01
4.629352640683515574e+01
4.262812122169483331e+01
1.465733409573001289e+01
3.194153510534015439e+01
1.115150207549515642e+02
1.503224509018404476e+01
3.050833480593293601e+01
1.373226478951283447e+01
7.518346949028897441e+00
5.311649982445268847e+01
1.806001839831939293e+01
5.380320557807453241e+01
2.067470801272517633e+01
1.748072348243402274e+01
6.770771974039347718e+00
3.706012766318360718e+01
1.274304001447250378e+01
3.351713980552391803e+01
2.769566591443737735e+01
5.581542232050051666e+01
2.117845026263518449e+01
7.698423746997634964e+01
3.869724217954330214e+01
2.726173981496646093e+01
2.447226243161311388e+01
2.907582030164719455e+01
4.812456366824133625e+01
1.656643353353468484e+01
1.453853928120055095e+01
1.772514270323982544e+01
4.146043705848861549e+01
1.314858530735778608e+01
4.921151680909817472e+00
2.224687699105541938e+01
9.345921873556292780e+00
6.651633454050882222e+01
1.137827569397139627e+01
3.343497813055484613e+01
2.480446537035579624e+01
2.782088152066997466e+01
1.224492205526927791e+01
1.782630648594503953e+01
1.850334451529462498e+01
5.992352532322679792e+01
6.307901757365376625e+02
3.821803163948325732e+01
1.848099374272411310e+01
9.530396533695288497e+00
6.147095122451270299e+01
1.477372521335278144e+01
1.873035654716762011e+01
1.687524792215747738e+01
4.072934115654961573e+01
1.584040265705893802e+01
8.683515097897078761e+00
9.241567882170251380e+00
2.194766634944976147e+01
2.956812651157255090e+01
1.380088141094833887e+01
1.313639886951577118e+01
1.936474759033780657e+01
1.339620675676753514e+01
2.905923438936356717e+01
1.498933863657159371e+01
2.540836961339798350e+01
2.891068544382033423e+01
3.104516199332003623e+01
1.423980021233475135e+01
2.447944290787846100e+01
4.857155023008388639e+02
6.431193089113455130e+01
8.506231835721333567e+00
5.701902537355893941e+01
1.872212772727268160e+01
1.323355858036081578e+01
1.013272727283841412e+01
1.185401053719588305e+01
1.519346848749826151e+01
3.595190505208567799e+01
9.164150679588502157e+01
1.845842266743672866e+01
1.378843119193138591e+02
3.314666141537287558e+01
1.924064488134034434e+01
2.375953257476328773e+01
2.820151967188659015e+01
8.187650439594230534e+01
7.021351761028763683e+00
1.123643414552289066e+01
1.119326926607443085e+01
3.157139657191848059e+01
2.332871379386646282e+01
1.185359020849479172e+01
1.885261898226740485e+01
2.552292683909791293e+01
2.303140507314768115e+01
8.953450934098531988e+00
5.185611805183906142e+01
3.437140417083676880e+01
2.024348425434266829e+01
7.583585193966818849e+01
2.026399639431460997e+01
1.270846139326753566e+01
2.337263478640302239e+01
5.254584749512341801e+01
2.073364221888087755e+01
2.724770299321771461e+01
6.657963482680176526e+01
2.945682447195945031e+01
7.371417373072791861e+02
4.139578494071538728e+01
3.374529948536295620e+01
1.636827478800399760e+01
1.485965102702436802e+01
3.236790858110401814e+01
3.054751999629940329e+01
8.017901400486258012e+01
9.506941813290454846e+00
7.711411420379307629e+02
1.659034806421895070e+01
2.485976723058286453e+01
1.150268041013533882e+01
8.426398774116717050e+01
1.213964914541207385e+01
2.613363857859212658e+01
3.878904701708189862e+01
2.400427492509728111e+01
8.282568253384884827e+01
1.717405944388751138e+01
1.532695321280531786e+01
2.402389120018887354e+02
3.640649230890454646e+01
1.754266933770382764e+01
2.542145668576457140e+01
1.069093033701543405e+01
1.556297836383542510e+01
5.990234004159977133e+01
1.136995108282275524e+01
2.667299623760601435e+01
1.765960413933617446e+01
3.244340881589753423e+01
6.054426531550068091e+01
1.255019220564507094e+02
2.892185622581050808e+01
2.194356466368311231e+01
1.095263170004204234e+01
2.343487815405511654e+01
3.249223754699270472e+01
1.984331134431703703e+01
3.133124057281757047e+01
3.404965936561807638e+01
2.207704810641211424e+01
8.657913611262758025e+01
1.596991999619417868e+01
5.008236556665449513e+01
3.621721305562697069e+01
2.786743206193581202e+01
3.389534863536720621e+01
1.880312808158600646e+01
5.991655780542624044e+00
4.589333457237484026e+01
1.387112769665328642e+02
4.229587235088138186e+01
9.258888188856110091e+00
1.102842478856908031e+02
4.082469219475233757e+01
6.620000506060692658e+01
3.165344512319413894e+01
1.420829118616855524e+01
1.153003350975401275e+02
9.327416543754223355e+00
3.273734409162947401e+01
4.517985881511637558e+01
1.595076538343005090e+01
2.541379554809564567e+01
2.986665242063967440e+01
2.440640754051920283e+02
9.050853541136842750e+02
3.648429475916462650e+01
1.833362178768233619e+01
1.978168457118379209e+01
8.959289775866139394e+01
2.912918629449781349e+01
9.483102712173504756e+01
2.611136212713358162e+01
1.498477189970258472e+01
2.540862976475954227e+01
4.418427877279403759e+01
6.779333475544517285e+01
3.704195675545130229e+01
1.417281399549040088e+02
1.358484914221842388e+01
4.715725710100748813e+01
1.124240096944598264e+02
2.547131722527459274e+01
2.629550222266823312e+01
7.668221432062742871e+00
1.523506999795275618e+01
1.233916881111346520e+01
1.500045931196574145e+02
2.515213956392821970e+01
8.082339772924557053e+01
5.336558752536400618e+01
3.263678696031529114e+01
5.154249939691144391e+02
2.855047347783361715e+02
3.897553671012228733e+02
2.823063998923510098e+01
1.588993744627812177e+01
1.732509753817645048e+01
2.491315152894507534e+01
2.907857673333889537e+01
4.708334384347951982e+02
1.825855051531658546e+01
2.074563054558826281e+01
1.527854514099421301e+01
1.094888143311308326e+01
1.670132357538063061e+01
2.250442491153761182e+01
3.725007312532004988e+01
1.767779531840393759e+01
3.693029070252966051e+01
3.845694067151245576e+01
6.484927365857052450e+01
3.958884456934971752e+01
2.275806436491389917e+01
1.536965335279560207e+01
2.698515612474837155e+01
8.748906142088117122e+00
7.097230990062142553e+01
1.182621401285987517e+01
2.694526123449879407e+01
2.335655983921420997e+01
1.899102050587849178e+01
2.278522074114476226e+01
3.860946060640755206e+01
4.413360523353379961e+01
2.414401835690549092e+01
1.930342329477107910e+01
1.687982626731716351e+01
1.753458879902892775e+01
2.929419181598098376e+01
5.567407093751233305e+01
2.237554722381164041e+01
1.736940683424641207e+01
1.359771894969834136e+02
5.568646233490060382e+01
1.578583919376753641e+01
2.136953158605925651e+01
9.095041637981664735e+02
6.909240703308729792e+01
1.826106069560480094e+01
9.353471952132348122e+01
1.000398771921494578e+01
1.515964810415026420e+01
3.994095546041831568e+01
4.065253888341524089e+02
1.768677243218835216e+01
2.423282206941265926e+01
9.647064550652689974e+00
5.644400057658609171e+01
4.071421304749809167e+01
7.730795117945929462e+01
1.342275875794917717e+01
3.433471365590605018e+01
1.844744323994455470e+01
8.637200506282965762e+00
4.609303783813566469e+01
3.593664900356299086e+01
3.341283332533561889e+01
1.339057718722591517e+01
3.201874820659774912e+01
1.935365001129105877e+01
6.341417085303732648e+01
2.449740762761005897e+01
1.451875723918519867e+01
3.310154672371434259e+01
5.381336458998462291e+01
4.412393746222510060e+01
1.437787003322697998e+01
2.496705423806963609e+02
2.506235017180708624e+01
2.819321068157023547e+01
2.325947406681734009e+01
1.778091402506770535e+01
2.837126642108699670e+01
7.988358189013504784e+01
4.990132482510438763e+02
3.238543942813223708e+01
1.111219717389248984e+01
5.905642189324692737e+01
1.329910910325690310e+01
5.411155022037749518e+01
1.641810937416760794e+02
1.422431341813752965e+02
3.791120704066195799e+02
2.402418228756472729e+01
1.159175458285720026e+02
1.184427895256660790e+01
6.837011562020602184e+01
9.630076068264393996e+00
8.136917288247660807e+00
8.928497456958395162e+01
3.257321283108390020e+01
1.120865765323327246e+01
5.785695486706472934e+01
4.646514274120396237e+01
7.335807047805910486e+01
9.113950306261571654e+00
1.537148364470133544e+01
2.693557619070265119e+01
9.220384482696094608e+01
4.727027591049006361e+01
7.921378126832694022e+01
1.883806804705558235e+01
1.584353150483133987e+01
3.777186271232220349e+01
4.930209746448360164e+01
2.796210095930821637e+01
9.844696898415683961e+00
6.470193247430528061e+01
4.864709404871980780e+01
2.838411519056710475e+01
6.765641676904243340e+00
3.317473385121342488e+01
7.753762307064853587e+01
6.490997508157047946e+01
4.071073531739749995e+01
4.537812157702337146e+01
4.556069951729830336e+01
1.205856702711871264e+01
1.231481340991779838e+01
1.484912198614997614e+01
3.241077931002917012e+01
4.189646862057193033e+01
