1.561843848824602077e+01
1.272447518589795479e+01
3.594808063486027550e+01
1.740613357887761836e+01
6.396717869844300708e+01
6.135078715754257672e+01
1.097708631959294756e+01
1.766124026198346186e+01
1.968309179550042742e+01
2.319651661380343910e+01
2.358231709733853165e+01
2.824821117517568325e+01
3.116626610115023155e+01
2.713184976869760234e+01
4.832558490153729025e+01
2.469600771784610060e+01
1.126273378043337914e+01
6.050644791051428939e+01
3.082283495851129373e+01
1.442164243569122384e+01
3.063951958348273052e+01
1.111767086421985162e+01
3.236711497021554607e+01
1.245185383868181539e+01
1.496381565684242432e+01
2.806654172799381186e+01
1.547708743386667507e+01
2.088273981165642823e+01
8.222139443100800804e+00
3.338280848842824611e+01
2.679749097338153163e+01
1.785111236214686059e+01
2.172106718756304033e+01
1.014069903026363662e+01
8.102640143129105965e+00
2.334406364539979251e+01
1.814707414710963462e+01
3.622974786125630686e+01
9.420196467030383047e+00
2.099667405580646573e+01
1.210803083843740779e+01
7.372213028449335681e+00
1.899337163887252800e+01
5.174513357925459900e+01
3.049907006439532253e+01
2.494998599204225442e+01
3.416905064796434743e+01
2.215296543652110373e+01
4.510041993094507973e+01
2.931371296972896445e+01
2.261839496678431871e+01
8.752544414617958068e+00
2.166323632121829235e+01
2.696401159490477184e+01
1.645107039177778319e+01
1.621947903392838342e+01
6.792091945914893358e+01
2.224434716318928196e+01
1.263118410008807047e+01
1.683928703960348372e+01
1.482693129690426659e+01
3.527816783804291845e+01
1.532612800583600077e+01
4.467209174608474598e+01
1.120967716329150043e+01
5.862041983619755570e+01
3.012422403904206547e+01
2.176393714562421167e+01
3.191583886495265077e+01
2.831295957697693311e+01
1.806488820910047721e+01
2.992868758449101918e+01
1.920549540618529605e+01
3.843502012991731220e+01
2.620702020937396526e+01
4.022545719876030290e+01
6.310756189748138922e+01
2.224894002191663844e+01
1.748848070999592963e+01
2.138358427469214007e+01
1.116357133867602336e+01
3.168027986614454505e+01
1.900991868221368719e+01
3.197523519909750789e+01
2.703578666562080102e+01
2.000797573666102736e+01
2.624360284094746731e+01
1.296915337122030643e+01
1.057196739185433820e+01
3.220861954971854857e+01
3.263246489715844234e+01
5.022377387971356910e+01
4.645445228355547584e+01
2.512709067847728761e+01
5.643305160323635761e+01
2.394019465925892831e+01
8.133583143552046124e+01
2.466473091465261192e+01
1.927714000214838208e+01
2.306596684389081275e+01
2.955226978120443704e+01
1.892799808694558905e+01
4.048553875596547158e+01
4.171906027068115463e+01
4.316701268003016168e+01
1.711468162764744250e+01
3.994042829791952443e+01
4.037009276980290196e+01
5.783702557745093742e+01
3.715263157544469408e+01
9.670730114680210932e+00
1.028891441612392832e+01
3.017357789434168680e+01
1.330181797716357295e+01
1.083336184556814885e+01
6.565965468322643517e+01
3.171559761256804677e+01
7.122717835187144075e+00
8.817332224836240684e+00
1.837896916713212647e+01
4.351143878183047775e+01
3.440382978196329589e+01
1.503136830421282610e+01
1.745924572334182301e+01
6.524997458999858679e+01
3.350322466945910804e+01
6.792077884627524043e+01
1.428357571477735632e+01
1.358537631531649481e+01
1.385936325770662236e+01
1.169644304070850893e+01
8.833482484566133053e+01
1.573920366275850036e+01
3.767024392178882408e+01
2.128130662074885038e+01
2.989151842402783288e+01
1.284180788565756970e+01
3.038801600954632320e+01
5.585381614099081560e+01
5.906922617727161651e+00
2.580453170923294692e+01
1.691860627298587261e+01
1.965422708779435368e+01
1.791847153260590630e+01
1.961133626947576403e+01
1.022430572063663945e+01
2.207028225254999043e+01
4.546854300838655405e+01
1.364028125783700851e+01
1.291438064443443068e+01
4.122863169273357897e+01
3.731223229272062980e+01
2.836695094451690480e+01
3.077316171778375775e+01
2.170687547198301814e+01
1.517518279475502041e+01
2.074134131677391224e+01
6.596004511369497436e+01
1.684704225872314964e+01
1.270443567337913748e+01
2.678018073860645387e+01
7.127710415363344509e+01
1.676694235703889646e+01
2.647343089710272679e+01
3.003866626960760300e+01
2.076065657345004922e+01
2.687009920986459477e+01
1.148349587476155165e+01
4.672599587805620303e+01
3.215514795234024348e+01
2.250742251904789626e+01
8.277073873038614238e+01
1.177872476594523299e+01
8.564043522596142211e+00
2.119709355627081848e+01
1.731424074278000802e+01
1.076356194567382119e+01
3.180465585510233595e+01
3.092466370140952847e+01
2.912783796104544720e+01
7.390188895034754069e+00
1.395747875074052402e+01
5.635622904320406690e+00
7.861265912991323823e+00
2.003937575531066884e+01
1.069703801001376320e+01
8.730842096099746641e+01
2.566682449287359091e+01
3.581238957381818722e+01
1.917826476038609940e+01
3.353638492686057759e+01
1.663011790789095556e+01
1.953708554067011605e+01
1.503396301856625961e+01
8.196753470191971758e+00
2.971161275433441062e+01
1.743123564666936076e+01
2.565317041542780530e+01
1.396817261787949782e+01
2.571696797825605429e+01
1.505103470928262333e+01
1.373160408784603170e+01
5.793277059245053984e+00
1.532361736853768619e+01
2.310937269755929080e+01
1.271458894748857205e+01
2.129721532292883168e+01
2.046543476244027815e+01
2.660015790513996592e+01
1.271636351027664169e+01
2.101132336238908493e+01
2.292217720933615865e+01
2.025032480369460330e+01
2.171731643350367946e+01
3.051612073531268265e+01
2.232175847418427139e+01
2.050310659821803227e+01
1.608228506686532810e+01
4.004026001951376657e+01
1.272733188760313539e+02
3.818647976701178948e+01
8.778122233020619447e+00
3.272779182231937511e+01
1.786744642113540849e+01
4.317493578703195567e+01
5.355565712281227775e+01
2.616438370034487448e+01
4.021840161787213219e+01
1.073270483748846260e+01
1.828366909095906578e+01
3.597492869839324214e+01
2.003565678953176743e+01
1.370133271224923277e+01
5.589557483115404324e+01
1.252187354908196504e+01
1.208746782689660293e+01
2.762894313871364105e+01
7.944102256077151480e+01
2.416749942523967576e+01
3.687441036247656712e+01
1.421213428594905537e+01
2.180782560890362376e+01
3.344590363466590333e+01
1.317562005904087030e+01
2.656963125709578932e+01
1.402099642655314859e+01
1.357436387798171040e+01
5.316037330521131565e+01
2.728775232802538753e+01
3.032913310527411355e+01
2.137581401712711227e+01
3.752516118413814894e+01
1.601566595802518478e+01
1.456997329888709736e+01
1.223500048811125751e+01
3.599047509891902052e+01
1.460056763021916915e+01
3.427813401461165910e+01
1.402119091277037732e+01
3.472152208496499526e+01
5.819954416925225615e+01
2.358629614580860334e+01
1.020398044564941564e+01
9.836000001299835560e+01
2.181771098766023798e+01
4.231788008286334701e+01
4.074531910826641479e+01
6.577764024901254913e+01
7.879299874577434082e+01
1.776064311116651240e+01
4.941390807270826713e+01
4.649354346005760164e+01
2.460666485379845625e+01
7.448905945908485648e+01
1.464935887397404990e+01
4.966325938330975731e+01
2.350197544225320101e+01
2.033982848515123365e+01
1.494349887601776139e+01
3.934569652269811968e+01
1.447912455348756744e+01
9.986368456394847826e+00
1.212547775789265181e+01
3.587275426843087445e+01
1.989125130766437621e+01
1.163003319321617468e+01
2.614249040259619150e+01
8.702283965944263855e+01
3.759438362102866193e+01
1.696443781919034421e+01
1.828291494234716197e+01
2.539514896527016319e+01
1.226782809691856357e+01
2.984433498857831069e+01
1.376917531296970054e+01
1.882870440633452347e+01
5.345208321940482676e+00
1.235213982874663863e+01
1.117502870048221126e+02
2.629640921284381250e+01
8.807375952440276379e+00
1.175681953484841102e+01
9.893603570970836358e+01
1.781562067780359371e+01
1.886337656792359851e+01
3.548774832796515710e+01
2.308648443107329840e+01
1.938737151252050595e+01
5.557967882170130736e+01
1.152540554273519717e+02
4.273885036154133132e+01
1.407079649812150635e+01
8.879641971931674505e+01
1.111701753437740159e+01
4.124423653184161509e+01
2.318538218347161717e+01
2.417907104119332828e+01
2.486084796284746545e+01
5.774914683983380570e+01
8.270911038217235500e+00
5.163577201011813145e+01
6.112485018322603025e+01
1.142681027778786707e+01
1.599206024590897357e+01
2.027941083048154880e+01
4.467391799786002338e+01
4.974856588022303328e+01
4.668119506551371245e+01
1.704865744254675519e+01
3.702069596921086969e+01
1.133109426149242971e+01
1.255556435517831027e+01
3.515757964047061535e+01
2.985938955933802674e+01
8.770788872978329209e+00
2.538219596315341064e+01
4.860596537492040170e+01
5.441165083079862796e+01
2.558848863435034815e+01
2.348678008283911112e+01
2.618065225806338603e+01
1.890267708072006059e+01
1.401032341138643567e+01
1.202507760904821055e+02
1.932918099775676879e+01
1.810907306993036769e+01
1.098711996194766982e+01
1.236803586496403184e+01
3.449209306690372046e+01
2.683454894579746863e+01
5.879562718505527386e+01
1.775724194815184731e+01
4.474197159855194883e+01
1.069173377945280556e+01
3.606927263456734778e+01
4.994168618289496919e+01
3.049101401444796977e+01
3.419184987747855331e+01
2.398694827367838300e+01
2.154157166967848269e+01
5.290210880545740935e+01
3.666643469194914218e+01
9.850993848000737074e+00
1.776820207263385143e+01
1.516853260095625089e+01
2.310511298276545133e+01
3.213501825253071331e+01
4.767830973150410045e+01
1.563964670329074735e+01
8.441314193670850230e+00
2.266405795614991803e+01
9.491312928389335823e+00
2.137925058542270662e+01
1.981235450101271311e+01
1.885715163406488060e+01
2.539662053310760825e+01
9.703399904868308568e+01
2.422328058405852502e+01
2.363447409537437949e+01
2.270649560547177970e+01
2.890812013412991632e+01
5.085172278013389047e+01
5.400396259823502021e+00
4.173046986509486089e+01
3.934479135823703899e+01
1.659719940337946653e+01
1.772018810812758360e+01
6.339717863029888889e+01
2.815683345628657008e+01
2.402099765098861894e+01
1.498654286226280874e+01
1.487637113348352713e+01
3.981368238991453268e+01
6.157952631834733381e+01
1.374205575358768172e+01
3.987755348870775407e+01
2.943314366700680651e+01
1.063769061680133632e+01
1.194377219333022033e+01
3.629628603857953095e+01
5.072834061171219844e+01
5.953285722017722037e+01
3.427373850959575208e+01
1.101202972877587705e+01
2.253894387015662915e+01
6.419139500225095674e+01
3.165834099882470909e+01
1.872165665701941961e+01
6.971590537210289540e+00
2.548610732488589647e+01
8.012769282351520417e+01
3.495914067911122025e+00
3.033972960089899473e+01
1.270111748021982656e+01
6.566474836360309553e+01
4.969540196501353790e+01
2.835433826354014286e+01
1.049007386356534788e+01
5.002795935173243436e+01
2.829690330001749032e+01
1.383618959010186700e+01
3.918196689100111030e+01
9.727733339094733367e+00
2.546754230345679915e+01
2.027887607659584290e+01
2.590742724171328959e+01
1.230124481368038225e+01
1.767189021671903149e+01
6.980936144022944490e+00
4.249697883665027831e+01
2.350816221965977704e+01
1.797682860133278737e+01
9.580705013974383633e+01
1.619687194629915439e+01
2.326931306212762962e+01
2.874908897548452202e+01
2.034468323556872349e+01
1.593928376249663259e+01
3.233246208635296171e+01
9.054252676069678429e+00
2.653972659363209630e+01
2.382944744852947494e+01
2.938635202841713223e+01
1.886923115803043061e+01
3.119787932110614648e+01
6.219663247726684574e+01
3.920462294361968247e+01
3.529882237739296613e+01
2.457325128197910757e+01
1.954180193782653774e+01
1.631857319086962832e+01
2.798282063754272642e+01
2.064273231345716653e+01
1.372934287166763490e+01
3.329615949106708683e+01
3.682674621182657404e+01
1.208302597748349605e+01
1.903023744791204663e+01
4.316326057205434097e+01
1.922875422737903861e+01
1.485455946540583483e+01
2.698273853909587672e+01
2.040883368235843420e+01
2.581797926810716604e+01
1.836612460100821664e+01
2.255659293099674301e+01
2.472653716237774546e+01
1.969824254902331262e+01
1.016185427913153028e+01
1.385351167060633593e+01
1.278958618450306872e+01
4.293069279357481349e+01
9.199551319817445005e+00
1.826647898179186669e+01
2.244391451376267099e+01
3.819640699732674705e+01
2.658684072469473492e+01
7.796228639567435614e+00
3.135024005296104477e+01
1.408487594160732748e+01
3.189474868215629755e+01
8.893903716213799271e+01
4.066012194215905851e+01
1.516189745277280387e+01
1.630639053581672826e+01
1.009188823994361606e+01
1.819207627773359448e+01
1.439725425765381495e+01
2.868965851255994437e+01
1.584032907447872773e+01
1.743059144087592216e+01
3.190304904501771333e+01
1.428362236816344577e+01
1.349995120006198235e+01
2.094559834755609273e+01
2.621865966691600747e+01
3.763774180440013595e+01
1.024786081150899264e+01
5.540626170436228293e+00
2.418732137197894261e+01
1.535445364420228564e+01
