5.803334671656850929e+01
2.962628404355246303e+01
1.426713232141330856e+01
1.352503028497687154e+01
3.094129342449589970e+01
2.259065993174769815e+01
5.788309471476963175e+00
3.015384177718025427e+01
1.147464675599638326e+02
4.481864707981836915e+01
1.115398123652061102e+01
1.046172682060909587e+01
6.091737560426620846e+00
5.209265834492986613e+01
6.836747793371106496e+00
1.345751289789504312e+01
1.676463911890621361e+01
3.776005033691697488e+00
7.987114258007385281e+00
9.698877566222408930e+00
1.829470351074725798e+01
6.117134481609869567e+01
1.166070743120324593e+01
2.735248933096141855e+01
3.119086514138433586e+01
2.662098694507910679e+01
3.015799688296727368e+02
2.075919766666213917e+01
3.069381860578061350e+01
1.889646009408727423e+01
2.383466139390499805e+01
7.747494770155490151e+00
2.733504691250422169e+00
4.617434861299367554e+01
2.107231457938838659e+01
4.291368195640973227e+01
9.081585819925265923e+00
4.446738865504401872e+01
1.907266387772927274e+01
2.149983131738022735e+01
2.010742014574890391e+01
3.357287475129795951e+01
2.406793508368771128e+01
7.803345277426879534e+01
6.572305603705271437e+01
7.159842328951117452e+01
1.422138398340086418e+01
1.408944721478959572e+01
7.453422098638720072e+00
1.254495228751330949e+01
2.070583531499270791e+01
1.496668828278435193e+01
1.223814102111803948e+01
7.053291730511412894e+00
6.763836715796988130e+01
1.647147077030651019e+01
2.030254172648815114e+01
3.172500785033246284e+00
8.239280897721275920e+00
1.822750965563531054e+02
5.663951302818658995e+00
8.206715350043900514e+00
2.882175422901884687e+01
3.010542162739400851e+01
2.008915618201564612e+01
8.105485092915668588e+01
3.184721781599825974e+01
6.652498033999599159e+00
5.752133563190214005e+01
2.615853256359722323e+01
6.008863986816083269e+01
1.121156376283862954e+01
1.966206078232179522e+01
4.250865694719593080e+00
4.191297869902227546e+01
2.968669850284908485e+00
5.045506581152023529e+01
5.703240642777513614e+01
1.498822502839258597e+01
1.401902581377249923e+01
1.556942936497755525e+01
1.031054296455198198e+02
2.917523199622743846e+01
4.037158471443497376e+00
7.463149944588565177e+01
6.867379067853661923e+01
1.175821611179364545e+01
1.976432049315261352e+01
8.323548663689273042e+00
8.044636314361222063e+00
5.900105985890176896e+01
8.939806826045252564e+00
2.316251423352240124e+01
2.617024053373765113e+01
1.144685158766617228e+01
1.979671222282618004e+01
6.201584277587322447e+00
3.969281348012115185e+00
7.813775783275413289e+01
8.385709567934000574e+00
9.817624760417382390e+01
6.750903973633218413e+01
1.642427834768743011e+01
6.197039005807990719e+00
1.371498388988290174e+01
9.202348838284144961e+01
2.026364324826123209e+01
3.873959945538534555e+01
9.201513541568091625e+01
3.761472404764113264e+01
6.624509902605860034e+00
6.381024112279152405e+01
8.122520399182683093e+01
5.065454094283598607e+00
1.482091800060180553e+01
2.964976592257634636e+01
1.365472907954981707e+01
8.392972556469358025e+00
3.353000832900038830e+01
6.111489783299038692e+01
7.735022933105873300e+00
2.136108075433769127e+00
2.258381487833798928e+01
9.832264420889522683e+00
1.278082532152903639e+01
3.297434201724679781e+01
1.217991772894597702e+01
2.482368455363433668e+01
1.252821821135587577e+01
1.913664463793527659e+01
6.881526880190594220e+00
4.196300694739935722e+00
9.410477533276077722e+00
5.712625822052447511e+00
3.549173441121678252e+01
3.276586841462662392e+01
2.181033964391692237e+01
5.580759427229953218e+00
4.150984536956618598e+01
1.273995923505140837e+01
8.026354841027344378e+01
4.072990719247587776e+01
1.207539047231920115e+01
5.488895346714338075e+01
9.761466464906646934e+00
2.020388973115688813e+01
2.114528378366778583e+01
4.395505862881548431e+00
2.952993515631684218e+01
3.545140335993876590e+01
1.565236812511069431e+01
2.073306068518059320e+01
2.554542941151936120e+01
2.589121531892794792e+01
1.288571341015554594e+01
1.122495822014548494e+01
6.497596981161932206e+01
1.717308304017352896e+02
4.294976438213552683e+01
1.843009618634448543e+01
9.318612033722681431e+00
1.113397706009483734e+01
7.366535916160377617e+00
8.904333834853378704e+00
1.001487380080727263e+01
3.763071724936806106e+01
4.560462485063346350e+01
7.482522517180133548e+01
9.191344777525442211e+00
4.325216114414986635e+01
1.356491874594895464e+01
5.391287004146003170e+01
1.727280798972340747e+01
1.631310982615861960e+01
1.677543622264168377e+01
5.293064815968771342e+01
2.591786372359853985e+00
5.252458065672203702e+01
6.824158695353092163e+00
1.894370279350841457e+01
5.490026767731497870e+01
5.798468329498493112e+00
9.572273406002905105e+00
4.858263585755118896e+01
1.324976953191115037e+01
1.794192875205090232e+01
2.332185077948690122e+01
6.370674156409058497e+01
3.715526026826471906e+01
4.212012405646417790e+01
4.210167085725969116e+01
3.109710593134767009e+01
6.748626702679635514e+01
1.058818114743017524e+01
2.672533139517468115e+01
1.760088711786629645e+01
8.553742963172462410e+00
1.249377337082232486e+01
3.978748714560938371e+00
1.484431295038572252e+01
2.262983324385037065e+01
1.656239175720241619e+01
1.433946318759057448e+01
1.842227395383169863e+01
1.276375006776118504e+01
1.397753923393944753e+01
3.453975710077269667e+01
1.693071769551164252e+01
3.447124183207812820e+01
5.646399849990991981e+00
1.345413371072260311e+01
1.988389489656612241e+01
8.824895120897984668e+00
3.269333056088344591e+01
5.416291883711188859e+00
1.004291546228978049e+01
2.459536121510268902e+00
1.205403525606920567e+01
3.019654748958661727e+01
6.518254898473037073e+00
1.612736742627170088e+02
8.666650992516901297e+00
1.290798136518286121e+01
7.511460343010843133e+01
3.270410522482930293e+00
1.362084632823736641e+01
1.590373627563116621e+01
9.820074835306709105e+00
8.053687659910403696e+00
1.153459570908650278e+01
4.596712483336692578e+00
4.934193581857694966e+00
8.956562475182707317e+01
1.694079278413453693e+01
1.562762170930758465e+01
2.434926445102586712e+01
1.354607926642284887e+01
1.593360659312292782e+01
1.085747374624908268e+01
2.601530146481096750e+01
7.052779147317605180e+01
1.257897204256672552e+01
1.744538615739407135e+02
7.742740310411579507e+00
1.725594357568133930e+01
2.968600798352898362e+00
9.877459970437506342e+00
8.449869625409457186e+00
9.073850048243004451e+00
3.691431450484154198e+01
5.024869825421959924e+00
2.199976460130420719e+01
8.471680821717278320e+00
1.987356417871626491e+01
2.700782407021640452e+01
2.520763323608204942e+01
1.097909689298716707e+01
2.000370196408211854e+01
8.300617742215891326e+00
9.909684057900298271e+00
2.406897662260317361e+01
2.362468512804260001e+01
1.286098681686804568e+01
4.823226414546859075e+00
1.947133683115253788e+01
1.800566693429512100e+01
5.220316593832450280e+00
4.434983820080891803e+01
9.286809006970887737e+00
3.797672363400126017e+01
1.422544960306011674e+01
4.161223359015721712e+01
4.715579066643083017e+00
2.461654394645674060e+01
1.229797742221712653e+01
5.152202232166430917e+00
7.975622276230417640e+00
7.962165813848105067e+00
5.384440404528168500e+01
1.598920422653147533e+01
9.672910744148978779e+01
5.581288115295446772e+00
1.495194483620977053e+02
5.277044027399900195e+00
3.032580828710506538e+01
3.157401270167174800e+01
2.340584284581992414e+00
4.990131845438320113e+00
1.060400210267290078e+01
2.666990600333638994e+00
2.051625763379525935e+01
9.222437913239989626e+00
1.637164921446160548e+01
1.855265530752926040e+01
1.198160784256113587e+01
1.224605558931363802e+01
1.391400166489253110e+01
1.528744905772249929e+01
5.545723355518386022e+00
3.861627500149231285e+00
5.613492013352220056e+01
2.539090524160080165e+01
6.382345511838040863e+01
8.649840825414468526e+00
2.992546615675761856e+01
7.914710477993719451e+01
5.333984054944998121e+01
5.211904607488516916e+00
1.909520039638415767e+01
2.003344610712752427e+01
6.323860377085821227e+01
2.994030419813399391e+01
1.723206753767927069e+01
5.770337052345039908e+00
4.149872394270197162e+00
2.797581631848120054e+01
3.735830780561359532e+00
1.837206341375092222e+01
4.050220519379737993e+01
1.234437521129484772e+01
3.097714626610837740e+01
1.069442433918007929e+01
1.088134740681058688e+01
3.356943488802214404e+01
4.088603430392688409e+01
4.939310812089922109e+01
7.916215430253075169e+00
3.690337155494372468e+01
2.406585176578720464e+01
3.888553810770195795e+00
2.037317977897993160e+01
2.016336175775654382e+01
1.230452230575489558e+01
1.404017468613192321e+01
5.889816394161456259e+01
3.495399396211565346e+01
2.517227237073984014e+01
6.158175503758914715e+01
2.520225856381187413e+01
1.209534824907171036e+01
1.823410915492594597e+01
7.258043741142540917e+00
1.298882268559188269e+01
5.599923036176510038e+01
3.534372763446096144e+01
2.914253588041816911e+01
1.336660111576324717e+01
2.029345021301293883e+01
4.238358362559207393e+01
5.220983069075740701e+01
6.535030764870343489e+01
1.369272557235755983e+02
8.337329397616100479e+00
7.488773021412587383e+00
4.700060561609608101e+01
1.149236456381586180e+01
5.822876893017301825e+00
1.015361250975757912e+01
4.771218989328920301e+00
1.943598361180152168e+01
7.855293737930804099e+00
2.229512083781428089e+01
1.544029058317179093e+01
1.354549772373584204e+01
3.740108171363212364e+01
3.730344767817228302e+01
2.210950004284991977e+01
2.654997200008548219e+01
1.917072486286866351e+01
1.310573363331675125e+02
6.940957113535878520e+00
2.514063376406056705e+01
1.500839999508222355e+01
2.529750670447022642e+01
6.467669805738181310e+01
6.647448999876311326e+00
1.054441225309837371e+01
2.332615221596334010e+01
3.896575697686381545e+01
1.479631780516573869e+01
3.052923401158079031e+01
7.305225366247889873e+00
2.677094277036239234e+01
8.743622849558125409e+00
1.160682461036028990e+01
3.341511451255480125e+01
1.902346377865110583e+01
1.108693969348671970e+01
2.058746258330715762e+01
5.508928502484809364e+00
3.237158695680957265e+01
1.703691843960224617e+01
1.255643816573376803e+01
5.254889545912369009e+00
9.168522974352340427e+00
1.203280012668265009e+01
9.865105502453845432e+00
8.179514791153302156e+00
8.167613875700931558e+00
7.334665710810908124e+00
2.019729413314246003e+01
5.765316172255735339e+00
4.609320628435247613e+01
1.151426153652898243e+01
9.567874387417885984e+00
5.777002942472357461e+01
2.964980872115893717e+01
3.467063960613910467e+01
8.847798638312107755e+01
5.077569444503667029e+01
8.993798194138202362e+00
1.814529339465143210e+01
3.329009388362806021e+01
1.466878760399649551e+01
4.112624819725533953e+00
2.765898005853327746e+01
7.834665049439770712e+01
2.388286038036871872e+01
1.208498244027510538e+01
1.078383878495890258e+01
5.262522335007870034e+00
6.460831473160450855e+01
2.413097377952690792e+01
1.875573810157248147e+02
1.385746300656775531e+01
4.725881344940123796e+00
4.981620724615919649e+00
3.588616995510773933e+01
1.328359157961930315e+01
9.278404349374419269e+00
2.943151892558443450e+01
3.791589487295090155e+00
1.491243558189691853e+01
6.679016011856215584e+01
8.518080791651561867e+01
1.903688544854150422e+01
4.153278118142318220e+01
4.327779314261167087e+01
4.707630432483038874e+01
4.259734194420507691e+01
4.053415045054564558e+01
3.189638872075530429e+01
4.316833636761724335e+01
1.009460140779687087e+01
1.936426260162460622e+01
2.243662534724050417e+01
5.501060625033381335e+00
8.806552391182262340e+01
3.074943646815590270e+01
3.321869559019947360e+01
3.615045181939064634e+01
1.660131543827242595e+01
1.151380962418793175e+01
6.390015958100285332e+00
9.731289777442292177e+00
1.556023515368377197e+01
1.866392693324841545e+01
5.490163798543123619e+01
1.418025750617951353e+01
1.127350144560925216e+01
8.065664032711371334e+00
2.514901570132079200e+01
4.077415628690977911e+01
7.950166997568719296e+01
4.545778765807663291e+01
1.428573445535535669e+01
2.050891796768317832e+01
7.196697783379548241e+00
3.599504015752542330e+01
9.699002317410101881e+00
2.276597971405062282e+01
1.981156120550514643e+01
8.451230389502802254e+00
6.350836614630338062e+01
3.332598299285159982e+01
1.318247623811562086e+01
1.025653477598847196e+01
1.641759356166138062e+01
1.102066206703533595e+02
1.170521526630204079e+01
1.832460951759670209e+01
2.190501093283483414e+01
1.282697135197937399e+01
1.743932041237500385e+01
1.535787700736116612e+01
1.946033575388300463e+01
3.100145940840587500e+01
1.726767617829999679e+01
3.576375955316209598e+01
7.828598430988227719e+00
7.806974298540616530e+01
3.977500458189758614e+00
5.486161790741175714e+00
4.099490372597963983e+01
5.334167510928937617e+01
6.402325975257858204e+01
7.140224037951067260e+01
1.184314371684156875e+01
4.851532931693391504e+01
1.133773182989263972e+01
1.365668212996887299e+01
