1.159491011130950078e+01
1.780548316425601385e+01
1.707923509025272324e+01
1.374754561280404097e+01
1.078202860470750402e+01
3.614077615740281857e+01
2.642424302772675304e+01
2.922482755575730451e+01
1.108772791451571216e+01
1.518058998313146013e+01
2.104732690023352859e+01
3.083360163075145266e+01
2.943604037900817261e+01
2.441944686191549607e+01
2.579324654905805403e+01
2.308863214569555211e+01
1.839530882856801952e+01
3.243869225831858927e+01
3.340522025540202122e+01
1.772106170057763563e+01
2.035460288145782215e+01
1.312514565302197767e+01
2.076911322267486071e+01
4.874590800527226264e+00
1.733303388842321624e+01
4.676016220801975543e+00
2.284439938793448732e+01
1.669834470763552403e+01
4.921814905575156018e+01
9.603973270323997724e+00
3.394037567238243014e+01
4.640704623438619336e+01
2.479672776785414356e+01
2.606177294237998865e+01
3.074533901275783521e+01
4.076262633144778391e+01
9.511681272703201273e+01
1.935361803918098289e+01
1.720532446726199893e+01
4.392251435929837555e+01
2.532186795827013981e+01
2.266413928213791706e+01
2.775791759507180245e+01
3.551244740157130764e+01
1.777768460758975166e+01
3.800702031750437726e+01
7.386211826263662772e+01
1.323142234168504139e+01
9.654391653693876307e+00
1.088453727975580598e+01
3.641181852988668055e+01
1.178899565944464456e+01
3.814893750853610044e+01
2.402266339949786911e+01
2.234728221730204112e+01
5.494535871972272645e+01
3.577026886310101617e+01
3.723616200087287353e+01
3.521649985182561693e+01
2.376065969223062524e+01
3.418069697021591224e+01
5.535289775387537503e+01
2.270335997280407270e+01
1.228238622967871052e+01
3.531717967374556366e+01
6.142557703083954124e+01
2.603596563422981447e+01
3.954102008705469729e+01
1.208475464255529097e+01
2.521351825283852222e+01
1.297855662114390327e+02
1.515363953095309313e+01
1.588054089647582678e+01
7.693156751135304283e+00
1.229954142056804756e+01
3.070555267162533042e+01
2.466590991873086125e+01
6.864245723083770123e+00
7.125658286662353014e+00
3.535841717017661523e+01
2.086447872200101727e+01
3.774360624279741927e+01
9.644476103581094861e+00
2.807990637738522466e+01
3.787822056320244712e+01
6.819813435919404299e+01
2.046073966085855389e+01
9.132386438721075805e+00
2.410711276971350969e+01
4.257786217001640239e+01
1.004601607138513941e+01
2.646428076298961329e+01
1.607766229150001891e+01
6.260009055097291508e+01
2.536067501074585095e+01
4.804009539131970996e+01
2.522215724359757161e+01
4.171487270514359125e+01
2.256657122573410490e+01
3.287457589642608013e+01
3.676380013827645854e+01
2.613134981982453908e+01
2.603223201199252657e+01
1.721891218701922810e+01
2.773852466498377467e+01
8.129878227694861792e+00
2.987237332248860611e+01
2.023295148265172472e+01
3.587002141931067456e+01
1.684407190968268964e+01
1.976159708646233426e+01
1.713912383666949779e+01
1.492858228421862599e+01
5.692820012442114574e+01
3.056206369378662302e+01
1.421808131443226131e+01
7.255023893342135821e+00
1.567776126264233483e+01
7.328921261030775014e+00
2.048488002659265206e+01
3.364889514472277909e+01
2.519636086364664962e+01
3.837712106181101035e+01
7.109455052012953047e+01
1.853423904287819823e+01
4.187599303323676736e+01
2.217524953119503905e+01
3.883793042775653248e+01
4.012927765580598560e+01
1.343350716861217542e+01
2.117686516806368502e+01
3.655287911477476825e+01
9.530404049274791234e+00
1.748304245147060243e+01
2.566679965441493749e+01
1.829484259639457022e+01
2.550616068010785753e+01
2.493541496575414484e+01
4.971599420313043538e+01
2.773987371660666668e+01
1.886192237271537309e+01
2.060882876786084239e+01
7.698568798565037952e+00
7.382412987512291025e+00
3.196785303763394737e+01
1.678229504387396887e+01
2.173988720552308251e+01
1.465061804482544261e+01
1.031273392870480876e+01
2.658931597469831232e+01
3.492190336212775037e+01
2.442477733725237954e+01
2.364388145651036766e+01
2.364638869104488705e+01
2.005820001929748386e+01
2.216969883982403999e+01
2.440062711380121385e+01
1.704318341310417040e+01
4.113723802767872684e+01
1.631126513679970458e+01
2.644513732129150796e+01
1.179168891348352410e+01
4.862699506143312789e+01
8.761696388346183539e+01
2.662327493736325579e+01
5.784485185334605006e+01
5.880562099152491840e+01
2.994032954533810198e+01
3.427701845452624951e+01
4.839446570215418575e+00
4.937239390144949880e+01
1.757768937658506658e+01
2.259823715512257536e+01
3.910189697951032883e+01
4.858650610306397510e+01
2.711461922214170528e+01
2.142845166364803333e+01
1.058237414430723433e+01
3.584167191155277976e+01
1.099458519481705387e+01
1.299296064010313145e+01
1.070727452006370726e+02
1.758053262030647801e+01
1.796771740561273134e+01
2.553583418809743577e+01
2.392541628251691321e+01
2.459020376146421327e+01
2.079876714109035518e+01
1.532487678174242873e+01
1.672546074313307329e+01
1.029847814343192525e+01
4.212591995904625009e+01
2.378285907322208814e+01
3.100211582558487677e+01
2.928636827622486649e+01
2.588967006537303917e+01
1.630220545388014131e+01
2.407912301506425123e+01
9.432657819442420433e+00
2.075086288990365802e+01
4.720013126529529046e+01
2.702615018425566973e+01
1.273447141379300618e+01
1.923544673535661076e+01
4.105011988099172981e+01
2.103936284709139670e+01
1.875358004553515912e+01
8.305320720716096616e+00
8.501848537844997722e+00
2.745787987002493580e+01
2.579783689982473049e+01
2.331825857475629959e+01
1.902354494434310794e+01
2.729325196803772968e+01
5.923940693062471041e+01
4.823760853946705396e+01
4.369859047491073767e+01
5.465549611440722799e+01
1.250959478537550140e+01
7.886834825165894181e+00
3.079852591539235362e+01
3.800239116077125345e+01
1.480521708490055310e+01
7.770073685673799524e+00
1.856480506983243473e+01
1.233023586341984590e+01
2.031205127232830066e+01
2.734174711742142350e+01
1.925737219424984659e+01
2.025552022194129620e+01
3.213160254756296297e+01
4.821811751827753767e+01
2.052944358493490284e+01
6.897700757326869336e+01
2.314135112307463160e+01
1.674165665415796056e+01
3.739188401126932604e+01
1.285128738977154939e+01
1.192381885943224162e+01
9.580133285934270049e+00
2.094403378012571437e+01
1.002449610821688886e+01
4.282176989498970698e+01
6.462020303526179532e+01
1.068062853812009294e+01
3.112554494202614563e+01
2.649993968479169837e+01
1.633867916105139173e+01
4.118595427367264961e+01
2.211574393150713291e+01
2.997918363928798158e+01
2.847680854748334056e+01
2.686366297584793728e+01
9.834101317267931108e+01
1.725808573020603021e+01
2.078953546030566812e+01
9.796619561315649705e+00
5.098387228736105214e+01
1.905255955145482716e+01
1.802319763303123068e+01
2.522613452986992399e+01
2.569633525828526643e+01
4.883438291030416423e+01
5.847919346441285882e+01
1.445198762557071603e+01
1.164951234365801191e+01
3.606530421844908574e+01
3.521217583515471716e+01
2.030459669390691246e+01
2.149566458323054263e+01
4.023793097435704169e+01
1.941785531033894685e+01
1.159335713552546387e+01
2.625420052904658164e+01
1.825985116872700686e+01
2.764003718232096674e+01
4.243289248858879148e+01
1.051133249926740731e+01
3.415909943039221730e+01
2.045563036954753144e+01
5.364930026384001849e+00
1.516951004562363003e+01
4.015609690623407602e+01
1.650804915948985396e+01
4.755169193945670969e+01
1.114765995562610357e+01
5.975217367311098116e+01
3.101035819893257184e+01
2.030473179379967874e+01
1.166500044074857954e+02
4.895916815035588598e+01
2.422069634778109304e+01
1.980693688772965189e+01
1.357576493109075244e+01
2.987943693733880934e+01
1.457966081987726703e+01
5.888373149508622362e+01
1.605508411277239134e+01
8.750610579127858557e+00
1.193031773860631795e+01
6.984045863876224836e+00
5.032437259722489387e+01
6.095844574251871961e+01
1.705771163482013719e+01
1.535711086030225658e+01
2.566295162752031089e+01
2.993636886563390576e+01
7.933466990252374451e+00
4.455485165517311685e+01
2.325912424600788242e+01
5.307366327251984650e+00
1.877965682579647577e+01
4.099493877238000294e+01
4.830622815842632178e+01
1.727368032785826912e+01
3.164684328504707267e+01
3.117276168837947026e+01
2.308951937346740024e+01
1.711364380714979916e+01
1.611028190257716730e+01
1.691572901323485567e+01
3.269908261818465434e+01
1.636391875730138068e+01
1.983369345541094475e+01
2.909377527416574338e+01
1.940973054746267934e+01
2.961947937072972792e+01
4.303991039508152028e+01
3.259990407501214094e+01
2.352403594076546511e+01
5.053033608001366161e+01
9.849785369200679597e+00
5.426214833782878166e+00
1.257646304270489779e+01
1.128168882381611660e+01
7.250649225235706652e+00
2.074290092007259290e+01
1.662556329452491966e+01
2.846872303451496222e+01
3.369985852524010994e+01
1.055449461272201539e+01
3.438553279456838396e+01
1.368554607462330068e+02
2.618057286615931645e+01
2.408307172994565803e+01
3.311975489600019529e+01
2.835178487731711883e+01
1.989618459391876115e+01
3.451896523891971924e+01
3.466962786781827077e+01
1.272210614502091630e+01
1.478270828719816876e+01
1.155902730756594465e+01
7.989884932434311970e+00
4.422515235149136714e+01
1.481894597429924687e+01
1.142354818512702685e+01
3.794415266466323544e+01
1.559020720155301376e+01
2.868658108079450031e+01
2.534397793082309036e+01
3.087355083472216322e+01
4.155107419409478098e+01
2.053419750147564216e+01
1.590188381044455745e+01
3.102201678902308757e+01
1.781848097963525746e+01
2.175829904654849400e+01
1.831395342264584869e+01
2.142354678890938757e+01
3.406894211678385886e+01
2.545747941242469992e+01
2.422427759074361120e+01
3.060182993092481496e+01
2.106168960263185497e+01
1.076270694045453524e+01
1.413496945698482854e+01
4.148300389620569462e+01
2.173401577122345429e+01
4.401604974409779913e+01
1.008172373779262010e+01
1.670187915691290570e+01
5.154143429658209641e+01
1.758506437621515062e+01
7.322735107276059807e+01
2.908158492282069574e+01
3.402120211209849998e+01
2.673906465843720071e+01
1.105035943435504464e+01
3.185613005709833345e+01
4.582498190195069299e+01
1.784249868841551034e+01
1.243115510924018352e+01
3.484288960549464775e+01
1.156877357617497992e+01
3.009414188869347839e+01
7.657342096182546243e+00
1.417146147705012815e+01
8.893900334028479904e+00
8.317195184096988214e+01
2.200289016889324145e+01
1.779179384090677019e+01
1.185685295094146241e+01
1.175564355629833990e+01
2.914559364260054508e+01
1.860188695014536719e+01
1.367837922411979612e+01
5.517260479948963336e+01
2.471709667985649972e+01
2.088118902795660148e+01
5.249223577456398004e+01
3.081500703178743095e+01
2.000240653774968891e+01
1.844062901283600198e+01
3.017530397394880737e+01
2.694833533255809854e+01
2.923131444986481142e+01
2.783877873908731360e+01
2.646999332488276835e+01
1.252668326185136038e+01
3.388358522705239295e+01
2.838292955395446526e+01
1.823645209873194872e+01
3.098690730834374918e+01
3.752990403747234183e+01
1.582581906313879294e+01
2.781215394043593747e+01
1.723820109649766152e+01
3.539885945465020001e+01
4.071884065444002232e+01
2.851468832957881006e+01
1.847593660060005405e+01
1.401174069936543809e+01
2.448153739227489467e+01
1.012444483300706466e+01
1.881207306195174667e+01
9.701686711846741673e+01
1.010707949148172169e+01
5.432508068694965431e+01
2.111439062062317262e+01
2.047600848786674277e+01
2.615069297929360204e+01
2.059340209912314279e+01
1.636319326360804638e+01
2.324983451516516908e+01
1.343321063196877319e+01
2.618151456347558081e+01
1.820920522287933707e+01
2.416532415115125332e+01
3.072803521578542529e+01
2.438119491767259106e+01
1.813488105206165812e+01
1.597034665352598282e+01
1.508695584700555870e+01
3.031170548124529418e+01
3.244063558874405828e+01
1.347285033649880859e+01
2.282302385745312989e+01
3.059292748012979857e+01
3.803178701983862453e+01
1.069029430486274812e+01
2.444424009725644353e+01
2.825336798433394492e+01
9.684061973920359279e+00
2.393952446314897387e+01
3.215776697484896118e+01
4.085393597050756398e+01
3.440031782954098816e+01
2.107138672753578135e+01
1.327808010048151033e+01
1.730239709602166798e+01
3.207776813412498740e+01
1.476177395334146603e+01
2.925444743066779552e+01
3.255151423234471508e+01
1.810045724599978456e+01
2.566247012636405600e+01
5.035068500671803093e+01
9.754686076066244027e+01
3.339536583915499790e+01
3.605581136206885162e+01
2.107407653092594302e+01
5.970972651823884547e+01
1.925665221314672948e+01
1.786936960674785979e+01
1.518298355326801108e+01
1.676961236085399420e+01
4.973756354660572043e+01
6.398485215105282009e+00
2.860239035753625814e+01
3.187495868443650693e+01
3.147514820795238677e+01
1.910461223098304018e+01
6.467962912970190814e+01
2.136780868430656000e+01
1.593612327106421489e+01
3.127915662085442250e+01
1.991719121336914355e+01
2.043224069432967482e+01
8.335015790333690333e+00
2.387122323383782074e+01
