4.508089516766161609e+01
8.131895159940295770e+00
5.992723192996599835e+01
3.052588164328998843e+01
2.189644680378641439e+01
6.223021641317725994e+01
1.909510179675002561e+01
4.721262145018439327e+01
4.132196915394897019e+01
1.185330850969284278e+01
1.592219050467214636e+01
8.070679039226824614e+01
3.493960960213407674e+01
1.121617833322833846e+01
4.364235779188918940e+01
4.675967983930370053e+00
3.178814445670152722e+01
3.695581930229445788e+01
2.869243424429866351e+01
3.915368027151856012e+01
1.529128083593484355e+01
1.115546443177445290e+01
3.458794898883224533e+01
3.320647235539621533e+01
1.836869101922206937e+01
2.499275161254215405e+01
1.004197477557477214e+02
1.252717359223296967e+01
8.896403131934283692e+01
2.086991659126224974e+01
5.172082275386679839e+01
3.563261468047092251e+01
3.890768719439846990e+01
2.986137247281376617e+01
4.672156974932362061e+01
8.609514489718297625e+01
2.975216155304398740e+02
8.529104402772600224e+01
3.943261515834768716e+01
6.297432428431832818e+01
4.755112862340956070e+01
2.043947916174096235e+01
2.675994394340454008e+01
1.274834588912970901e+02
2.603980868379083446e+01
6.522486759750997898e+00
1.305771216997945672e+01
2.637866375123109819e+01
6.296850490138737655e+01
1.436657906324736800e+01
4.145719833266310417e+01
1.002121335002240521e+01
3.082909729025750334e+00
7.168340689077591321e+01
1.458545400888127119e+01
9.865617513280518835e+00
9.582244605703991169e+01
1.284328224626207415e+01
4.024742057449114441e+01
1.170968032970291262e+01
1.752160151100502006e+01
9.884670468234018870e+01
5.231808235771542570e+01
1.413428362542763921e+02
3.417897934962414297e+01
3.523569670440387114e+01
4.945476647189207853e+01
3.443756123132502722e+01
4.551569203069917791e+01
1.959877982190133849e+01
3.688295790150241515e+01
6.980256053597520349e+01
2.966777346699694107e+01
3.488840907927333035e+01
1.767135719546674366e+01
7.185659490470595756e+01
1.570875463389047688e+01
4.451541849384619809e+01
6.239060067091558182e+01
4.975096162920527831e+01
2.315291759240859193e+01
5.865647417513424955e+01
4.291450444858663360e+01
1.419502311604526135e+01
6.263865450563989157e+01
2.183954761637342656e+01
1.797007381530337256e+01
2.089783271648920859e+01
1.180138326630533463e+01
1.576973582017693154e+01
4.865421501392746251e+01
3.020664040808015827e+01
4.497994175117671034e+01
5.928871039287622580e+01
2.495900018823304123e+01
1.587853464728011410e+01
1.422774112825646569e+02
1.653947455412156486e+01
1.724010550936316832e+01
3.903285483342475715e+01
1.343562515730374152e+01
1.365111165005420624e+01
5.679440758781481691e+01
1.419314455904550343e+01
2.244626016059696028e+01
3.719750322552432209e+01
1.789114236793619384e+01
3.653685892392569201e+01
5.533695517545151432e+01
1.154604406891817270e+01
1.787148051664262383e+01
4.285286917420986441e+01
4.897001764238693511e+01
2.317435534033177902e+01
2.286748197911440528e+01
3.752408905924118443e+01
4.299049849658525346e+01
6.843422935875793200e+01
2.888151242906243610e+01
1.816301647835911126e+01
1.789291450317517018e+01
1.682153723885936003e+01
1.309970651598682245e+01
1.814162033685104447e+01
3.142089916171511632e+01
1.823106805375587669e+01
9.200028389482218927e+01
6.381451638873043919e+01
2.193361608667552787e+01
4.456762394613649292e+01
1.642554374153077745e+01
8.008461608715304436e+00
3.192636605453678555e+01
3.042781020157764615e+01
7.875506043037293580e+01
3.875238638693921445e+01
2.111172623952406369e+01
1.881057137096753991e+02
2.241311570425485300e+01
3.642605934996308292e+01
1.666827417067788986e+01
1.172479060607475887e+01
3.555428715252928384e+01
1.436303888104325921e+01
6.833088906657673078e+01
2.895219517433356415e+01
2.290789883021319184e+01
1.080913833782598346e+02
9.049097896997551516e+00
8.237947021504558265e+00
1.341421818724719550e+01
4.948625285279901220e+01
8.043941596562640939e+01
3.464917222769121707e+01
7.600978251028060129e+01
1.561105601483645167e+01
1.399507918167663263e+02
2.003432705511358947e+01
2.981983965192541319e+01
1.321262307316534113e+01
5.879569837835556712e+01
2.111364893875435556e+01
4.302757916259169590e+00
5.263192597925029759e+01
1.304733451470895034e+01
2.116988724088594154e+01
1.390998577872557718e+01
6.273649229788212267e+01
2.825924236242413556e+01
2.959321499299045755e+01
3.176455154878119558e+01
1.483670532393328578e+01
2.592009006600225263e+01
2.968236948801958519e+01
3.247843564358962709e+01
9.341640851519395383e+00
3.856544874748673379e+01
2.999324706777393601e+01
2.393959647599365326e+01
1.399276656407716324e+01
1.660719842029717697e+01
7.716580779929273604e+00
1.917616457899423210e+01
2.694987024257960329e+01
1.209741007327317597e+01
3.425641232587334883e+01
7.133239691458035736e+01
1.268510112624929498e+01
8.194327627886220711e+00
1.361829880195224085e+01
1.098113522256833896e+01
1.864171111311347317e+01
3.002779351638152505e+01
1.998478344414160190e+01
2.213175467238027139e+01
1.229325437008409772e+01
6.326144057067181592e+01
1.548041090250329432e+01
1.408472107540540037e+02
2.266782925466995025e+01
3.286740941255860804e+01
3.523531599247839097e+01
4.697776399696631699e+01
7.365426464064167789e+00
1.240171656303902914e+01
4.471461164045456016e+00
1.510790161421249067e+01
2.703521475759060877e+01
1.907595524053731992e+02
4.114447122562242498e+01
7.545592614767998896e+01
2.615733402960987064e+01
4.181810315800643707e+01
3.710314845900217051e+01
3.161147179966030052e+01
6.339261779517318729e+00
1.616202951578329916e+01
4.444410265971348650e+01
2.782296480709414510e+01
3.209983474569570205e+01
7.492135989921241190e+00
7.010446201370614006e+01
5.019712906849446910e+01
9.465273518369815520e+01
5.862981539632934158e+01
3.605173707411271522e+01
1.419376884922878546e+01
6.387854907550111250e+01
1.073380975501608958e+01
2.665535043399206216e+01
1.471338654638042698e+01
1.457670262683059264e+02
4.481789679758436762e+01
2.665193363409193950e+01
3.385051322452499534e+01
5.848760296788809399e+01
7.631775764661934858e+00
4.996145641404103799e+01
4.036140973539086474e+01
4.434039281645264197e+01
3.830293591809277842e+01
2.914011515259339191e+01
1.487060000569442408e+01
1.153914464028964382e+01
2.300328598012070813e+01
4.536691322252909231e+01
1.606494725937003309e+01
2.122255434051849932e+01
1.702316645986290666e+02
1.495345109758443414e+02
1.554754282664166531e+01
2.991429675518214992e+01
1.857478528136493878e+01
2.744594190468904671e+01
1.527588705152251336e+01
3.909150172600563877e+01
4.826037100274312053e+01
1.412827489331933606e+01
1.343696447813691819e+01
1.080457913116950230e+01
3.964479995066756146e+01
2.821416148203672591e+01
7.966235778552850810e+00
2.829761471548749441e+01
1.419820637280989395e+01
2.933522729395231821e+01
4.576297990676822991e+01
3.061514361567343911e+01
7.309355996303121117e+01
2.532904236632474237e+01
4.250183977387568035e+01
1.878939004431508764e+01
4.588299869977441148e+01
1.580631284601104625e+01
1.571727485391005530e+01
1.314236599502130787e+01
3.897912806469211233e+01
5.721972039359772566e+01
1.527974551880860687e+01
2.542310694286149797e+01
1.048669552276650485e+01
2.171987726747719876e+02
9.485541020684292945e+00
2.746575349229018315e+01
1.540792242699465220e+01
3.441191246060826359e+01
1.557596593912833427e+01
2.001942792813557404e+01
6.840600510380318688e+00
1.861290439516975681e+01
2.224395747981397875e+01
1.969126892526541184e+01
3.002475104582629228e+01
1.734223236486589315e+01
1.464514503901055420e+01
3.956962141001456246e+01
4.109720519209611211e+01
2.053030280385022621e+01
6.001205016324347952e+01
1.247998324685265814e+01
8.267208299111564429e+01
3.038665719623189432e+01
2.234010355872588960e+01
6.378606886480307736e+01
1.701452651448809306e+01
3.576286407701876158e+01
3.135053338544259560e+01
2.439132238830514865e+01
1.391371473354014370e+02
1.842821259859893956e+01
1.814040817571900277e+01
4.213638738390175575e+01
4.020451405256689270e+01
2.509804504072881315e+01
4.529718624956194617e+01
4.851907415187774575e+01
6.280520559898710786e+01
3.084571303947428333e+01
7.298857629550668946e+01
9.699490702204919046e+00
3.825025633014803361e+01
3.410389151234370075e+01
1.415328740905656346e+01
1.405775026687618094e+02
2.170102009513937347e+01
4.138028576667407776e+01
1.734963019013283514e+01
2.503184522249158306e+01
1.064802959538516269e+01
7.075985620259356068e+00
1.540016638085568879e+01
1.695059817036960936e+01
1.882603269180580696e+01
2.595844119660252858e+01
3.502317167370500783e+01
2.479135734190270668e+01
2.716259110794789677e+01
1.160704573064130187e+02
2.644752336773499124e+01
2.072850744911823284e+01
1.573641202763526969e+01
2.688555993018666612e+01
2.069805702127093383e+01
9.063503798526653554e+01
1.101301978060327116e+02
1.195212361410011823e+02
6.664882966255940744e+01
3.637121565744494234e+01
2.930052359067848045e+01
1.155259709635163468e+01
2.484131124427476678e+01
1.398941211361959880e+01
1.934061226067117545e+01
5.002916122713445191e+01
6.933784696812258730e+00
3.037007388525046991e+01
2.585868570299687619e+01
2.643614516311814100e+01
3.669249504098680603e+01
2.393840875915353550e+01
2.874127917213652950e+01
1.034915217625694197e+02
1.780474904052837815e+01
1.551825363218974552e+01
1.965876051035759531e+01
4.024114401258358953e+01
9.544592778812708289e+00
9.763384702776368940e+00
2.943734208457371437e+01
9.649046384103469265e+00
2.292216122825578140e+01
2.879472764475490720e+01
5.419158098205242524e+00
3.306887996716404388e+01
4.240052814256443270e+01
4.808749111543515653e+01
4.505487178650874114e+01
1.426982523183554896e+01
3.314368009112243385e+01
4.291075051217135439e+01
4.735600381031667183e+01
1.515453468121147473e+01
4.767345133953648428e+01
2.485236280755914606e+01
2.670174236854379046e+01
1.083170686244014291e+01
1.623903849577972380e+01
1.047308070027639282e+01
5.711942584496300412e+01
8.413384134532961411e+00
6.359821988026266837e+01
1.695836442688343837e+01
4.707707798013460376e+01
2.218393068000260655e+02
4.932219694943724875e+01
4.720284237568554886e+01
5.777146338353987431e+01
2.553095265578147988e+01
1.852770068781635970e+01
3.994383797376503509e+01
9.722754038087954243e+00
2.856153419474613742e+01
4.598782806486632779e+01
2.003952469654729782e+02
2.788182226883641945e+01
2.343345321260538938e+01
7.324874544334150528e+00
1.998335508831813812e+01
2.872999876417493326e+01
3.731245660555148902e+01
1.312519820744105061e+02
3.000497003898284731e+01
2.983119899510848327e+01
1.127680166678346652e+01
1.157570800761660834e+01
2.074199493163386876e+01
5.945486132649034516e+01
2.084731488242078257e+01
1.718804517836082368e+01
1.404728348506725055e+01
1.048120561701148468e+01
2.496503460228271365e+01
2.825727823503734726e+01
1.943129642018608649e+01
3.362523550342011447e+01
5.348134711104817285e+01
5.999021888867977736e+01
2.880379627435406675e+01
1.161174488675778775e+02
3.506985905746302734e+01
1.508615265454080223e+01
2.156195069421170629e+01
7.052191303369687603e+01
1.943496107304105180e+01
1.223427288204691266e+01
2.966966332192596312e+01
1.917042999134545056e+01
7.057343461952397945e+01
3.284230237557640919e+01
4.814233376598785696e+01
2.973253906197225049e+01
1.672915560775437029e+02
5.731000205625517907e+01
9.891543243851762668e+01
2.075746003910161974e+01
1.104170414550144557e+02
2.877529874345238525e+01
2.717487225296245512e+01
1.435367631500426633e+01
1.324958360176571048e+01
1.932853063479248590e+01
1.234938827374736192e+01
6.254845401542776351e+00
1.978041995896143490e+01
1.160512845992750286e+01
2.859996572700981119e+02
2.477485775826421843e+01
3.365663103924310207e+01
2.052822495498034527e+01
3.960441631104939830e+01
4.558097704912801618e+01
2.524311809635504034e+01
5.789720769239380616e+00
9.932185661577918268e+01
9.546494424830414971e+01
1.375051112482124154e+02
1.475941155355381973e+01
9.739162313346113820e+00
1.310104909752471336e+01
4.803237211697048537e+01
1.517149096581376355e+01
5.244494169781984994e+01
8.185075693478585990e+00
1.651623377578651741e+01
3.116244454898211202e+01
1.933546924756264573e+01
3.896551484575773117e+01
5.386088432176679675e+01
5.123276360526990914e+01
4.439627194558952539e+01
1.855993108032003747e+01
1.916498722386149822e+01
4.066486252974075910e+01
1.940613134311493582e+01
2.270269371815217241e+01
1.303513525316323829e+01
1.039234165837501855e+01
2.036769110934221771e+01
9.323817283088524732e+01
1.915129949124177244e+01
9.739875734324130008e+00
7.813971047667709513e+01
3.558039467021136915e+01
5.983521488409947153e+01
3.206293393495911914e+01
2.086645937054918321e+01
1.218964941161430175e+02
3.764716500391786269e+01
1.792917157394395034e+01
1.417458920824320145e+01
1.553729478139459097e+01
