3.143654052231367402e+01
2.036106335853108362e+01
2.503650365252853405e+01
5.461646762535080768e+01
3.254562125272008899e+01
3.502609375346158771e+01
4.210705234093451566e+01
1.317844630851776522e+01
1.894926204966041183e+01
4.952246217929020133e+01
3.808112822693440336e+01
3.975887992847839314e+01
2.264973262724054237e+01
6.497879923129616486e+01
1.336985491480864496e+01
4.466314786271463078e+01
2.289830036418295478e+01
2.139155352926363918e+01
4.966501853613622330e+01
2.702908569627419766e+01
2.727658547462745631e+01
2.894788580780955556e+01
2.277001785256906174e+01
3.702979818750096541e+01
3.078949442235697376e+01
2.101325590913787522e+01
1.362981038115842480e+01
1.141029185166579794e+02
5.789417600118029839e+01
1.713965081155232184e+01
9.414461998011266530e+01
7.581363350250042288e+01
1.245520951814312838e+01
5.163714542311223710e+01
1.510619507629679603e+01
2.634093021527476708e+01
4.259205343945907885e+01
2.584241804471082915e+01
3.840028542678246026e+01
1.564408894276004602e+01
1.787191562964349245e+01
2.312576231848114361e+01
3.529059773627997743e+01
3.645966826591413934e+01
2.999638301973454446e+01
2.258137772611871341e+01
1.746259567791904033e+01
1.739969127251203318e+01
3.526736942662612506e+01
2.991885784590054698e+01
2.434240544673155071e+01
2.042852067260055193e+01
1.576217885411812958e+01
1.930746665013674956e+01
2.325133434549717393e+01
2.362781996918475969e+01
2.233928396974931729e+01
4.180482130835200394e+01
6.646235131090067227e+01
1.403810275566981325e+01
1.847623927713259917e+01
1.013212677564332509e+01
1.430617503755937392e+01
3.849381525104509905e+01
2.278624634515246683e+01
5.792391691990519575e+01
4.284183243531363416e+01
1.990951522865720165e+02
3.224204263744140064e+01
3.826712132037353342e+01
4.734251762465363100e+01
2.706505283995758759e+01
2.155361847777325579e+01
9.495334955468523219e+01
3.517870960633783284e+01
4.561682377236730446e+01
3.264112286651950967e+01
2.334927667602014623e+01
1.638869677277258319e+01
2.808630410597136162e+01
3.859520526122566508e+01
1.925975294087129797e+01
5.976409282788733890e+01
1.139854633290663344e+01
7.718838194114917428e+01
8.039956511251958204e+01
3.386237934333544786e+01
2.193109268401865819e+01
3.076114248318997113e+01
5.465208866174457114e+01
2.406184703345792286e+01
7.418612261686489262e+01
1.723429487656639836e+01
8.655465768304260621e+01
2.900753009682833294e+01
5.144972708797496352e+01
3.897912698497241735e+01
5.302976843546787933e+01
2.916160780084276638e+01
3.502885183428410443e+01
3.565445653274716165e+01
2.354072393637679284e+01
7.182246728943214009e+01
1.718630589213342219e+01
5.658699163896176998e+01
6.474663350266152406e+01
5.948451960774973202e+01
1.405622161818828175e+01
3.990731038781512297e+01
1.146646700256533080e+01
3.700831224372386430e+01
4.070511439712476687e+01
4.790603576619157167e+01
4.213519030696847523e+01
2.903582926715528245e+01
5.668690242446078997e+01
6.164882823707122128e+01
2.242789421421178631e+01
7.182545022565427928e+00
3.077922442458615748e+01
3.859213823411572974e+01
4.581022626989932434e+01
3.971909403193716059e+01
2.982984912483288653e+01
4.369278813118400961e+01
5.186704254401396241e+01
2.247556256778539208e+01
2.659785533000640356e+01
2.809976952975254250e+01
3.258700774815835643e+01
1.470705843045625727e+01
3.333134202434837334e+01
3.264084562977908632e+01
5.276967301487105289e+01
4.475625645295997401e+01
1.757800927345490649e+01
2.059923004088645371e+01
1.942132344251812981e+01
2.296285027669362933e+01
4.979567623546071786e+01
1.712953088704012217e+01
5.489252651741496436e+01
2.420327106063145806e+01
1.047401317346320226e+01
1.880372284032039332e+01
1.761277043173075896e+01
1.893827174033774838e+02
4.836302474289050934e+01
3.493923183786002795e+01
2.287893451449865267e+01
3.534728485699831424e+01
2.919971335949491120e+01
2.739848443255986865e+01
3.583527817669533277e+01
3.306674027719289199e+01
3.277529950501122613e+01
3.265960644522687772e+01
3.124165736016266592e+01
7.412534189253385364e+01
2.255949365827376951e+01
4.153631611599930551e+01
2.143370927128678005e+01
1.760461339303916262e+01
2.301642132149447306e+01
1.356747158924639223e+02
8.511587741842194532e+01
1.289514330427227939e+01
2.893378866880901867e+01
3.931081760388836699e+01
1.586533219884581847e+01
3.094549400697069430e+01
8.635246745004899083e+00
4.474850796233776862e+01
2.771964578158046777e+01
9.059854059294481488e+01
3.052447236596593427e+01
2.661665266670891938e+01
1.726176673184135879e+01
5.093625219863519504e+01
3.717148345332631010e+01
2.660467062332917010e+01
8.855693442835118390e+01
3.506354439929378231e+01
3.435223606931785412e+01
6.123965868628518905e+01
1.752637684656546213e+01
4.818489823399649197e+01
1.039986114978349541e+01
2.685440669734035168e+01
2.389653901348152232e+01
2.240826205189932807e+01
2.107764854451957248e+01
2.446322740238105808e+01
1.921279369316912877e+01
1.310085512238549832e+01
2.809149640515817126e+01
7.010630695878529650e+01
3.230483575219793835e+01
1.500932149240616198e+01
3.383883135553432453e+01
1.604775339155011338e+01
2.812300939756497797e+01
7.156602049154183476e+01
2.532283898221210450e+01
5.244616450742008595e+01
7.881003509371385007e+01
2.625409139430201932e+01
1.424825893477719063e+01
1.935561076995005081e+01
4.849471132833342324e+01
5.009934952079696302e+01
3.091920601377202971e+01
4.393305127785815500e+01
2.196083366797847702e+01
3.692842745899315560e+01
2.073857859632222045e+01
4.659389739512063500e+01
3.230381194600176542e+01
2.304787238956187068e+01
4.761825513568961554e+01
1.382118922724361987e+01
2.794648237161213444e+01
1.554461216050723493e+01
2.850486505288361627e+01
5.095466951847934212e+01
2.568929067978534064e+01
2.138854213783345770e+01
3.980927872054228800e+01
3.609809784297495838e+01
3.248707828154380195e+01
1.285393383698577985e+01
4.691438603956613917e+01
7.283230173081348369e+01
4.191533363752245833e+01
1.815300502199935906e+01
1.925455548027345642e+01
3.597522012130642111e+01
1.602399583921361881e+01
4.498695337392040727e+01
3.910433428881125906e+01
3.604813116368361392e+01
1.892639656929873482e+01
2.221603790920592303e+01
4.169993335712355531e+01
4.383688029729120927e+01
1.150800187539005570e+01
2.106522654675181627e+01
6.981412921308475461e+01
5.711305881695619746e+01
4.256327814641526430e+01
1.357464552346880815e+01
2.229676669235810849e+01
3.104400131895610571e+01
6.914912341328962953e+01
2.232819792385135571e+01
2.552638404660782712e+01
2.523595302054450684e+01
2.282990744289160290e+01
4.142727239670298189e+01
3.206400712761525540e+01
3.159492060139520575e+01
3.045451745404019306e+01
2.529311766523354876e+01
2.764854529812243555e+01
2.708585675159170236e+01
2.279143502142500211e+01
3.511010483976809127e+01
4.602366270706479412e+01
2.102330856837962969e+01
2.155876231964064260e+01
2.987678447239244051e+01
5.084570565788108354e+01
2.237570690766959913e+01
2.099425887093482856e+01
2.922405747256373942e+01
2.750606136361342635e+01
1.928105352672841022e+01
2.657394842644529476e+01
1.008188771715556342e+01
3.670628363683513840e+01
8.344238443579783393e+01
7.600696509235268650e+01
2.340180816989014545e+01
2.948135194233818623e+01
3.104346526170773402e+01
1.735406793892102684e+01
3.409899802550506820e+01
2.324393116125539294e+01
5.128416161643135496e+01
6.480098769939399972e+01
3.303880998355847254e+01
5.856229522213417482e+01
1.463358887411123277e+01
3.729955650800325628e+01
1.907788841086329157e+01
2.062893753514919482e+01
9.059810227544875971e+00
2.722268325282135848e+01
3.400837562970438910e+01
3.202953688340412697e+01
4.394511556539291064e+01
3.146791001456993797e+01
6.368150846376379093e+01
1.645953377791797578e+01
2.916515493448392959e+01
3.643205995126556473e+01
2.418015366298529045e+01
5.477169449787121636e+01
7.218633430848948151e+00
1.607780742190967160e+01
5.040982643124561946e+01
3.135765421214466642e+01
1.319163890745426748e+01
3.903314180669744360e+01
1.680548588076442229e+01
2.763745361055326555e+01
2.694183105904504316e+01
2.380266802921779856e+01
5.913741266942287211e+01
2.706441338594973800e+01
1.531208939751449449e+01
1.321565911358280587e+01
2.124795711932013731e+01
3.182159127117816411e+01
4.451113666246085643e+01
2.112877400449017884e+01
2.464017049938545512e+01
5.808742285420674989e+01
1.647431831806997593e+01
1.672980280168762945e+01
4.310046789182514004e+01
3.970859104997101952e+01
6.268172163120015483e+01
6.530140908158152513e+01
3.565854603720035954e+01
2.428023307767406891e+01
1.999499936736606642e+01
1.593298354329688671e+01
5.207862108618004982e+01
1.524430167617042642e+01
2.071545794082708980e+01
4.649709612993051167e+01
1.622691222033336800e+01
4.121155390298862642e+01
1.649577953400729768e+01
2.743661751745961652e+01
4.174435799898230925e+01
3.222067678801295898e+01
3.703176287535514888e+01
2.846900208656510500e+01
2.439110488331395743e+01
5.946131601747596562e+01
4.164346651614818740e+01
2.872786603000647432e+01
5.338092115434177032e+01
1.440083899568622883e+01
1.901471695682888807e+01
1.012912359225293102e+01
3.494130421527660957e+01
4.062006709442516694e+01
4.274000101880596958e+01
3.489511983554714902e+01
4.665445491591936644e+01
8.905491979379021927e+01
4.578186393149047717e+01
4.337858980393017561e+01
2.721170670042836903e+01
5.155037843813183684e+01
4.082726620535620299e+01
1.602725372679429228e+01
3.326558958256846665e+01
3.631447555595207177e+01
3.937358647751575802e+01
1.342563055450544240e+01
3.029596018900707577e+01
2.391484552572796574e+01
3.442203538840083610e+01
2.934209964825330630e+01
2.677731548017439778e+01
3.303871317531593377e+01
4.278787433881679192e+01
8.373736106944001278e+01
2.337569348460319674e+01
5.818840424424799984e+00
2.406015577855668397e+01
2.761126755198527860e+01
1.676918509649108557e+01
2.425114640941552580e+01
1.941533109827701509e+01
3.728604678521235627e+01
2.492482533416228918e+01
2.341314412805289535e+01
3.624779025814385847e+01
7.585808927781745581e+01
4.220805498932923427e+01
2.957106980815805031e+01
1.200373329777032581e+02
2.311288272789282416e+01
2.078745904519373866e+01
2.150471981332538363e+01
9.735429824885416750e+00
1.909446446224140104e+01
4.164757937451452818e+01
2.168942936722306314e+01
2.796777483223790739e+01
1.355342968340877619e+01
5.086414037114125364e+01
3.797526415057588878e+01
6.923237190203093405e+01
4.550730630396973453e+01
2.704157718844454905e+01
5.142738683774300057e+01
2.444114699086136611e+01
2.293090099634534695e+01
4.787765343574669430e+01
1.820044848839603446e+01
2.774469992515696859e+01
3.678370397589421970e+01
4.627753649992574481e+01
1.850305838448016615e+01
2.080967697868298316e+01
4.179629758284843888e+01
3.417356472641527887e+01
3.008219086766347772e+01
1.038704126590447885e+01
4.822718613034412982e+01
2.039147145895796598e+01
2.396604830897480198e+01
2.467676408806770638e+01
4.063743847166044532e+01
2.596322618563659645e+01
1.493064025677730200e+01
4.254764442761873511e+01
5.125461159670098255e+01
2.420088173994908942e+01
3.360722823811241966e+01
3.821743614064480710e+01
3.301392213835942613e+01
3.268871220700150104e+01
3.052058730792688479e+01
2.891237649752830308e+01
2.213499520168440782e+01
2.894834364978230212e+01
1.217997451470718850e+01
2.592875265177084998e+01
2.335825390082337094e+01
2.456765666599180875e+01
4.603997035247607528e+01
4.697957583378280333e+01
3.320275707053033187e+01
2.929621747627987460e+01
1.411073364561337939e+01
2.816225693967340860e+01
3.638199488248925917e+01
1.098313151848289948e+01
4.864072571820224766e+01
2.858651782150356269e+01
3.354408402228131081e+01
3.200824639331703736e+01
4.011632198257002102e+01
7.184893469954239720e+01
2.543632067847645573e+01
4.558918977173401998e+01
4.581406680619266325e+01
2.157730943088904851e+01
4.590417603528128865e+01
2.572137826763856339e+01
5.221610940558650782e+01
4.737861489855857400e+01
1.386535038398227471e+01
1.701574548437923085e+01
5.377816764830773621e+01
4.016948350786559274e+01
4.934944556964982354e+01
4.726720971605914201e+01
1.867069792345485268e+01
4.482160575096370536e+01
5.227675676978397235e+01
1.829827472552671708e+01
6.656182365870016326e+01
2.473958833597617613e+01
4.349368499111706399e+01
3.858113287900844313e+01
1.127674934470473289e+01
3.893451608416041410e+01
2.078699948743423320e+01
5.394219126152355415e+01
3.918059986497535618e+01
3.393423903380212892e+01
6.480678221347260148e+01
1.771170871601556129e+01
6.302922154462836346e+01
3.790897222864555260e+01
1.961882466675610104e+01
3.047396211992023751e+01
3.767564264521760720e+01
4.199469049106027541e+01
5.395114192907081474e+01
3.115844532013641555e+01
5.869202718750270265e+01
2.660744752142846181e+01
