3.137127805896315635e+01
4.216150165618018519e+01
1.712885250159477479e+01
1.374420862616749162e+02
2.326057847940015222e+01
3.137938606556403087e+01
1.769615969155371715e+01
7.551669447966186510e+01
2.410719779092302417e+01
1.949973684761221548e+01
4.054771380325029639e+01
2.665966173583110432e+01
4.566747876360798131e+01
3.212848831538703820e+01
1.520469375161818881e+01
2.680247815330958971e+01
2.298361671321600497e+01
2.040922835551104342e+01
6.267727938950239519e+01
2.135107163047584322e+01
1.115229156102334862e+01
3.488618596524518978e+01
1.648302059973667255e+01
1.677957109030705851e+01
3.597806376173413412e+01
2.055994655282124484e+01
1.142130561175364889e+01
3.069122296749158707e+01
1.423361597159597203e+01
4.292153555355995564e+01
2.921728076387701023e+01
7.100534682402599174e+01
3.209173243113360030e+01
1.405384183340126114e+01
1.950544910993086845e+01
3.150528651416209769e+01
4.251666853994326090e+01
1.633980448031416444e+01
3.343197341672393463e+01
3.411990732280968075e+01
2.686894125444651493e+01
3.538033545677400582e+01
4.644365996712827638e+01
1.567321147326315334e+01
1.713232689896214112e+01
1.624751214317490877e+01
1.751715535687387160e+01
3.169073331634716695e+01
1.676345615331594274e+01
2.557479261145308769e+01
1.806068570761252801e+01
3.101606341054061389e+01
2.699803177600362147e+01
4.195283361438876568e+01
3.355231354087228368e+01
2.857952011846942142e+01
1.298623998933774004e+01
3.277564842691343472e+01
5.888002188508050949e+01
4.560584165365445131e+01
1.876392026028535298e+01
2.264930636200646674e+01
4.372029948871053051e+01
2.430648450753919576e+01
2.820323121686756807e+01
3.739705922836972718e+01
1.000959828775557625e+01
3.106994993361553625e+01
6.515768305177557806e+01
4.603425188396496992e+01
3.490297797406558544e+01
3.844582549273464167e+01
2.633206590032719063e+01
7.851077372105461194e+00
6.979479206284085535e+01
4.598908919736078360e+01
5.789003227458348988e+01
3.990689833747698856e+01
4.451137102542814716e+01
1.265717172493579668e+01
2.642116302397346317e+01
2.517121654666316743e+01
2.610782899021453574e+01
5.025801271240861468e+01
2.126169446839432098e+01
6.698830031773682947e+01
2.857350619370430778e+01
1.954035173656804503e+01
2.040901777661204264e+01
3.479432909664702578e+01
5.102709340273160166e+01
1.788916893300909194e+01
2.213682330082162508e+01
3.801300314355777488e+01
3.190259130550543887e+01
6.001324556979086822e+01
2.682780872818851847e+01
2.328012757729459636e+01
8.227481293806384599e+01
1.821378081563305429e+01
6.471123263693212380e+01
3.344740569373680472e+01
5.760236934375450346e+01
1.326989416028043145e+01
4.165974248583308537e+01
3.280051003640840435e+01
4.449583945479173508e+01
7.431776844234036616e+01
6.460542516392177959e+01
2.037315002051014901e+01
3.353993940328918200e+01
2.206175251460038567e+01
3.077033303931789376e+01
2.272442365575580325e+01
3.343910087862222724e+01
3.600629843708775013e+01
2.080558531916740606e+01
1.961638374236966698e+01
2.710005973222946452e+01
1.851459469657713797e+01
4.272835118109553321e+01
4.819509487970609030e+01
3.495205149087855290e+01
1.565283095106049416e+01
2.741455385689296165e+01
1.165663775201909047e+01
2.706094243971056557e+01
3.651780532860676232e+01
4.507240558065992531e+01
2.743430704977956225e+01
2.818952148923411727e+01
3.684167395595364525e+01
5.571836748966467923e+01
1.877436918782740705e+01
7.445006378803381608e+01
2.366703851127579838e+01
2.140895060236365310e+01
4.642123199419906143e+01
1.232803340056887009e+02
1.065516380842754174e+01
3.429340486727347326e+01
3.735543324718707225e+01
9.463233603383909553e+01
2.448970844828270899e+01
1.836252696222724623e+01
3.616615094802965302e+01
3.821258800604878303e+01
2.423861835475779714e+01
6.569392414454867435e+01
3.056799759173767583e+01
1.826363128305146333e+01
5.020884084100816125e+01
2.280921566351221230e+01
2.997727926194086123e+01
8.530023258176301226e+01
3.816534109421407095e+01
6.927548712151303789e+01
3.149524790389070006e+01
3.429742742091843866e+01
2.309895712646425636e+01
9.480739252716903209e+00
1.647301705271914685e+01
2.476482903518975220e+01
3.058854555952163423e+01
1.037861712783591983e+01
4.045248280917640926e+01
9.808440500547627039e+01
7.109760922174467623e+01
8.417034796939798014e+01
5.431561103713892891e+01
7.048806522391031670e+00
5.927329075696802363e+01
3.463549249274498720e+01
2.128586036522096592e+01
5.214689291143302796e+01
2.176297720634048360e+01
1.253793624675072138e+01
5.204127072794288011e+01
4.047313451799262651e+01
4.197169124637292015e+01
4.413736988481529266e+01
4.285927371519273521e+01
2.426007099323832961e+01
5.040110400550071290e+01
1.792323116261791682e+01
8.468319356746188475e+01
1.014478691735834417e+02
6.218591249116015263e+01
2.369281011575852247e+01
2.572781492797227187e+01
4.396808701975581357e+01
4.601190501730462756e+01
2.479952896570808818e+01
2.121217399509118451e+01
3.840955510118478600e+01
1.417805818300163523e+01
3.879669687435310266e+01
2.255141536047361228e+01
2.530423713134034713e+01
3.083119215189059403e+01
4.840538932414930429e+01
2.605545774310605367e+01
3.780442941186885264e+01
4.449208417137659666e+01
3.146230669277524683e+01
6.181048864325673264e+01
1.487206157946209473e+01
2.826864900837671968e+01
2.064229531500895831e+01
7.690953974598603793e+01
1.084390795484236776e+02
3.075960629581089023e+01
3.890667994142003039e+01
4.391256095320903796e+01
2.087993765629190435e+01
3.355656088622922795e+01
2.877406651376859159e+01
3.112478035700019774e+01
4.225242342435054610e+01
1.793666523556590420e+01
4.144914486252120156e+01
3.174029934580394752e+01
2.104038414217949082e+01
4.159669238533550839e+01
3.098570857656621769e+01
1.677142625348304605e+01
4.513824957750035338e+01
3.864568853631185164e+01
2.422323849414393493e+01
5.132487694854373927e+01
6.129469872348298054e+01
5.894058348801092251e+01
4.230108682339105997e+01
4.310512976528900708e+01
1.680537040309755170e+01
1.227806428561861765e+02
3.450287850337666384e+01
2.572388583271560947e+01
2.052695843252563890e+01
2.298835176842820260e+01
3.094305514029222337e+01
3.623845786314018369e+01
9.718211856046333708e+01
3.379265619941293863e+01
1.109935408751996277e+01
6.464704488718072639e+01
2.631789598046146139e+01
2.934095409205573191e+01
9.119370514957763518e+00
2.096582767941569259e+01
6.304781583525414845e+01
1.341261933591971101e+01
2.933507143427256736e+01
2.054024857993199404e+01
9.819140684440522193e+01
2.265148916970172266e+01
1.929701563965832278e+01
2.062633801851196225e+01
5.426775270892277092e+01
4.096880353171807343e+01
1.737028257391016695e+01
3.330185824928701521e+01
1.295465255948921879e+01
3.590581858711922791e+01
2.270625772196694214e+01
3.598433696778670310e+01
1.625149046852762424e+01
2.677435435644558481e+01
3.556636716928902331e+01
3.937857741954012880e+01
7.122831898924087568e+01
2.591965458984303439e+01
2.501432618602844116e+01
2.814640166130962129e+01
2.160323702587562877e+01
3.267401440891694619e+01
3.124629031762371056e+01
1.908019477957292764e+01
3.565749774996748300e+01
3.272152669317162577e+01
2.181037710756873693e+01
4.772446469946343939e+01
3.477912479282287705e+01
1.802061368141425746e+01
1.807809695376160164e+01
5.610709718325646378e+01
3.419353816831281989e+01
2.178343199602223024e+01
3.320201837364843556e+01
4.936742238375212111e+01
2.784037448387580937e+01
3.020260628612988540e+01
3.392287919917783512e+01
2.093728259635609845e+01
5.430030572020632462e+01
3.058908495185953313e+01
1.607203149482488413e+01
6.305900164475198721e+01
2.959657086570593165e+01
4.175953397005148560e+01
2.649568350018536478e+01
2.999068411214523167e+01
3.730519861201850773e+01
1.478968548329119415e+01
1.088654337751771095e+01
1.997100166025851209e+01
2.130290754815369425e+01
2.553725874323536260e+01
4.554588068451305816e+01
4.407396264256757235e+01
2.452524960798788456e+01
3.384845065870148062e+01
3.425003056016591785e+01
3.583170408824536679e+01
6.459094493702119166e+01
6.089581410070642420e+01
2.324779531460793791e+01
5.502630574796633312e+01
9.526018822689611909e+01
1.861108724802518566e+01
5.235272946179092202e+01
3.870138134341739544e+01
3.928210974744601458e+01
4.108767132794336163e+01
1.928090058322443667e+01
2.678195112872361960e+01
3.212666436218292176e+01
2.183276753573750995e+01
1.090778520067389756e+01
2.506156903883844933e+01
3.208912299256476075e+01
2.401836586514017213e+01
4.013907312197825661e+01
3.856287155720166737e+01
1.900473279211195887e+01
2.520215004896209976e+01
4.635853645070915974e+01
3.005235791232610865e+01
1.669372514605673885e+01
2.858987938630936299e+01
3.452522635114620897e+01
2.739762458572798209e+01
2.729355992557708532e+01
2.763801633984841999e+01
6.469191760028259353e+01
3.971735891401125684e+01
6.799097237078660783e+01
5.971974374022155985e+01
4.714015048728543178e+01
5.226763335403565236e+01
5.745680812312795638e+01
1.875009918466886560e+01
5.761876306472247222e+01
3.509755667029037340e+01
2.569862555293509487e+01
6.503566904374670798e+01
1.045016406153366795e+01
7.636607636187210169e+00
4.082883106063077605e+01
1.959543186708161500e+01
3.998267783817352949e+01
1.181859487983124879e+01
3.700225206048484949e+01
1.740173758543863514e+01
1.998217465760367162e+01
2.832740265539293745e+01
2.616212234208654763e+01
2.837687525526001409e+01
2.387566133514039279e+01
3.697212151849150530e+01
4.048715060743781891e+01
2.858439009809287157e+01
1.778058578142242396e+01
3.202118747102588259e+01
4.125097858235139370e+01
3.065952444794377740e+01
5.605028817631364291e+01
2.367394881220689129e+01
3.368308865438594069e+01
1.703936969312455929e+01
2.601588376298880334e+01
4.126375657103429972e+01
2.016722835223708188e+01
5.491179848243476158e+01
1.933030415835176541e+01
2.433035698123224222e+01
3.919982191253349413e+01
1.884041444425682243e+01
3.043233793359382489e+01
3.865159774581105268e+01
3.159049105202127805e+01
1.674269029476934634e+01
1.451968855245417522e+01
2.213799241598692547e+01
1.136152383307134812e+02
3.401926450426586968e+01
4.576037755262338891e+01
3.529429276729857889e+01
2.643927806120906610e+01
2.560226412781348060e+01
2.630751460521643637e+01
6.739000577349477794e+01
5.609859048141879612e+01
2.666710456468828738e+01
6.659918774440464517e+01
2.326506942625769625e+01
3.172558251309686739e+01
1.178229753256725587e+01
4.024662898536855238e+01
5.689979456733026808e+01
2.187651940973676901e+01
2.271377337813710540e+01
3.604290211145438860e+01
2.252430014968039984e+01
5.146916654234163246e+01
2.987605167859438993e+01
6.640333081659375125e+01
3.466216977490197593e+01
4.021113359286104583e+01
3.626276352984894658e+01
3.288317479935395937e+01
2.755635673656280105e+01
4.517686012801339501e+01
2.848483252607718796e+01
2.200119894470079629e+01
4.354934601599048705e+01
5.950569011373259087e+01
4.343251178118771350e+01
9.193027067282070419e+00
1.721587066432549662e+01
3.662745685977064625e+01
2.877690219143819661e+01
2.625466545636527727e+01
3.141606313530455807e+01
7.375920462268693711e+01
3.147299719288481157e+01
4.440410500669421623e+01
3.764385786633718567e+01
1.497359856019856927e+01
7.484608980157815949e+01
3.257649088695890072e+01
1.810792446563657165e+01
4.007225419676622380e+01
1.392914089409534917e+01
1.587809851776699155e+01
3.066316224780754851e+01
3.214086041933327920e+01
2.042888471633978398e+01
5.778408991979112841e+01
2.279431930651801608e+01
9.682288470863372964e+00
3.848278402373090046e+01
8.490019937224711555e+01
3.611951493424982829e+01
2.884462234157183147e+01
3.257267168623224762e+01
3.992395579882488477e+01
4.677533811656928009e+01
1.391582153741400241e+01
2.549978664670602768e+01
4.092062019722765598e+01
2.974208926650359430e+01
4.571408791339288769e+01
2.998505815847458678e+01
2.294732713803357527e+01
3.112525947103414836e+01
4.956466677551737376e+01
6.044136204490808950e+01
3.016301472190861332e+01
5.016019497264251470e+01
4.845300554817956140e+01
2.163731224792141106e+01
3.957982396885484633e+01
2.381243055508883089e+01
3.650356977799197011e+01
3.084316306809013497e+01
3.335078334229292096e+01
2.276710932294119516e+01
2.713920023476613963e+01
3.979580334977816136e+01
3.341042779662037532e+01
4.760242401486288344e+01
4.435040715932422728e+01
4.076265000867851285e+01
3.423982252931168091e+01
7.171715812012061519e+01
3.128346282966611369e+01
3.850568645050515215e+01
1.973000665564769562e+01
2.053981588002287850e+01
3.503883904624856171e+01
3.603049693394605413e+01
1.048981995306235504e+01
2.236988549517684532e+01
4.926814927002885725e+01
3.858359379257773014e+01
2.978386183248158758e+01
1.654135582767086987e+01
3.558657614881202846e+01
4.379904109507913290e+01
5.511633134539232515e+01
