2.461758530213067786e+01
2.110542955279745314e+01
2.672554371356742564e+01
1.068959999439860127e+02
1.499630280857395270e+01
2.647224603262843701e+00
6.631815297536640230e+00
7.661757823323817718e+00
2.091809023072809737e+01
5.838963178858893599e+00
1.793628742379322105e+01
7.767835109959382578e+01
4.487528296151504748e+01
3.777835338082118799e+00
5.025377599532700579e+00
1.545084198351796889e+00
2.587318178722723516e+00
2.136629929778278925e+00
3.176860973759629392e+00
1.850598228288093594e+01
6.389825653569424446e+00
1.128775411072509449e+01
9.955762838368407586e+00
7.317341040703801980e+00
1.982840658708945369e+01
2.829810115996754583e+00
4.904921548581121726e+00
7.734797060954744730e+00
5.989178030199798997e+00
2.851272808393725455e+01
2.354007565819463821e+01
1.405038976848372734e+01
1.610643762924035016e+01
7.335756519754856697e+01
3.680535623206841578e+00
1.530570819095792103e+02
1.438440218968474760e+01
6.552574580541546290e+00
1.796660747904661681e+00
1.228574804412920152e+01
9.384669280825889359e+00
5.443312475621072011e+00
9.923994018732180677e+00
3.031839924615345083e+01
4.126501358100377992e+00
3.661386565753205247e+01
4.822180421895885694e+00
3.666577046975167775e+01
1.633862405908265103e+01
1.852413485060521481e+01
3.589479721756057895e+00
1.061298986951384649e+01
1.598970430363290163e+01
7.788222852212621561e+00
1.345916027432842377e+01
1.140556764881402430e+01
3.148697145396896957e+01
9.877692453360818803e+00
8.436534832794761130e+00
1.685303538369779375e+01
1.961787604658741913e+01
3.512264648833851055e+01
6.276096005239711673e+00
6.514078336657627588e+00
8.194828108582811410e+00
1.326559686954466066e+01
5.075905277787732039e+00
1.921953441596933843e+01
4.150066672555585257e+01
1.353326794629603036e+01
2.153041319490016647e+00
5.728824136976069958e+00
3.814343261162720378e+00
7.538015460994007988e+00
1.275767059344722583e+02
2.622418409837302278e+01
7.058152842801284521e+00
1.460358894591402290e+01
1.757278360560069075e+01
3.178427744122038323e+00
9.522364743502768292e+00
6.209120804721761999e+01
5.733330168890737610e+01
1.420148466077960236e+01
5.106719182486614272e+00
1.163020371295717936e+01
1.060445689596238417e+01
1.281048604487457965e+01
7.254086266077119660e+01
3.980569730730174172e+00
1.169554812707045954e+01
3.424573173313025798e+00
1.593539682248206857e+00
4.024503138308148209e+00
3.917387734964373891e+01
6.632997582488270538e+00
7.129823248267188163e+00
3.124594035572715534e+00
1.635197807138038684e+01
1.573836349040643290e+00
8.249598043097826405e+00
8.855121457113829919e+00
1.595862336924855240e+00
1.227459039954239373e+01
5.708191621235817692e+00
5.053600453059619468e+00
2.099709274607620557e+01
1.524404602750385784e+01
1.641465559884195358e+01
1.635745690570659505e+01
7.912426869714005662e+00
1.852103911997099672e+01
1.453777538358433041e+00
8.394378556959724236e+00
1.382691926340255684e+01
3.565169134627837622e+01
2.471699453917822087e+00
2.863920780428097146e+01
1.296452620075212181e+01
1.077000540743348900e+01
6.537973359696060527e+00
1.321945656530446200e+01
8.259707310693935156e+00
2.400688958286877295e+01
3.413959483633139946e+00
7.267052614280457590e+01
3.112135265767670589e+01
8.036846503996338598e+00
1.132898768901072195e+01
1.095915313005236982e+02
3.229707179160919850e+01
1.785142864399078633e+01
3.233173915030358891e+00
1.546772766205371319e+01
6.705620502725118115e+01
1.660552749091725389e+01
9.266378972601929220e+00
2.973679020944519991e+01
4.423182886153870896e+00
1.718844447008379817e+01
1.059763978320289368e+02
9.215175990785596127e+00
1.117826855591243174e+01
7.184924037052163648e+00
3.736830461582213303e+01
1.630328954796317120e+01
9.230335114622281623e+00
5.616584662562345898e+00
2.805019729451891042e+00
2.014955515476535552e+01
2.233337151040382906e+01
4.004043406448279718e+00
1.811980595531938931e+01
1.864672205171691743e+01
2.372620638769078383e+01
8.421377857977908832e+00
8.302358747945563167e+00
1.656898225252447432e+01
1.213835752191101669e+01
3.897170788193352386e+00
4.928226755175254326e+00
1.078680376511032080e+01
1.573109942187141064e+00
1.065721350139516943e+01
5.574678815941565446e+00
5.337068613123920890e+00
1.688274023019348746e+01
3.211467996321605511e+00
3.138056765835395012e+01
4.128552178326904354e+00
6.509402938171674258e+00
1.622641944911405432e+01
1.944496070639709018e+01
7.969209416777029276e+01
1.371295342836010178e+01
1.120888644296040582e+01
9.005200097598667242e+00
1.200937478796858393e+01
1.246615081195627717e+01
9.072613633955926460e+00
5.589251599256941461e+01
4.077531756902764926e+01
2.428332005117306025e+01
1.344860823167853070e+01
1.474265402498508237e+01
7.322869363135697363e+00
3.443368074805784573e+01
7.764951747788132685e+00
1.620106955358910028e+01
1.290585303395749328e+01
4.122269933361606320e+01
1.494233807311485940e+01
4.520617709226408820e+00
3.395656283149300236e+00
1.073773514455590998e+02
2.199096805382034603e+01
1.527306336285045063e+01
9.829131463022580562e+00
6.227339462862151009e+01
1.058762744761935082e+01
1.634462650205589540e+01
9.914368549767328176e+00
6.407977428309503232e+00
4.109418174718660666e+00
5.714141071936600369e+00
3.524815730912069256e+01
1.418237836117599215e+01
8.726902443230978079e+00
8.579049957239963220e+00
8.523874726343297681e+00
2.213068017849150593e+01
1.390117372617723923e+01
2.599276753233765191e+01
7.180013487891448776e+00
5.856466315691189806e+00
4.406338492209627589e+00
2.594021505173988551e+00
2.658170103464173195e+01
3.884478274478625082e+01
6.475754624968272921e+00
4.117670234802483620e+00
4.222089303647267755e+00
1.991986650775147893e+01
4.888430941153483644e+00
1.286183584869242225e+01
8.410561275120160829e+00
1.638201220997804342e+01
1.130655918513780911e+01
1.713051704210062098e+01
1.695092531612000641e+01
2.380641437715359032e+01
1.931613986892526924e+01
5.761075855474753205e+00
2.879106777319333332e+01
8.800688134244076366e+00
2.657796136828269873e+00
6.064427887227166636e+00
1.087132944778031707e+01
7.652604567626968723e+00
3.800413723465229321e+00
4.356313372171500831e+00
3.230772631424541430e+01
5.143568349536210604e+01
1.056072545196215984e+01
4.684218279335608415e+00
7.631599722570996391e+00
9.400987921181823026e+00
8.064454379992593402e+00
1.304660684582251307e+01
1.165270341157418876e+01
1.396106916380468377e+01
8.464202983813081005e+00
1.550354189132884741e+01
2.088863092529150922e+00
8.276969181303858392e+00
5.502821462352631698e+00
1.289199447525192710e+01
6.520177293499498816e+00
1.612622906092654773e+01
2.911687997917975057e+00
1.165531651049612094e+01
8.516366827663635064e+00
2.419056387090489579e+01
5.769169628090982371e+01
6.523220838820560807e+00
3.079110491666250127e+01
1.379251673868516903e+01
1.024258994005481149e+01
6.327382341507872709e+00
1.146648822453894034e+01
2.165045709271017316e+01
2.947143665521764877e+00
3.133150286319652977e+01
1.422777111381506643e+01
1.400948088009887194e+01
7.504529492791832013e+00
3.985763757925427342e+01
9.650311860056366431e-01
1.357292820761846919e+01
9.083147694719762910e+00
1.628436997240161332e+01
2.305836001223643805e+01
1.671738893085981204e+01
7.260618071663815343e+00
5.466543965299003993e+00
2.859103795069767884e+01
1.381499192006502952e+00
1.430314928990713419e+01
1.772323739836981815e+01
7.383432719439744218e+00
2.688356962582464593e+00
3.803146487969661926e+00
1.783198264233902819e+01
1.839915325914872568e+01
4.243606256556035627e-01
1.862447148104838845e+01
2.688740137949919884e+01
1.093862576641776485e+01
3.501465496684075873e+01
2.436080846276417411e+00
4.191063175427548515e+01
8.748440693243496824e+00
1.720923981100163402e+01
1.515589928510860140e+01
1.781658622557597482e+01
6.105630104893159604e+00
9.641897883433674821e+00
1.494651063383448175e+01
6.556591589153404342e+00
1.623099111377424109e+01
1.345778804511332183e+01
1.054596139328852367e+01
9.956403043504566952e+00
4.333055976424276423e+00
1.766937469286987250e+00
3.037145007477979419e+01
2.266699356639182206e+00
5.841559079775185737e+00
1.941285376155974074e+00
1.126817054280036245e+01
1.813845987044438246e+01
1.168120522670469796e+01
1.220597339252081781e+01
1.178750574567624732e+01
5.830265311864215150e+00
3.712712323220257105e+01
2.305273345713356292e+01
1.223456338991325509e+01
8.418039165283586200e+00
1.790385511286291376e+01
1.922918730932309117e+01
1.258615303396347862e+01
6.970505337227902487e+01
4.700927404716529878e+01
7.031809062633555207e+00
1.498749223999780078e+01
1.780012141068436549e+01
1.123451332301188010e+01
2.159186333909104150e+01
4.662430252350573845e+00
2.193503795365364795e+01
9.437075217206801980e+00
1.042801815455350933e+01
1.322712685603550753e+01
1.534767404746410691e+01
1.269803499979038008e+01
2.776456579262841373e+01
3.396032174096124123e+01
5.072029458603221741e+00
3.240316823699525628e+01
2.560817333057514134e+01
1.341143504922240837e+01
1.375686966245658205e+01
3.030383675962299961e+01
3.710889616220752529e+00
1.591102574326920704e+00
1.030332588785373282e+01
1.260572194964403892e+01
1.322603271828233851e+01
7.004660289295724596e+00
7.918513484537936620e+01
7.544156248475999860e+00
7.897308262883422358e+00
1.595874164308999177e+01
8.467901949291224639e+00
1.016257788573966891e+01
1.329300038687287300e+00
7.604685116604935402e+00
8.084039673277544580e+00
2.102065899730807885e+01
7.878203738441407644e+00
1.850352512015517448e+01
3.712454847164104343e+00
9.774902546058251929e+00
9.583328056872954193e+00
3.184099248171827412e+01
3.837028675342643247e+00
4.461665390736086323e+01
1.085008648581563051e+01
2.867558468073753630e+01
2.011638571495942074e+02
4.667037205780527387e+00
3.006377969508194781e+01
1.800940632287182908e+01
6.441131315451685602e+00
1.797776245089680103e+01
1.768324418623449645e+01
4.965856802753422272e+01
2.846173490188300903e+01
8.375693866499920759e+00
6.603471666858601985e+00
3.618683576758641607e+01
4.806250294140656187e+00
5.000456051283883596e+00
6.024047562692290825e+01
1.208986934638036859e+00
3.319618107084012593e+01
3.228109927903404497e+01
1.130200763615759563e+01
2.859341807196401675e+01
6.178961890526540657e+00
1.247067842277363425e+01
9.694909483850828735e+00
3.828806372239252021e+00
6.177679832093262746e+01
8.751411770633318099e+00
1.807213096569887156e+01
2.265350978057973208e+01
2.916852694106120136e+00
1.214086102479508966e+01
8.356641715761979583e+01
1.904220160985962451e+01
1.351154111610611164e+00
6.654092384635557522e+00
2.655319274247190720e+01
6.849169144730773873e+00
8.858778803703868832e+00
1.084774712520693463e+01
3.558452477316365758e+01
1.469800664002952573e+01
7.498403029901989036e+00
1.778553716201852453e+01
3.379966735678402046e+01
9.041604457394372574e+00
1.941860530418329844e+01
1.212019006293526857e+01
4.299653955788195958e+01
1.841395153435798449e+01
4.887592393522355749e+00
3.366339523223138119e+00
3.310916457799243773e+01
7.704346120221808647e+00
7.149433758342586209e+00
3.912645955505039463e+00
9.615570187704115312e+00
1.237075693446369371e+02
1.231844910708219487e+01
6.853628668567044002e+00
2.985266019698176976e+01
1.219757599806441561e+01
6.154456523892720021e+00
1.215269716765978529e+02
6.903253695977149995e+00
2.211201700316649976e+01
3.534173899912032901e+00
6.136405226531100432e+00
3.182798102132698048e+01
2.168187421500888945e+00
1.455179002934609933e+01
5.713208133966126923e+00
1.654148959932110330e+01
5.514918792336716891e+00
3.819555779994224576e+00
1.147316678878559060e+01
2.857013557153193162e+00
1.510263387256640755e+01
1.512995749814267299e+01
1.866661202960617061e+01
6.643272849724380258e+00
7.105143089098238995e+00
2.504591079592205460e+01
9.345208859693626025e+00
5.095361775003732419e+01
4.982834847472148887e+00
2.701424393180868933e+01
1.169723685381442735e+01
1.275848088026785021e+01
1.596902706598441313e+01
8.346286808288876813e+00
6.875136026257629318e+00
4.382141328098048660e+01
3.163755911192580594e+00
1.640909763370157748e+01
1.180034363746444726e+01
1.320598880375013273e+01
9.493184624251494341e+00
2.286280001400034223e+01
1.873094561688954585e+01
1.461434362965735545e+01
1.541800852604167460e+01
3.730463942461113902e+01
1.049538861982697284e+02
5.875839824690689994e+00
7.691986399603330860e+00
3.135045318081483678e+00
5.277633275015652714e+00
3.204533161415022136e+01
8.022968820637229825e+00
1.409768413405857679e+01
7.185502250763339482e+00
3.695248140769372469e+00
1.218022726773374131e+01
4.051637008944745588e+01
1.256482986227969789e+01
1.392387268646620768e+01
8.968529469141849120e+00
5.382681267119457047e+00
4.235708551002293376e+00
5.212606226537252141e+00
8.716132821242021933e+00
1.253332542760933244e+01
