2.104092862555596000e+01
9.058282693060714763e+00
4.186854814154618687e+00
1.789234520662580508e+01
1.456424146431711586e+00
4.109411947002687526e+01
1.198192773075199113e+01
1.248269364100779910e+01
1.278975023948625633e+01
5.175640604455823635e+00
1.985671292607781524e+01
5.359075653962712948e+01
4.868051302950174630e+00
2.133830020175491526e+01
1.068956704077684705e+01
1.208722939546736086e+01
1.429727647303008053e+00
3.038340311046246711e+01
2.184242270939677155e+01
3.182579394644482917e+00
3.036055141971986782e+00
1.485220372020124913e+01
3.447047531814467902e+01
2.910189058062331302e+00
1.090528577594643167e+01
6.352020175385332479e+00
2.148939285626235485e+00
2.072921801990620949e+01
2.254022273913827590e+01
7.869515099591287033e+00
9.054008824082866447e-01
1.117759362953170665e+01
4.146693795719868092e+01
1.329151675506953190e+01
2.623825788541978454e+01
2.151630422305065338e+01
2.975972225905797686e+00
5.368523705514411049e+00
4.806873803681265933e+00
4.889967334251923425e+00
2.516520312528863812e+01
1.635308859480337063e+01
2.026959756353732089e+01
5.212577178480422191e+01
4.690639855830688099e+00
1.912313730702308812e+00
1.437268007398348502e+01
1.533145302540070709e+01
1.454711785883841380e+01
2.306972393110832797e+01
1.351351199136302084e+00
1.345523135550864247e+01
1.381621765421844295e+01
7.915129521329542506e-01
8.752042276839820545e+01
1.898279685354310686e+01
1.849699937094352720e+01
1.375064949258607605e+01
5.945800959215193693e+00
7.462992975719585864e+00
6.776264059636712034e+01
1.376099513438823330e+01
3.934456483655280579e+01
2.841782494385879332e+01
1.920779258498038189e+01
7.462640297260743516e+00
7.117515447994608735e+01
5.977414974983313201e+00
8.648775405443634767e+00
1.058157790980468427e+01
4.802361675632082161e+00
1.344638128476852401e+01
3.523082625448138572e+01
4.635609786791437870e+00
6.607449867293479606e+00
2.140803882953978388e+01
9.909194032716603928e+00
1.640836057628711231e+01
5.155311978581520016e+00
1.051139438524697844e+01
3.949154383619945641e+00
6.414935501828363584e+00
2.404517906815628159e+00
3.636377230432465968e+00
3.390533786136070926e+00
6.026272510598983168e+00
8.067679677575586794e+00
4.923664398515193596e+01
4.852677269409650052e+00
3.785522257733287876e+00
2.237264178399151149e+01
8.316449499052705363e+00
1.126098644076300381e+01
1.224697148339287800e+01
1.820970783754171762e+01
6.433072987062830705e+00
4.112114590833430583e+01
4.535813386142152126e+00
5.346044149005001245e+00
4.560867060185015731e+01
2.945801497474414887e+01
1.453916437458916278e+01
3.247189482396128035e+00
4.064342256086407090e+00
5.641463647063294928e+01
1.404696944513682944e+01
1.556179124865534558e+00
4.273672213688841737e+01
1.441464301161482453e+01
4.514617571972747712e+00
5.141084354403205658e+00
1.260197194370334373e+01
1.658085419981491171e+01
4.236381803241165755e+00
1.079924594047868780e+01
2.261856531435836359e+01
3.332296468051049487e+01
3.252963264276497846e+00
3.847992550357403729e+01
3.019845283850784323e+00
1.898866640283469298e+00
6.372002727214669093e+00
5.483012760292877097e+00
3.376295820740712550e+00
1.175966791643162246e+01
1.130945325936521506e+01
1.032247582719318935e+00
4.476822176168655432e+01
1.514232768332087709e+01
1.273888218593877575e+01
3.841810660517720777e+01
3.595938660143060162e+01
1.576339716776685940e+01
7.960004846836949532e+00
2.026725682471035483e+01
1.150986231389544479e+01
3.552461837178343185e+00
1.248146347743122142e+01
4.909247808145783765e+00
9.471295259885064155e+00
1.632032020180686871e+01
5.808754326287776770e+00
7.515203364441647693e+01
1.125739743591566722e+01
8.699780337403449693e+00
7.213761829252908342e+01
4.512612216952673094e+01
6.519783653790036659e+00
1.765911479134174300e+01
2.589906332989266424e+00
1.023854231940918957e+01
7.186268992977838366e+01
1.375661184408843951e+01
4.217591584889717637e+00
2.111576813311459233e+01
2.973083521652769790e+00
2.106052352247552051e+01
3.980954587879167672e+00
2.596879249932622713e+01
3.069238417287779441e+01
1.095518082389309633e+01
1.943552151695372032e+01
1.952106315520005708e+01
3.233274468677555635e+00
1.377351774533111595e+01
3.896198139964866858e+00
1.111920657794397549e+01
8.200405454185283105e+00
3.550798727316045955e+00
3.219935456602919022e+00
9.086581160351189013e+00
7.276632313124933304e+00
1.954182904735912629e+01
8.985330691481550502e+00
1.676060954609258857e+01
1.308872913906801294e+01
5.060201477760522693e+01
5.166200632288240513e+01
1.033918978002544975e+01
1.912174819118684965e+01
9.184696144789653260e+01
6.349898447863989936e+00
2.718548608464726790e+00
1.886620970201330749e+01
1.730583565664660384e+01
4.131630613305560473e+00
1.650729086233697274e+01
1.795538321898902012e+01
1.529901302381293426e+01
2.592678307764744261e+01
4.256151936048208739e+00
3.616053460406393860e+00
1.702625161595505432e+01
2.979230652390430834e+01
2.336940691969238770e+01
1.282463452032780538e+01
1.907098166115506288e+01
4.455197218798730319e+00
7.278831547195154794e-01
2.183087051363079212e+01
9.686891051971535660e+00
1.947262288546247078e+01
4.308055663701838789e+00
1.434651684233156388e+01
2.276012572383966770e+01
2.327685207628352515e+00
2.315128006679468697e+01
2.228695453426675144e+01
3.144255595139188131e+01
1.253865968864282365e+01
9.182676230526732652e+00
6.352845541944940777e+00
2.686528007143091923e+00
1.644491816865109479e+00
2.819491222410119846e+00
1.153646326050899162e+01
7.049177220527005794e+00
9.915167323520133635e+00
7.070452016694090958e+00
6.864330855494472416e+00
4.877960194394105997e+01
5.585004688045876264e+01
2.893635029743225928e+01
2.060537668523231059e+00
5.158463308406769698e+00
3.872855755026342717e+00
8.574160708585166546e+00
3.635351918113356362e+01
7.184736363728522868e+00
4.844019000373573469e+00
2.679382765595086724e+01
2.252173348488311433e+01
5.126846180522189655e+00
1.360070460970108996e+01
5.587037564709982362e+00
5.174291716944341424e+00
5.749162682355019882e+01
7.538250424754531664e+00
4.541076143114827879e+00
1.856402953412836254e+01
1.156039630264527496e+01
1.214807787582384790e+01
2.313166978244692373e+01
1.570927746512569634e+01
2.705925315336369863e+01
6.480064745229926260e+00
2.010815173613907447e+01
3.897362475104655388e+00
7.960889494171833336e-01
1.046326085694030894e+01
7.895446455613140735e+00
1.363617349652220412e+01
7.189012574259052712e+00
1.138626063044820391e+01
1.036787415307103011e+01
8.780648202682529657e+00
2.607453633045250641e+01
1.442801261334112084e+01
3.411695150805926602e+01
5.403642396586359808e+01
2.582334005530181642e+01
5.150626468189368978e+00
2.755460838701347726e+01
1.038152756465420801e+01
1.344660571297171181e+01
2.778040763743521424e+01
1.764550547170727057e+01
9.751429074685992404e+00
1.510122663502689022e+01
7.760637032915355782e+00
7.376766214580577241e+00
2.112183896374853820e+00
3.857437894782844978e+01
1.166745739709732810e+01
2.147737563870706268e+01
6.374560996946918578e+00
7.167045719894986178e+00
4.693112587244714362e+00
2.519944866339872291e+01
1.393558110938198347e+01
6.505216413983353263e+00
1.048267042881144251e+00
5.177799556372277578e+01
9.777590815611791442e+00
6.928539065414784481e+00
1.331762889907844638e+00
7.117994096963491835e+00
5.416774801218826951e+01
1.738007670703083818e+01
1.397599459299524050e+01
1.776619196131419187e+01
9.104606966919440936e+00
1.025844225782977581e+01
4.479343904835296541e+00
1.832983442230765814e+00
6.314250178807577774e-01
4.372067238999116512e+01
3.822701869607842529e+00
1.790373035856246275e+01
5.037322437705003431e+00
4.989818759733564590e+00
1.131686955723702681e+01
9.226384280766374957e+00
2.228598475006941726e+01
9.337301763617315231e+00
2.223871546190961723e+01
1.391082037222732826e+00
5.144480953786058741e+00
4.589380324741475903e+01
1.700426267505968170e+01
8.971214130916051133e+00
1.306884157941543378e+01
6.265188321250382053e+00
1.343799927999715749e+01
6.438347652944050203e+00
9.906345930402322253e+00
6.427424670110523763e+00
8.511142180604087670e+00
2.028129021106120433e+01
6.579765535157283018e+00
1.367255647094371795e+01
1.794784061366182115e+01
6.203853680927214675e+00
9.598376361569870951e+00
1.717099308303103911e+01
4.628767280572139597e+00
7.589884026922376847e+00
6.487777852913176879e+00
9.799164458391178556e+00
4.177974147172220043e+00
2.188248157700504848e+00
7.724233092663152433e+01
2.923786946359282268e+00
4.830025466540023515e+00
1.663949996129842290e+01
2.063423472179989560e+01
1.901701096286328863e+01
6.552352984750979381e+00
1.465982447934774591e+01
1.659885838765573141e+01
1.842282881971568287e+01
2.210040297335321480e+00
1.953310020419660731e+01
1.623913338659042793e+01
3.679452663824078229e+01
9.411256142106598332e+00
1.286175477546709267e+01
2.800826825152407551e+01
1.231072659781023049e+01
2.745422572181414367e+01
5.327929871239046378e+00
8.229797937460483936e+00
4.191925257511286418e+00
3.684402851950864033e+01
3.451422695093214532e+00
3.015389829268920074e+00
4.208183284960285597e+00
2.681562377412604903e+01
4.271425082571396636e+00
4.659013484110677439e+01
4.460520550603135348e+00
3.750651300429520774e+01
6.549545530554528483e+00
6.753000181018300907e+00
1.918012177518003369e+01
1.719066139411280503e+01
1.789280292882709489e+01
7.174351414354015688e+00
2.167740183526527176e+01
2.169122771249761783e+01
6.263761494710074373e+00
3.534125953528301167e+00
1.682642520734134450e+01
1.398784206352081583e+01
3.251073999666049374e+00
2.050117094323822542e+01
3.378482169890048681e+00
8.876401622164880933e+00
8.719448309111092144e+00
1.509605669591186583e+01
3.717785586120496255e+00
8.886650294421604812e+00
5.371291555747517599e+00
3.985841154659145680e+00
1.425222632174300008e+00
1.278712347589582876e+01
9.408101348882858872e+00
5.589713284747443112e+00
1.910674638634338507e+00
7.349970122899476266e+00
2.937264104993251834e+01
1.089223435055379774e+01
6.950418606652982589e+01
3.399764042179842516e+00
2.289634314326765896e+00
1.063324467852838140e+01
3.996867772689591369e+00
3.070283952792026483e+00
8.913444433193429717e+00
2.538834302794358955e+00
2.992667096025331830e+01
9.828932886970514460e+01
8.671849706404261227e+00
5.695912267421728181e+00
2.998836412249275440e+00
6.787115341068169272e+00
4.680951477147137751e+01
1.850705698955135148e+00
5.411186522648705477e+00
2.595638011511305354e+00
2.196087675612785972e+01
1.425240322911261792e+01
2.087670632562383055e+00
2.736724161808398037e+01
1.801826197329504708e+01
1.127468156581958780e+01
3.717917281386633910e+00
1.264994650870910675e+01
3.312411984368687445e+00
9.220086013558443483e+00
1.784159181197711774e+00
2.015758814048989045e+00
1.279014443800219425e+01
8.246179121398787615e+00
2.036401652213281466e+01
1.058192691611862735e+01
2.875923479715417397e+00
8.526686512531913564e+00
3.172500867720610884e+01
8.323898015681074014e+00
4.068602540474316243e+01
2.775039802962448832e+01
1.456683853794837091e+01
1.195671072117935907e+01
1.305195059048180362e+01
1.413485365825982676e+01
3.577778677992876855e+00
1.265480067386083896e+01
1.088384519284066343e+01
4.717677320875864666e+00
1.172936649347056637e+01
4.244689036722550668e+01
1.578592443990746297e+01
5.139981914562659959e+00
4.184553417452979041e+00
8.287492184622148983e+00
5.624354766512571047e+00
5.544881270490401803e+00
2.011735932828807805e+01
4.295189063271151575e+00
2.886678018442939475e+00
5.803655925294560092e+01
5.455339776273505947e+01
1.372766062338553361e+00
2.939772311170341723e+01
1.007544886646587514e+02
3.272149423185306549e+00
4.443457054263942219e+00
5.417243631388340752e+00
1.513641082880680599e+01
7.537409202827002552e+00
1.165006008515081604e+01
1.203002474974465308e+01
8.482567182036371278e+00
2.421874562383159102e+01
9.720321528344111783e+00
5.702064778222887753e+01
1.045060803897438717e+01
9.815047694111983745e+00
8.447044276707563526e+00
2.862453513267390548e+01
1.919048708377471968e+01
1.249173519042724578e+01
7.018965396609655016e+00
5.941801344709708665e+00
5.923823187809306745e+01
1.270734706519636426e+01
1.568238300995732715e+01
1.943632347650859771e+01
1.009191690428595933e+01
5.576500210496627474e+00
1.872794807471239276e+00
4.330556176258364864e+00
3.664743149319042104e+00
2.114278271319503233e+01
2.644822143874074172e+01
2.076975664650193210e+01
7.721374091441722598e+00
5.734213834426518552e+00
1.982560040578114524e+01
6.501405305991725392e+00
1.377238159242730831e+01
2.707598047005829756e+01
5.544972721593764931e+01
5.768101577605895258e+00
6.970754618652391876e+00
1.466510077662461775e+01
2.810151731157885280e+01
1.782381822880781286e+00
4.945501609361696360e+00
1.173710039765534852e+01
