2.603993736160400729e+01
4.576585177345221211e+01
1.446913828225828702e+01
5.958742371467418053e+01
4.359912777106143444e+00
6.222150157506482060e+01
1.258346872429910412e+01
4.041815911501247527e+00
1.541368312095775117e+01
7.667891284668033158e+00
1.779663158864571315e+01
1.930468989829445148e+00
1.450209434919009155e+01
1.202646634710802687e+02
1.854961161562164307e+01
7.044715646158659972e+00
2.877942748130108530e+00
5.101226121880899633e+00
6.145208861686573876e+00
2.827374339443613938e+00
1.732083676082586976e+01
1.333610965387004121e+01
8.658662614702270943e+00
7.040637041848049726e+00
3.357334571973746851e+00
4.691237170013258861e+01
1.778020747694888826e+01
2.174510482450875415e+01
1.524151640429615995e+01
1.076745273789130408e+01
6.969567795561373735e+00
2.108823716835814466e+01
1.746684046347044372e+01
1.304356150608846221e+01
7.780382965147779828e+00
2.334042568585396271e+00
9.226039739587669430e+00
2.562513848771094871e+01
1.430166597709941101e+01
2.797970569284752784e+01
4.846346592106213080e+01
1.883320781684522416e+01
1.332766828162975159e+01
1.406951607059534837e+01
4.282890291717596831e+00
9.434137307442842513e+00
2.314665665747507006e+01
7.432744735327239560e+00
6.436085205911980189e+00
8.225504942798881558e+00
1.923017502274330681e+01
2.862046182640794711e+01
1.722009260769815242e+01
4.673655805696270704e+00
8.927017374134168293e+00
1.482208812647803420e+01
3.760477693050256143e+00
8.858091796368524840e+00
2.574280456258862060e+01
1.372685055169210067e+01
6.245148865007329242e+00
6.184753555518641832e+01
2.088555773673750338e+01
1.666705199458137798e+01
1.137486483844348939e+01
2.954351629653608313e+00
1.253463330962900990e+01
1.098963731360464102e+01
6.750087044697115068e+00
7.506498519489632315e+00
4.944696296514935696e+00
2.806853623060062830e+01
1.153358316907656800e+01
1.904833241044234571e+00
4.683813313312058746e+00
5.546158224888717569e+01
1.872282411729923712e+00
2.020510741186448911e+01
2.188591058754163754e+01
2.026378369885808084e+01
4.569238699833326756e+00
1.528304787113696328e+00
3.751041630032356355e+00
2.049472473456117427e+01
1.222092448581563140e+01
3.968882420564133096e+00
3.136080306371699766e+00
1.019941682419999829e+01
1.094789910645477171e+01
4.751148168551226014e+00
1.073931484005735193e+01
2.337582784774445699e+01
1.527427670470959953e+01
5.616960012543676939e+00
2.159903037369680234e+01
1.851823995162989789e+01
2.809036317826961504e+00
4.494047560358621851e+00
1.054631067459054439e+00
2.276174975765486863e+01
1.837995113855839335e+01
3.743608377298492940e+01
5.257707583967103204e+01
8.045341563323436418e+00
1.224884101049508800e+01
1.761705020133597088e+01
3.079335058112769019e+01
2.482668280578600228e+00
1.181645890469962268e+01
1.022317235813505576e+01
1.252741936492778230e+01
3.730215448244791787e+00
4.124814424631134813e+01
9.989842296749888106e+00
4.539843962552505729e+01
1.720389692002715165e+01
3.987414651240395358e+01
1.211887638086222374e+01
1.017367097327168146e+01
1.466137281977083973e+01
2.836868985345497762e+01
1.223449606234382081e+01
4.504878703152489727e+00
1.844908625556598025e+01
1.934994393029120729e+01
1.241040661237221876e+01
1.104233847543824254e+01
4.850740579741358083e+00
1.302351818846030085e+01
1.007352247308481985e+01
6.345805388273279668e+00
4.525521276874885146e+00
6.499011237801139984e+00
1.077539152070247042e+01
1.251636960258980835e+01
1.714406215246811627e+01
1.530378740677628180e+01
1.939632190998566230e+01
1.583982563884968542e+01
1.417293182960168529e+01
7.429442258910230912e+00
2.202290466592902174e+00
2.274333586784657246e+00
1.219455980920085381e+01
2.983985208979408554e+01
2.016096268513170031e+01
8.246366020788251205e+00
4.371457629948576340e+00
4.706148746276570449e+01
2.347489268424958553e+01
2.554880534451904595e+01
1.333239336424814958e+01
5.400349392122405057e+00
1.196655900612005397e+01
1.391224519886192823e+01
4.918708526430678241e+00
1.088956472674713716e+01
3.975188482890696928e+00
2.146182195538319704e+01
1.268506731979757607e+00
1.102988283885530230e+01
2.371070225743547510e+01
1.592293607770006680e+01
3.761138473786109415e+01
1.572932690156972058e+01
1.054384306471164301e+01
7.010257963916469492e+00
1.270021069377525436e+01
1.549517996987174939e+01
8.750726906390342563e+00
6.298707101429520172e+00
2.007862615229597303e+00
8.139743039225197663e+01
7.193433439892119807e+00
5.302204067761332595e+01
6.334171484729452573e+00
4.352577865196938944e+01
2.860708302679271675e+00
1.168663860843630387e+00
1.571383484171873413e+01
9.492072290061139839e+00
2.765728883623740231e+01
2.718972863751730173e+01
4.323912700628660843e+01
2.223377788273298705e+01
1.695299809024373872e+01
6.702339938949190667e+00
2.000496119653566751e+01
3.488374556735320819e+00
7.083295758501311212e+00
4.335715005576965808e+01
1.947219865656875371e+01
1.221496901292138837e+00
6.790822932077960949e+00
1.628708936632147442e+01
4.849344043152147954e+00
4.770748393983277680e+01
2.770908100197902257e+01
4.430168235798439547e+00
1.368116837755539450e+01
1.811008922832625956e+01
1.791997852903314836e+01
7.048814704519973162e+00
3.363917849807411820e+00
2.788575035301480298e+01
9.973918004608647436e+01
4.220161839277708538e+01
6.040306628096166364e+00
1.961519929986294741e+01
2.036874272333617242e+01
7.280189371141801757e+01
1.877900199047235574e+01
2.532152282088124906e+01
4.014181635175776641e+00
1.596070827867950470e+01
1.695391774861147027e+01
4.275520454168389506e+01
1.911285933653740088e+01
2.517857914872765779e+00
2.799752139242385596e+01
1.924604384292047143e+01
1.813735680278174556e+01
1.848714616659847465e+01
3.497367240070714978e+00
3.948532674243519835e+00
2.015004141488089484e+00
7.737619705834371864e+00
1.278479340414129162e+01
6.567545088544682130e+01
8.180134959621019775e+00
1.456173023688163326e+01
3.644167926027496662e+01
1.599395199521995536e+01
5.807684052894376059e+00
2.626112451433297323e+01
3.618008917887667764e+01
1.997544587776233982e+01
8.609578660586764798e+00
1.221572911162685493e+01
1.467333499352912796e+00
1.253719420579340671e+01
5.348956109279366267e+00
1.038146708516762828e+01
3.942863445765274033e+00
1.791331829054576019e+01
5.862256268403787551e+00
3.238620299353731014e+01
1.264531746617649510e+01
3.952956319679391761e+00
1.239888860805116444e+01
1.118002828258739179e+01
1.692062519555025446e+01
2.289221080186945656e+01
3.401759832179171106e+00
5.186622006824575415e+00
3.009406194655996103e+01
7.167687529309332284e+00
7.099301343239413598e+01
4.905924438201825666e+01
1.453197295111130316e+01
5.284554903310148433e+00
4.487517663402866219e+01
5.467504011534027342e+01
1.577535471396196876e+01
1.524460305098965840e+01
1.025574754614000916e+01
8.704221457840407794e+00
2.769539441410675096e+00
6.936615951455419093e+00
3.019787098517446200e+00
2.474742549332790276e+01
1.290008370009472287e+02
7.227396074564675033e+00
6.440552606789289314e+00
3.305942082107726776e+00
1.611968255728942268e+01
4.637696272046374801e+00
6.215732863391757235e+00
4.845780495625084505e+00
1.427072535541829623e+01
2.099252231383774259e+01
1.312062094289171377e+01
1.232406275235382864e+01
4.772804027379481617e+00
4.804147560568793551e+00
1.568549636259891145e+01
2.112232968459026239e+01
2.645298489927180086e+00
1.681912642649603029e+01
1.003971331501258213e+01
1.582426871656798539e+01
6.863978337398649820e+00
1.751256583507534614e+01
1.762735128552972341e+01
4.735006088724697193e+00
3.029453715994475882e+00
1.791567477233141048e+01
2.201013045117936429e+01
2.171611940455423451e+01
1.810876922434490055e+01
1.776456065421633923e+01
1.766110834675213681e+01
3.922679950125040449e+01
4.551096566779215813e+00
8.504766173754292780e+00
1.402181154298975052e+01
8.586689335534298806e+00
3.087157956391079949e+01
2.244850682811512499e+01
1.248168813454312875e+01
8.490361644521097872e+00
4.135044490165771691e+00
1.658319287585404922e+01
2.371300130759755831e+01
4.434086320196202635e+00
2.365115902234024503e+01
1.981401218872137093e+01
1.044057028346247407e+01
9.683825857636362500e+00
7.281553114377025793e+00
7.205237546194957154e+00
2.274124546291297122e+01
1.257683198133772251e+01
2.732247145603996330e+01
9.024385392963734986e+00
2.986904709238242717e+01
2.612296416591910031e+01
3.995451778869004045e+01
2.963144037975663991e+01
1.265645804405632679e+00
2.947386512719326035e+01
1.405707268285097911e+01
1.903031179053884614e+01
5.748541362020191059e+00
8.620202028770847846e+00
3.486580424307246240e+00
4.236275313618454419e+01
6.180827421996486493e+00
1.062880466317469974e+01
2.347443797052004122e+00
3.191232541720606442e+00
5.852839271507025387e+01
4.925424354993938891e+01
1.117191408212853077e+01
2.350926944121014728e+01
1.267346154571760586e+01
4.508956466619913783e+01
2.759740076035231837e+01
2.777087973943600119e+01
8.289352093566904500e+00
2.465725573827642592e+01
1.582770624155608630e+01
7.534674243773912039e+00
1.137074357310684825e+01
7.747120340008056161e+00
3.192890341692660172e+00
4.527467609608033072e+00
2.696678405273642554e+00
3.481511719402871563e+01
5.695682451080052111e+00
8.000794068492323774e+00
9.604238645585455814e+00
3.961834762415584521e+01
4.358109806190598334e+01
4.633797033420358247e+01
3.855850815760951900e+00
1.036995625150911771e+01
3.506592848268733320e+01
3.607073119405502837e+01
1.895724583788634954e+00
1.786484112842568805e+01
1.756927075248649217e+01
4.693701174616014882e+00
1.201497530738332209e+01
2.076756744472868021e+01
3.282333639866983344e+00
1.866114242180668370e+01
1.769850504466099039e+01
1.550566155707140581e+01
9.052062105756185417e+00
1.790780120443398182e+00
4.557457035549479230e+01
1.425852565643006997e+01
1.420523390479988635e+01
1.243403415160107883e+01
2.623907273999722634e+01
1.190944057830706004e+00
1.004035800414154345e+01
1.352289778041924073e+01
1.308811709535087964e+01
2.424262612720643251e+00
3.003280899763468170e+01
4.818898646780152895e+00
1.191467940156536010e+01
1.975991526268527565e+01
2.925154371159714106e+00
1.709823853547618455e+01
1.219618159410819480e+01
4.297877939352977705e+01
1.936224777167108613e+01
6.330044865965997580e+00
3.449684613562858004e+01
8.078274267173334522e+01
4.055173902648933293e+00
1.174985244148350105e+01
1.768977307370739638e+01
2.496875790523672123e+01
1.158291723643167259e+01
5.918095993718363701e+00
1.761682105308321056e+01
1.126402110417463476e+01
1.511831768073809279e+01
3.209138743604693200e+00
3.936420503956758576e+00
1.152685863167780944e+01
1.028996515972277592e+01
8.253033021520915113e+00
3.698280431825769909e+01
1.404261200891492090e+00
3.139174451806109989e+00
4.453751631263327937e+01
1.165631669251554037e+01
5.601933810306652717e+00
1.183670499282956285e+02
7.467932113254950544e+00
7.109407377926999061e+01
1.714638666977926817e+01
2.558234247337533063e+01
8.007515990076926826e+00
2.121347926764722303e+01
5.354300483581386771e+00
2.748759917208227321e+01
2.211348594111144905e+01
1.606919061627812439e+01
1.053488379028253341e+01
9.528648209697953675e+00
1.589368034565125498e+01
7.205992014865140050e+01
1.375196030719269658e+01
2.760924353998112313e+00
1.849115387312996361e+01
2.003657686477094657e+01
1.580581162022765795e+01
6.483051040585809055e+00
6.246318394886597680e+00
8.266483012502780170e+00
1.564535962992933449e+01
1.350504545034624648e+01
3.421972488434325044e+01
2.191446015459577978e+01
6.151010101000415453e+00
8.454898507285292908e+00
9.817863448463665321e+00
1.119387324895359370e+01
6.799097888908960385e+00
2.376902694360753188e+01
7.635506555075172841e+00
6.207474984795505968e+00
8.387669162323742711e+00
8.426128245478305701e+01
1.025419263549151871e+01
7.208935600924372800e+00
7.616892893283941923e+00
4.351283320328565907e+00
1.714393247412952803e+01
2.143661344853835260e+01
3.381085855632422010e+01
2.019718098361018122e+01
1.952807938677782573e+01
9.042900382524692304e+00
2.419705511921043239e+01
2.018319908198590085e+01
2.153553420492380255e+01
5.808742936492150477e+01
1.510671005396510447e+00
2.188564805678455372e+01
1.184583157524995123e+01
1.143051295624746544e+01
7.149555746969164183e+00
1.510308115618710545e+01
5.977585970926599934e+00
2.872390562657766822e+01
8.715000823092893256e+00
5.554227836536699492e+00
3.957567483359183313e+01
2.783614470871444269e+01
1.430509135701322698e+01
4.101042156593824650e+00
2.054403456519622395e+01
1.504103523505269457e+01
8.935943036392499650e+00
2.233281878661377107e+01
9.606491872478878591e+00
7.577804572301659825e+00
4.485182828591252502e+00
1.037328226166111200e+01
2.879025762517050069e+01
8.571742652463639089e+00
1.547316902119585613e+01
9.317936613509239407e+00
2.338600932577517000e+01
