2.106538812436537711e+01
4.278296677123152314e+00
1.586247114058672025e+01
1.154780631405802538e+01
9.170508818536539763e+00
5.721286767979296428e+01
7.751186629803973993e+00
6.790138327543718155e+00
1.646906439675140987e+01
7.692931938460858987e+00
1.183603294980543374e+01
1.039993278964383627e+01
1.795299241906502274e+01
2.308435873469537114e+01
1.911862230771477300e+01
1.732864337075375971e+01
1.937290900787161263e+01
7.819610285736763089e+00
1.763282345889285807e+01
1.480570237425611708e+02
3.889947591020371931e+01
5.153815048078527639e+01
1.052692085310658676e+01
9.434879812316207648e+00
1.504158812786888966e+01
9.712092478549724461e+00
2.037117815626738704e+01
6.635503648098101337e+00
2.272187500860508536e+01
1.363113055621292879e+01
1.858840366301479108e+01
1.756785305550499388e+01
1.076649490764154748e+01
9.927617229920489450e+00
2.303132849132881788e+01
4.371110420288314202e+01
1.250389253575479209e+01
4.867095924300289589e+00
1.216981643749241648e+01
1.335323569706120495e+01
2.071677373925167842e+01
9.221235554865138795e+00
1.574029833562046221e+01
2.055916778681621082e+01
2.491893120311157261e+01
3.767842261531271220e+01
4.782290953671041223e+01
8.909160872943450826e+00
2.396111814189056588e+01
2.062386049292338441e+01
3.385654800683406052e+01
7.739772677736756634e+01
2.067463460872098580e+01
1.419060485757253964e+01
6.282592456587383367e+01
1.836973602718098064e+01
6.388441688350351200e+00
1.493880609321350939e+01
3.901426545239693233e+00
1.707064832501317753e+01
6.537500907198354128e+01
2.363893141803826836e+01
6.360902836241466929e+01
7.940475238273378977e+00
1.110251835386088537e+01
1.764979482023877466e+01
3.089491825377779932e+01
2.431767904074800413e+01
1.339919730164703537e+01
1.168098759248855600e+01
5.839181399283936535e+00
2.937568872528308361e+01
9.928079613172673845e+00
8.293158169045462103e+00
3.738012766746924598e+01
1.914430429893703689e+01
7.242360153140683821e+00
3.345339697682276636e+01
2.049909109190619816e+01
1.689534263462144281e+01
1.872742453909269500e+01
4.237355194124500457e+01
3.564567490849508857e+01
3.902499081929924074e+01
6.404185995884107641e+00
2.122933230898029322e+01
3.412983621008715573e+01
1.433522717454366813e+01
3.330016593932393931e+01
1.655894749264672683e+01
9.024954361596241981e+00
2.871388618469980258e+01
2.593668806356105350e+01
2.624459900285145153e+01
2.188066015258668529e+01
2.034850229816411016e+01
1.918358044885127001e+01
1.290143606284102162e+01
4.577231979899374892e+01
9.859336189797016203e+00
1.715546522475328928e+01
1.681971823265087096e+01
2.069543572741149262e+01
1.387884569237629506e+01
9.404477271236229896e+00
8.591264359415852425e+00
4.920129271894325029e+01
1.217646258830239780e+01
1.671335829890309554e+01
2.925566509694256823e+01
1.972728500279677988e+01
1.150332756523879496e+01
1.169974848891142116e+01
1.246079021614449722e+01
3.207992422625109441e+01
8.653941118879762584e+00
2.129768898064451577e+01
1.000685985596117078e+01
1.326138317084897551e+02
1.665489476326303020e+01
1.327331868217489941e+01
1.396107760871747594e+01
4.268839259608412817e+01
6.286983563797162056e+00
8.604582088990213151e+00
1.096926281283805693e+01
1.650475603727912244e+01
1.415417789107902991e+01
6.507565374845893480e+00
1.123590691301194155e+01
2.112474163896740009e+01
1.008017742753919421e+01
4.391597960950632284e+01
3.671106392211721925e+01
7.843937954078302965e+00
1.020358434211992282e+01
9.878621529480543728e+00
2.646753334095901877e+01
9.343684824982624093e+00
4.716664686700731579e+01
8.567467122192260476e+00
3.364280523906764131e+01
6.027038764376170832e+01
4.325357526612550174e+01
2.893612452031036852e+01
2.015804998756053834e+01
2.106552554151931034e+01
2.048099889760872827e+01
7.242230061486731429e+00
1.290035116449223196e+01
1.536901152298563034e+01
1.540637156267065855e+01
1.577864115536510603e+01
8.053420957456062013e+00
2.582069656246891043e+01
2.932891599481394351e+01
6.011670497214369391e+01
2.216801698528762543e+01
2.715642940404259775e+01
8.737508616651195936e+00
4.883361968940860010e+01
6.494042085176545243e+01
7.208784994397735346e+00
1.641880880320767133e+01
2.531861973465244020e+01
1.493953462371787388e+01
2.479306102794453182e+01
9.056314571012435977e+00
4.106694001015996776e+01
1.979350327158876865e+01
2.279110213323201961e+01
2.814662431192424918e+01
5.762401756583291501e+01
1.245546599967062384e+01
7.259277519704058435e+00
1.456164673857943725e+01
8.996594354864987153e+00
1.698417338960894796e+01
2.461921324048953608e+01
1.370112722400859973e+01
2.483501787165679175e+01
1.162700921385452801e+01
1.845283520672335342e+01
5.232439395051938114e+00
2.392974490090364981e+01
1.943495011370546521e+01
8.074877884340804002e+00
7.954311541160942056e+01
1.148925575405407784e+01
4.249148324509818764e+01
3.760673103832232300e+01
2.242637340745292818e+01
2.349255526945627892e+01
2.835659897437496113e+01
1.323364676971130827e+01
5.477039888667143863e+00
1.868779406679594857e+01
2.990483779463423630e+01
2.339587027680835973e+01
1.351788990091121612e+01
1.001211149880670526e+01
1.774041529639534076e+01
8.035314785997233145e+00
5.801807738178561102e+00
2.487252515339361736e+01
2.678192299275292498e+01
2.224238992566099071e+01
1.127808431611041762e+01
1.202765441542821101e+01
1.507895142715550385e+01
2.779836428961466410e+01
2.509309147483619640e+01
3.222091844452658904e+01
1.023570351399119716e+01
1.115626941667654748e+01
1.036363263544680180e+01
6.892293782429530324e+01
1.593854222498228168e+01
1.987819387452412201e+01
3.697482734010886674e+01
5.770093112123795720e+01
1.499675212969633620e+01
9.644407508954982688e+01
2.262500668477032661e+01
2.459308316018874230e+00
5.814756077180585514e+00
1.224092887936122231e+01
1.842480402360381930e+01
1.446205895477206838e+01
1.665193089766680146e+01
4.413451426772861907e+01
2.538920657664316138e+01
2.127487525032713833e+01
4.399164399966443284e+01
1.657164188434701657e+01
1.008777508875154183e+01
1.905360757570056052e+01
2.075898384622322723e+01
1.799362029278655939e+01
1.244115446076314235e+01
1.483428305099497990e+01
1.696109268777127710e+01
2.413987870878317210e+01
1.191906910041732104e+01
7.088916921269310478e+01
1.088316384167605477e+01
5.318763023507966636e+01
3.337904538132165300e+01
2.004200671562949410e+01
4.767118679231628420e+01
1.136853355124524789e+01
1.211307958781749683e+01
1.392701642769875647e+01
6.222064046750055155e+01
8.724783393859141256e+00
4.283250539399839241e+00
2.871757633556623546e+01
9.967979858438965834e+00
1.654922482559911856e+01
1.980467181615984984e+01
1.366443078792212695e+01
1.707194597095881150e+01
1.357272300643877294e+01
2.395264208777170367e+01
1.654204503758228029e+01
8.294883678253789583e+00
3.890654502288523986e+01
1.161878203730785586e+01
1.817368808707198724e+01
2.037860621614796628e+02
6.863408540334477337e+00
3.468044763100558470e+01
2.582877360366960318e+01
2.293160465405432902e+01
6.572850882018616225e+00
2.491080283754591917e+01
1.437971211069929645e+01
2.316925251266957630e+01
1.094165413239033313e+01
9.662946970694244797e+00
1.290499144149122301e+01
6.714596163824093367e+01
2.107611573148601281e+01
7.580110704455766069e+00
3.091558310560957068e+01
3.236232486481314652e+01
1.177935277886088272e+01
1.401950337121014023e+01
2.635029486880114291e+01
2.322838672690545181e+01
1.554256204827437848e+01
2.542540732639342238e+01
3.790180304697693714e+01
1.276963566481575008e+01
1.155962524442894690e+01
2.252014212725859466e+01
6.276594680972903717e+01
7.445353013240094242e+00
2.591722623869152287e+01
1.836069353267834359e+01
1.656181851886093881e+01
9.917731813742966196e+00
1.067213870958081543e+02
2.800061562864318532e+01
2.218413648159524598e+01
2.039345050749189525e+01
3.499309495094335887e+01
3.794886319446675316e+01
1.249403958396295522e+01
5.809831207686843868e+01
2.125906879263562033e+01
1.577171755171617562e+01
5.487468993342880452e+01
9.254917228446908339e+00
8.271510153391341547e+00
1.522123845952125798e+01
2.264836519313452357e+01
1.998987011868250363e+01
1.927124582041185619e+01
1.152859853978373117e+01
4.997496066453006591e+01
3.604445349453824576e+01
1.375987199290307039e+01
1.403272518177197803e+01
2.872665858059313848e+01
2.514579290231821140e+00
1.754026823717578409e+01
7.756979882717131147e+01
8.032616050028556387e+00
1.307087645674608289e+01
2.074831400439098061e+01
1.778640763049890694e+01
2.679122866193880625e+01
5.990507573455348123e+00
3.295419422168497903e+01
7.085369407123047836e+01
1.540899667061755807e+01
1.290509983470353994e+01
7.253475106492119551e+01
2.494397122089527130e+01
7.623446007377745914e+00
1.618963348516850331e+01
7.160901908093316059e+00
1.536682125450805358e+01
1.107795666666609975e+02
8.129292668016471879e+00
2.204384290212387398e+01
2.342655656534232733e+01
2.461858452293286348e+01
8.129804832679926108e+01
6.529936147722784767e+01
5.174451927057657485e+01
6.316777430893846912e+01
1.369222136022555958e+01
2.864310593129161830e+01
1.446348720970610913e+01
1.410985726679963470e+01
3.202804475812936147e+01
1.927968486976581630e+01
2.829053954173927465e+01
2.002320771653791098e+01
2.496304559139952062e+01
2.697424773431437828e+01
1.509547498975392799e+01
1.064270718054083709e+01
6.353060830263380865e+01
1.246304310989677155e+01
1.860732665376457362e+01
2.808931553584070429e+01
1.088304577633440395e+01
1.104210113939639193e+01
1.916573768654856025e+01
1.865102834011722877e+01
2.764345851996569081e+01
3.374192333144608646e+00
4.345862258488059382e+01
4.909029386324471389e+00
2.365009180103880837e+01
5.579072419150533868e+00
1.309603648204486426e+01
9.517217066802095005e+00
8.626255399272690028e+00
2.656026162620213782e+01
2.347706467557945231e+01
2.378071674422975690e+01
9.354740656862894355e+00
3.298004612620869125e+01
1.263565894310506721e+01
3.136748045915271277e+01
9.742695917581713161e+01
3.455535458588394704e+01
2.042976347524453118e+01
9.383821445971742392e+00
3.029905931772956862e+01
1.500982051077976998e+01
3.021508598903454512e+01
2.952317726654610297e+01
1.110235127326743196e+02
2.837679767214004301e+01
2.600614941035392746e+01
1.024309140894461834e+01
2.072481355935188674e+01
7.211116695603618787e+00
5.275604070817037972e+00
4.134985502705679039e+01
6.608124369554262501e+01
4.499071429134255595e+01
4.656000805037933787e+01
2.558803404349789190e+01
3.754732136691085742e+01
4.301348824134319671e+01
6.374437054902285738e+00
9.459196370805216247e+00
2.556920037021756187e+01
1.216558369023359276e+01
2.983034144459349335e+01
6.641253048107225254e+01
3.620708832760189466e+01
2.691079050364949765e+01
1.632392014361006005e+01
1.322527070778109248e+01
4.179736636448902232e+01
1.213829838134425465e+01
1.629377345793429299e+01
3.123870864216606691e+01
1.462808795012953489e+01
2.882130594813900970e+01
1.123541558982712907e+01
3.317459738756561904e+01
1.034103174136192571e+01
9.250714699352768022e+00
4.563829777710651570e+00
1.044555999102335164e+01
7.636226596708593206e+01
3.933386622660772503e+01
8.176476302525884421e+00
1.471209875650113474e+01
1.453091777062000389e+01
5.350240885942761793e+01
2.705507767205164882e+01
1.659142480348191739e+01
1.000909795331131846e+01
3.824191533817760558e+01
1.087098134309714936e+01
9.233147976019038694e+00
3.105969667340510654e+01
1.024093573694017500e+01
1.639279861771630564e+01
3.975173200988820099e+01
2.529609713580475372e+01
6.603616655542917435e+00
2.194101562779745507e+01
1.145982710430639884e+01
5.996364487659249676e+01
1.438056211235645065e+01
5.318144989722992477e+01
7.854292275633178555e+00
4.047231009255477829e+01
1.200969230630964724e+01
1.366042883901898897e+01
1.005799153433936866e+01
8.173419145725436152e+00
1.013567199663444462e+01
5.373702057158859624e+00
3.081111349007724698e+01
4.839424324684495105e+01
3.939190346811977150e+01
1.717516593290237736e+01
1.644798132475809993e+01
2.664913231796476722e+01
1.070830067629054838e+01
8.373346812890378743e+00
1.156853081352918977e+01
1.958776586231915573e+01
8.974462211952165092e+00
4.334691061519944100e+01
1.485750863076895456e+01
3.119371764186538609e+00
2.996045449008173023e+01
1.014624399674377742e+01
2.125086049095532914e+01
7.457321417152072307e+00
7.586948902063944011e+00
3.539031682951498503e+00
6.149239056888416322e+00
6.953327286684714892e+00
8.388542687562695832e+00
6.858870995792091918e+00
1.273325651176058670e+01
1.224502444901146170e+01
2.515359013566193269e+01
4.383256025491891705e+01
2.056549713341168228e+01
3.526197977021026730e+01
1.212063990436441863e+01
2.504355861885125734e+01
1.945987390985967025e+01
1.172195741361446508e+01
3.136259184875626715e+00
1.084431695279445762e+01
1.825155054841957281e+01
