1.645036861349330692e+01
1.629974554191009162e+01
6.509027513618228511e+00
9.303766940590928414e+01
5.672290678108337403e+01
1.580970433193303393e+01
1.317474058702740436e+01
3.143567791212752738e+01
3.234209911746989263e+01
1.612658246927155758e+01
5.101716416132808973e+01
4.341646995167210576e+01
1.211576533221273166e+01
5.111236491779210667e+01
4.925011593854770275e+00
9.568628501339565773e+00
3.367027649617158147e+01
1.372893280685275386e+01
2.208483246695659119e+01
4.247878403766906530e+01
6.668181282724904513e+00
2.407509983491282313e+01
1.948762097694579154e+01
2.349718344453472696e+01
1.320167991811819519e+01
2.014862921272656138e+01
4.467328360087041261e+01
2.254138583560369469e+01
8.669417720238966396e+00
1.640947180402475780e+01
3.792875262366732159e+01
2.560031092143158205e+01
1.083488941397522787e+01
3.499435929299418291e+01
1.671040559810331416e+01
1.348241406289564104e+01
2.790738168542860720e+01
2.023102023701862962e+01
1.839131272941891027e+01
6.167017351670711633e+00
2.910147115832507936e+01
2.920617052934487745e+01
4.518578305736209444e+01
8.972275357449497335e+00
7.579354409909243806e+00
5.945074427935532668e+01
4.054060885502813960e+01
1.319727494003984347e+01
1.154582162406443402e+01
2.817739418298438991e+01
3.188697817662110268e+01
5.180319313288492822e+01
4.799944257647595691e+01
6.383896423772272755e+01
7.338429553668946781e+00
3.448566311660104589e+01
2.247924516346600399e+01
1.184526846628451047e+01
1.849557487736531058e+01
9.513925211791988801e+00
2.951718954068353185e+01
1.360705889107891053e+01
4.924089333129774815e+01
2.833712620033540119e+01
1.079450918881715182e+01
1.864031098899641847e+01
8.846744516550189985e+01
2.182807055665583817e+01
3.093767730994449394e+01
8.988677507527782495e+00
1.699880225216294605e+01
2.025623719135734291e+01
7.755525857434339088e+00
1.829946518580090498e+01
2.404367419879980972e+01
3.055052693856121238e+01
2.990743913549540167e+01
3.226442262677318951e+01
3.492581874001552933e+01
8.793049157697854668e+00
1.425378405244094893e+01
3.254271320891109553e+01
2.699689582515494379e+01
1.103528442064299142e+01
9.774538145017002577e+00
1.373990153096933930e+01
2.398200367789146625e+01
2.333393518692309954e+01
1.967399240999383991e+01
4.590856901265461687e+01
3.564855887689104463e+01
1.848759924444127378e+01
1.393720565243501319e+01
1.608520402913336156e+01
3.811467010732197735e+01
6.210087507245426686e+00
1.230007978953867998e+01
2.528136289520216806e+01
2.133306282306292445e+01
1.726029211415634279e+01
1.533338723524554581e+01
2.094450372749103906e+01
5.019228472867850144e+01
1.874107647541008603e+01
3.880943111360642206e+01
8.927626400920730987e+01
2.776806924424015932e+01
1.396454022830151231e+01
2.336484013271251570e+01
7.528127933078921252e+00
1.103360261246527330e+01
2.760505632739829807e+01
1.228523863601740196e+01
1.929065368432826943e+01
2.708335912834893477e+01
2.610787803637926530e+01
2.998356414267751191e+01
8.283653043050286158e+00
3.259114938434488096e+01
2.949790800709667593e+01
2.998804338642757727e+01
1.852441904435566045e+01
2.956743779982427611e+01
3.998818303444718936e+01
1.723801042075420753e+01
4.950436895456884656e+01
9.547210334674540277e+00
1.802955062785542495e+01
1.226903158728038079e+01
7.542429184492836391e+00
2.245260144744161579e+01
2.468072528520647424e+01
1.358907954777840921e+01
1.124429046198490489e+01
1.682784366590711045e+01
3.084536330298774587e+01
2.121386622611380091e+01
2.822440907012919453e+01
1.833005130369150848e+01
1.936597567315179091e+01
2.309012964179056837e+01
2.342806097181568603e+01
7.754568586506057848e+00
1.206457778229211364e+01
9.967914552574967502e+01
3.322891999166652255e+01
3.242161309731252317e+01
4.087550657020747735e+01
1.697316210743482756e+01
1.802044125620745518e+01
2.071333794647323856e+01
1.784038204130257554e+01
6.463072718515104498e+01
1.163757256036615750e+01
1.131929351840696008e+01
3.644445580575104060e+01
2.507582920227162759e+01
3.088529228592146580e+01
3.890411010706892370e+01
2.420750431072056585e+01
1.566068733492003417e+01
4.243982615011911719e+01
4.657596939517492274e+01
4.289504322925268553e+01
2.605398537387398861e+01
3.395551210599680303e+01
2.705395417070429076e+01
3.692325041690016718e+01
4.766137470974295098e+01
1.296604114291437071e+01
2.990755487366777743e+01
2.174242453944206233e+01
1.943854650084924529e+01
4.119295147419268943e+01
1.487224129149578289e+01
2.283337512213860521e+01
1.446614393705981882e+01
8.930055740219142280e+00
1.489578584977002507e+01
1.873454964257821231e+01
2.868480226689553803e+01
2.260370350027894659e+01
2.291261990983990060e+01
1.343748792932729508e+01
8.760984369178515863e+01
1.174897488027052894e+01
8.128378081030623648e+00
1.419502042438702460e+01
4.501531567573041315e+01
1.150808399312938768e+01
2.549607935693641991e+01
1.573585176291785181e+01
1.257038719751207800e+01
2.580557795360113360e+01
2.010677490470851581e+01
2.333483237880901839e+01
1.385178759717904384e+01
9.091950427791690714e+00
3.257176052113040754e+01
1.430658706081758069e+01
2.266065645664223993e+01
1.000344422367412811e+01
2.685718705367183290e+01
2.420820357606246986e+01
1.115061413160994519e+01
1.868812275992656069e+01
2.124335139914178683e+01
1.561406649089269827e+01
2.445173423179808125e+01
1.951397561513597978e+01
6.915418916775061042e+00
1.792125283849447470e+01
1.578590302085937758e+01
1.049966202071161092e+01
1.652305081421572908e+01
6.973930271600345954e+00
1.514520403942804094e+01
2.828354530384996224e+01
3.337217062798676892e+01
2.458896213758561800e+01
3.774635356908113692e+01
1.188269716416704114e+01
2.541027436893782365e+01
4.687590580887101765e+01
1.288602498332181412e+01
1.849684329076678679e+01
1.993396981054087647e+01
1.676186371403431963e+01
1.110817551116898017e+01
2.642424770612439389e+01
3.713822593614624878e+01
2.121438852088335736e+01
3.304295052764658891e+01
2.156314269056309740e+01
2.858406721399208195e+01
5.701938177574888300e+01
2.613499236663394143e+01
2.087347872187504549e+01
3.108881672185743383e+01
3.757575391914642893e+01
1.721657445980055456e+01
1.126007538624525495e+01
2.639189018625403449e+01
1.345755782138512124e+01
2.249347399829438032e+01
1.030662276901169783e+01
5.208036814109603618e+00
2.060955136477696215e+01
2.517045184405102631e+01
1.335057138014487421e+01
2.677696252378305886e+01
2.188831590853897069e+01
8.611056829538677349e+00
6.805849338240265389e+00
3.647457034883570515e+01
4.010313330986792124e+01
1.630564370809106833e+01
5.837380691665214272e+01
3.635197801802932815e+01
2.916843182691804870e+01
3.973890202381321757e+01
4.921163060091875963e+01
7.543238453715260050e+01
1.846697679593149743e+01
4.817772816045813045e+01
1.508743274430720582e+01
2.585752604458272685e+01
4.363837373791568552e+01
2.556229497221178093e+01
2.711792654318664120e+01
4.456930413636860067e+01
4.148721234516345646e+01
1.801066203264770138e+01
3.723010323577685909e+01
2.763027500326202102e+01
2.048805055339099113e+01
1.515856791252337743e+01
1.646534653186298769e+01
5.216797325879565506e+01
2.986235210370728765e+01
6.542334096302163005e+01
3.492074834186251309e+01
2.368398776522962024e+01
1.733784158837585210e+01
1.253346186705390686e+01
2.177039364568638646e+01
8.359835733305011729e+00
2.010329447891422916e+01
3.143079120598365606e+01
4.471259860054005486e+01
1.899156474677716488e+01
2.247396112734969975e+01
3.422961634392390806e+01
1.420007208593719028e+01
2.831596624092030012e+01
3.684011477026821524e+01
2.159294039028424095e+01
9.514739596357395968e+00
4.650664846167703814e+01
2.960638102305948394e+01
2.249809727696484529e+01
1.929353140538848876e+01
1.350786491324107708e+01
1.803488952509103171e+01
4.604503198474414916e+01
1.885096371807994231e+01
9.733344421304559901e+00
1.330751892751045418e+01
2.139683039054151692e+01
3.112979831481051463e+01
1.316904598590154407e+01
3.322171690289842871e+01
1.399789696640276837e+01
1.356953762481129644e+01
1.255047854690449149e+01
2.856736073402738540e+01
1.736041307206355100e+01
1.221571832941297409e+01
1.525843215092566041e+01
3.904198352515553694e+01
1.762409821099459251e+01
1.147231151420630724e+01
1.862923133219210925e+01
1.926655833236414139e+01
9.602238851259730978e+00
2.969937920710285084e+01
1.124870139110065814e+01
4.358465568830856540e+01
2.312536974224663666e+01
2.943490908918017013e+01
3.781542113957671347e+01
3.753805049067957356e+01
1.292578408425428549e+01
1.238444197835842786e+01
4.719335452972597977e+01
5.864834035045192451e+01
1.551523070784171665e+01
4.361921556461632576e+01
3.193224823207724228e+01
8.500445774250268371e+00
1.256315359417831878e+01
1.776914051180952825e+01
1.880690788855401507e+01
2.248361128144546583e+01
1.083155239054038255e+01
3.591832281724677500e+01
2.425633149019148149e+01
3.256220712605298218e+01
2.782727090940780101e+01
5.238699042864503497e+01
2.145646254111902707e+01
1.804663727032597365e+01
2.011095071988729188e+01
2.260648265995709494e+01
4.144685437913319959e+01
1.297511001199857006e+01
5.278641886406578010e+01
4.022418660329933005e+01
1.262855990379979332e+01
5.563744643905078391e+01
2.825156349369279951e+01
1.504352461971757826e+01
5.825878825474794809e+01
6.644987492838350818e+01
8.117354658216746088e+01
5.240349423457763578e+01
5.930936120413783641e+01
6.430376349503542599e+01
1.693082698006320896e+01
8.618938950004997324e+00
1.989736801010549527e+01
2.206050935417728098e+01
1.146234906058221448e+01
5.373598422553522269e+00
2.590465200074929086e+01
3.101563735815268430e+01
2.867143760470601066e+01
6.675792604039055789e+01
1.789287241170189446e+01
6.229695846677992677e+01
1.927218404393419604e+01
1.571956242690918870e+01
1.780936933061459726e+01
1.841629832136804623e+01
1.420202851845330372e+01
1.127365455166454566e+01
2.477285004910818955e+01
5.508522858165615332e+01
5.867256384700950633e+01
9.668306538005428052e+00
3.453128217734777650e+01
4.025219522964358987e+01
1.096147134018308833e+01
2.149665066465818342e+01
2.131566300997295116e+01
6.143821476502435530e+01
4.863274211760690946e+01
2.075393294827548729e+01
1.603007501649161526e+01
7.289472382327997479e+01
1.494092992885079951e+01
1.189489945528927173e+01
3.162275822271931958e+01
2.133120098928071329e+01
2.099049271956750218e+01
3.106089945999344337e+01
3.083485178500545842e+01
1.912934623360463249e+01
2.662860996745078523e+01
9.865190013354482090e+00
1.411268323456729945e+01
2.480060445210490983e+01
2.489120702124596107e+01
3.871953836502253665e+01
2.018577676491526773e+01
6.747950146907544244e+00
1.864339927536780905e+01
5.593727916276272083e+01
5.286700006104118188e+01
2.225940840230394002e+01
5.623334600321733490e+01
2.151736343688246933e+01
1.827228208454702951e+01
1.389739693593733527e+01
2.477611803684078851e+01
1.912336617949603479e+01
5.084048332203032317e+01
4.642882854856490127e+01
7.355967859282476873e+00
2.902712134915948994e+01
4.648021864823431315e+01
4.333590280550798468e+01
5.506387196973729203e+01
1.584251712414749136e+01
1.199962254962514763e+01
1.618127173937407903e+01
9.629340184328756891e+01
1.009378284647115187e+01
1.202730123093355985e+01
5.431763616267650008e+01
1.861999365912970461e+01
9.368925943531639433e+00
1.449691657489632668e+01
9.348813905907713107e+00
2.419100372600640725e+01
2.579101037142778807e+01
2.266411756910088471e+01
2.830668790203714380e+01
1.453560505475249975e+01
1.725593826681112830e+01
7.656337612528169245e+00
5.197696869025616451e+01
2.830229852681206282e+01
3.422978732228278176e+01
3.183548175724478924e+01
3.171638564849451924e+01
1.740215120194047671e+01
1.314482555117725582e+01
3.270163612161660893e+01
1.864989200158038329e+01
1.903121745954837607e+01
9.777932802320490779e+00
6.514162152395973848e+00
1.612205195689558579e+01
1.276630475398776987e+01
1.687277796880476544e+01
1.138768833455242557e+01
2.511581736987802316e+01
3.062789146404648832e+01
1.848308565548968829e+01
1.386353966485416578e+01
9.404840389187029359e+00
1.378239635920509620e+01
4.436243083996505021e+01
5.984199890158410362e+00
2.579724395346626764e+01
2.473993374108333043e+01
4.253168131804145702e+01
1.460509156253887575e+01
1.867432113542589178e+01
4.556709770382148861e+01
7.492767463578050524e+01
3.955886422300323346e+01
2.638640436371670006e+01
2.049151020404674739e+01
5.648849702994562705e+01
9.923836266081465851e+00
5.116334284189961323e+01
5.948130975977911561e+01
4.315751613499531913e+01
5.869241966974446001e+01
1.463914133456984423e+01
2.525189915981538391e+01
1.949603557184153857e+01
3.911775615104834714e+01
5.141879842324881622e+01
2.488062461236528478e+01
1.232017873097270844e+01
9.310361839050857569e+00
3.957110310879641446e+01
1.997344274289010002e+01
