1.634685588845765380e+01
2.746493761406689060e+01
3.066763004715272700e+01
3.051055680586541996e+01
2.788939179701154103e+01
8.415119425156071031e+00
4.033436566979246862e+01
5.465463996427177307e+01
1.155365020530417475e+01
8.453770924827966837e+01
2.903472032576030770e+01
1.594822127605998041e+01
1.653379586721601058e+01
1.901348547463554439e+01
6.920842100220480120e+01
2.939394225579597375e+01
5.538653190545515059e+01
2.805304166432483015e+01
1.600906495870050961e+01
1.900860075749239897e+01
3.977696209940283723e+01
3.034205250676719956e+01
4.441178357276346134e+01
5.303229338311952290e+01
2.204760915918531694e+01
1.473818519282289152e+01
2.912384032714099291e+01
1.276490472472292907e+02
3.805666723751486558e+01
1.726525524899273023e+01
1.747394418465790267e+01
1.660180519852848846e+01
2.885799216368303277e+01
3.788925846982981227e+01
3.517634632891972046e+01
2.067133031875649252e+01
1.606145355889160342e+01
2.410871138300856842e+01
4.361827256174959189e+01
1.325356110731000925e+01
2.015701489305542538e+01
1.896054670218314442e+01
2.921563535503797482e+01
4.107833296667023149e+01
1.241845699817280924e+01
3.459929305476087791e+01
2.069031079931049177e+01
1.563055226309519341e+01
1.965439566715188491e+01
2.022932421822746818e+01
2.870707959545729437e+01
3.152040391407622266e+01
2.310640071118102412e+01
6.085747898516827092e+01
1.320598720999685582e+01
3.098259819189476616e+01
7.484827979672023623e+00
4.598050488151745441e+01
6.550348211590466008e+01
2.766840639963919557e+01
1.944632692897934945e+01
5.027434755424567214e+01
2.005199227699062448e+01
1.874250150990548036e+01
2.412318610705945332e+01
2.226554753155179256e+01
2.848184745228860848e+01
2.157563121444821874e+01
1.661347348122455259e+01
2.642677320493399407e+01
1.930047516757433357e+01
2.664430459063421708e+01
2.292919715648942969e+01
1.874039702211713632e+01
1.886091928127014938e+01
4.532751223009120167e+01
2.115680757435204384e+01
3.577684060078831152e+01
2.039785425498244464e+01
2.904209157604986657e+01
4.874276930641673999e+01
2.311825540158790915e+01
9.369604305683999712e+00
2.151208965330324574e+01
5.663121878003946108e+01
5.033540698517123246e+01
1.918456584842484958e+01
9.513494176652100620e+00
2.836866796213362818e+01
2.153077858687239754e+01
3.347895959649888198e+01
1.157379186612143762e+01
1.823720664014287252e+01
1.951874769236916407e+01
9.733473362164827947e+00
8.424425727511749784e+00
2.299395386804713937e+01
7.045056829065228676e+00
9.754633655218581723e+00
6.669285835171341148e+01
6.302123858535317424e+00
2.329777980018502959e+01
1.750916957260351836e+01
3.058043859446495460e+01
2.374362142148546795e+01
1.858977916155498633e+01
1.493029970888160385e+01
4.012471883526158223e+01
5.986335769475417834e+01
1.476365548494720592e+01
3.002893887421000940e+01
1.316382015783001513e+01
3.536420998574331520e+01
2.095575948397272370e+01
3.029210754510778969e+01
2.026153622648118713e+01
7.714986495502912156e+00
7.120339001252075661e+01
3.402894946092280382e+00
1.121350030892524785e+01
6.541989751451363588e+01
1.754027768125058984e+01
1.700971351614964533e+01
1.052843138546470492e+01
1.393119252370043881e+01
1.366143029854944579e+01
7.835926480645585457e+01
1.580443857369542648e+01
2.461854455704533251e+01
2.170118080028307972e+01
4.568573593014045287e+01
1.146106554971869684e+01
1.522049178158069616e+01
1.453990769194221677e+01
1.483496246845983357e+01
2.739462660345696321e+01
1.861495637391419677e+01
4.755469139707475534e+01
3.221018404647866618e+01
4.459516865524029328e+01
3.855998788061837956e+01
2.895760144279009651e+01
2.422644371100111726e+01
9.751221742677159909e+00
3.605167049802710721e+01
2.386082322743414963e+01
6.835789345740255385e+01
2.001643844648244652e+01
1.852240890016133790e+01
8.955015170323676443e+00
2.936926254732849273e+01
3.211621334948221573e+01
1.376624430322372206e+01
2.753195985988548955e+01
2.263080097455721429e+01
4.347092616330190396e+01
1.372763527896649549e+01
1.844204346341333078e+01
2.763693742500429096e+01
1.139432963624100559e+01
1.427555445376505538e+01
2.522863906504500164e+01
1.878996525388626182e+01
4.226451855120924250e+01
1.906349220135136591e+01
1.329815450903307195e+01
3.575549235695616801e+01
9.144248748328342913e+01
2.938740175023491474e+01
6.066057990416020829e+01
7.171654265144637108e+00
1.154372243940200171e+01
2.456956913460056313e+01
8.844244202213866757e+00
2.549699995045118328e+01
4.153665267642354308e+01
1.283618562621217052e+01
3.267421610268459631e+01
5.404330268387245439e+01
1.658627295752604525e+01
4.497155210920193724e+01
6.724599022873325893e+00
5.329954228837217300e+01
3.121264561290987061e+01
2.474891304614883225e+01
1.294269875046394347e+01
1.375144371797751219e+01
1.590482758598813184e+01
3.554261213693754229e+01
2.990458348542236422e+01
2.347783343510106135e+01
9.628037017171543255e+00
3.166972043536280168e+01
1.936890451440348926e+01
3.094708484934884751e+01
1.044882640067658741e+01
1.376132642864704891e+01
3.707628357773061367e+01
1.712318752007737288e+01
2.251936925055824901e+01
1.864777766560497341e+01
2.973027511229158293e+01
2.601897891364470183e+01
6.061779732099002871e+01
2.218977606951946058e+01
9.707058858808085233e+01
1.279282351464949485e+01
9.446678007396023702e+00
2.261244031415080613e+01
4.589380432569875268e+00
3.222516022048896644e+01
7.420563943613569791e+01
2.348436997389286773e+01
6.046029471875916528e+01
3.241910063935395669e+01
1.178658324126523205e+01
2.314652905418513740e+01
2.502570824970150554e+01
2.886378808430541909e+01
6.078946141047996576e+00
1.347850611777751517e+01
4.350668259327033383e+01
7.201677001227271724e+00
2.835287404194532712e+01
2.339496858296332960e+01
2.610625771262037986e+01
2.660373479780222894e+01
9.948048607301041457e+00
8.162553631522635911e+00
3.576089623577504995e+01
5.633208267645781575e+01
3.487269689200894618e+01
7.926222730764547464e+01
2.373573613272560578e+01
3.956232868917833656e+01
1.823157080100017424e+01
1.537947233768117599e+02
1.110981794122329624e+01
3.790188537877780561e+01
1.938611131201776772e+01
1.474970489879649804e+01
1.921566584204966688e+01
1.689578145261199538e+01
1.313506824288518793e+01
2.106776290418786957e+01
3.061166188837443869e+01
3.759438380519896583e+01
2.136103045249624088e+01
1.755578455600239707e+01
1.686362625176410290e+01
1.309456778595366266e+01
3.882746140651957489e+01
4.942161031453466791e+01
1.484718174519256806e+01
1.837513116778267630e+01
6.600826306590995785e+01
2.971962436212390912e+01
4.369492759782659164e+01
1.903294228550615230e+01
2.348576121889927038e+01
1.933480990044033732e+01
6.946528230075757371e+00
2.389871477572054204e+01
2.636852053090684223e+01
1.746004063138781603e+01
3.866155740654093620e+01
2.851706454588993367e+01
3.812199245687681071e+01
2.029841037971459627e+01
7.655038593826576587e+00
4.685986813660423422e+01
2.943087082878275140e+01
2.615681669045293845e+01
8.584113313880702378e+01
3.605416070711876131e+01
2.888425046012461905e+01
1.787688150671841214e+01
1.687302035022387159e+01
1.113682284585115312e+01
1.507549255641701791e+01
1.344259501318364158e+01
2.399359056087811837e+01
2.520948608436826888e+01
3.811086169729024675e+01
3.851412955846343067e+01
1.621885120548651216e+01
4.198437434779429367e+01
8.272914874624609283e+00
1.450312693468090686e+01
1.152987503707884009e+01
2.168222172094280609e+01
1.601982027350736715e+01
2.679759592517299893e+01
6.002401339734960573e+01
3.522227269006736350e+01
1.765412441601690574e+01
4.333743807819507765e+01
2.701983606632425250e+01
2.176119705821120220e+01
2.354666736779182656e+01
1.061602269372353291e+01
1.261425374269969879e+01
8.612315105888557198e+00
2.880597646809750145e+01
1.069683911648546193e+01
1.521509638702623235e+01
2.716093988409373239e+01
1.548235806940777159e+01
1.924749277209784282e+01
1.500956494184371515e+01
1.234243073418915237e+01
4.321034555052136028e+01
6.421941748934854388e+01
1.678812877983515861e+01
3.627084242215930487e+01
8.948816920760442883e+01
3.984488974350303181e+01
1.241695295771340035e+01
1.672815407249783348e+01
2.607468220331819353e+01
4.633370743200398323e+01
2.645821937107440291e+01
7.367480448075617971e+00
1.571805409121481745e+01
2.613010914242845573e+01
2.494146327585944078e+01
1.021809645696938418e+01
1.203796650652406441e+01
2.137952779663356040e+01
8.508235056109683114e+00
3.140571798022588013e+01
1.494113858439022913e+01
1.488372672682373121e+01
1.374989861548401393e+01
1.465622991858754176e+01
8.214011114312874895e+01
9.436515522069566231e+00
1.150955687176437792e+01
2.090201148158356759e+01
1.389895951412567854e+01
1.316717721176808631e+01
8.142035572157192647e+00
3.443635383652851090e+01
3.054420971961420506e+01
1.058275871254402212e+01
1.493151905873767404e+01
2.993360393654595342e+01
6.754492261545102849e+01
1.033506769988820295e+01
1.502744594462510008e+01
2.223001818615319891e+01
1.105635829458881148e+01
3.149611631450329341e+01
2.672232158942069447e+01
2.363182623217413791e+01
4.455487153058615490e+01
3.192893994079982534e+01
1.346597493916480381e+01
2.409194102291381512e+01
4.434526546854939966e+01
1.036054657772738885e+01
2.562021946992229005e+01
2.129787718407554920e+01
3.094285326938614133e+01
1.876093871740194885e+01
1.971033173795095550e+01
3.093887915012281198e+01
7.922803200843478066e+01
1.906424508522915673e+01
2.624683064601652660e+01
2.727006065849728600e+01
1.193514431838746859e+01
1.399379076166933444e+01
1.800689176091450605e+01
1.895200858145403089e+01
6.599192104533742942e+00
1.604681294358273291e+01
9.778596177965702907e+00
8.307234401301099069e+01
1.157877739555754815e+01
2.480718008637729000e+01
1.468783334150247910e+01
1.192957672959469662e+01
1.357912044241364136e+01
7.774396304224045373e+00
1.076406844805536700e+01
2.838364563979672184e+01
1.026933175699855028e+01
2.419551995449105064e+01
2.471825586996067514e+01
4.834297798832593429e+01
1.646075316917122677e+01
4.576265697557469281e+01
3.087113523532164905e+01
1.921543226071836941e+01
5.309994829173149355e+01
7.544324000573110034e+00
2.707011018691497384e+01
1.388440886520777084e+01
2.984299925421692379e+01
1.113008621215224458e+01
2.392938243602690918e+01
3.908943388101316430e+01
1.167244006935593781e+01
1.417865724390470561e+01
1.988858815075940711e+01
1.145191707936655590e+01
5.701531444048787733e+01
1.176333025400214538e+01
3.614405170223403019e+01
1.828076081401003705e+01
5.044266709319288999e+00
4.669161054430340130e+01
2.834001875866688280e+01
1.770755181097755582e+01
4.695989379948353104e+01
3.056244914273663227e+01
9.160892459233100027e+00
2.979618015489291594e+01
1.237827761358341228e+01
2.030227465611368487e+01
7.460680581806267142e+00
2.294402947836670492e+01
5.906685660458939680e+01
1.037365427518140137e+01
9.515264757669918083e+00
2.536716098937426977e+01
1.285016467311787558e+01
1.471344050749989840e+01
2.946007892994704847e+01
1.640597512852681916e+01
1.935272047160258424e+01
5.319868016456660520e+00
2.048727400048009173e+01
3.032589924673294135e+01
5.133942891008921805e+01
8.386493127738695819e+00
1.458190052204049003e+01
1.264590192398315516e+01
2.412737298273503583e+01
6.645666915283435117e+00
2.541525815927639798e+01
3.705703914865099335e+01
1.495210593322929427e+01
6.048178127245035895e+00
2.255404766686025297e+01
1.474072069767666981e+01
5.219044199576222098e+01
3.161961344310631361e+01
1.704558655085935825e+01
1.829762399303375631e+01
2.647160644385781936e+01
2.392553089531455512e+01
1.506585354807465293e+01
1.242814447185762639e+01
1.916318878661073555e+01
2.140238217172418089e+01
4.098069291248437906e+01
6.026177548463208211e+01
1.690844539079047593e+01
5.989171516137473361e+01
1.516894513357947716e+01
2.649995767253129131e+01
1.605897436979460480e+01
1.721135554874920004e+01
2.347626280347570216e+01
1.984647142457554025e+01
2.803608315727933942e+01
7.461036816228859614e+00
1.061126628495925672e+01
1.576747296902067852e+01
2.183953240562491516e+01
4.258977356080261956e+01
1.879306418515982458e+01
1.260782566732198440e+01
3.879730709904485053e+01
2.735963957684921510e+01
5.608895078986866878e+01
3.089498719761541778e+01
2.829448832977224271e+01
2.328205872648255692e+01
1.147945435855635488e+01
8.767624464493084702e+01
1.379649749400957859e+01
1.365109936443989724e+01
1.865344461624221495e+01
3.387512598120560625e+01
3.671808043548568889e+01
9.128330640614532143e+00
3.206457656813704205e+01
2.903470843833728665e+01
5.025147700195908840e+01
7.602471181715415582e+00
1.878893577045382557e+01
3.207302856574881389e+01
8.103850457198173984e+00
3.530705100176088962e+01
2.418066653659759169e+01
3.793205593063988346e+01
9.716596275032623353e+00
1.435628027794377459e+01
