7.974308966842298396e+00
7.793236560238700150e+00
2.941336269160933270e+01
5.658808411106701186e+00
9.847319572349611860e+00
8.167066261263038029e+00
4.962166924946950530e+01
7.532246178297035577e+00
2.782198512442348282e+00
4.930843091434093495e+00
1.976242054527331504e+01
1.445706693199401016e+01
1.756877801000150541e+01
8.187033257473693482e+00
1.631171702350108532e+01
1.166113007722235864e+02
3.374302295875625912e+00
2.157786070788673349e+00
1.596575369910752329e+01
6.567018614667496479e+01
4.034845563960772985e+00
1.077694653449229634e+01
9.819861702418659632e+00
1.103369510969060130e+01
2.420569710204758973e+00
4.708444165401645876e+01
2.624049048045311849e+01
2.739461208404479819e+00
5.594548422844825453e+00
3.111576970912202977e+00
1.103651418434756515e+01
2.985108315072229068e+00
1.609554609664144564e+01
1.638714836249403950e+00
2.327402835911653867e+00
2.656092337845997875e+01
2.610438211687443300e+01
3.451647706435059693e+00
7.875693796260505586e+00
3.249468374896045120e+00
1.058086803119185149e+01
1.906704806434254706e+01
1.580861104924970206e+01
5.900962278736756161e+01
7.164713227477063739e+00
2.241463250773205296e+00
3.952315338373179721e+00
5.453992202016412882e+00
9.803284573197018403e+00
9.131747630513987746e-01
2.113643919563961138e+00
1.828398195796835424e+01
2.153484880084670650e+01
1.559714599919197831e+01
2.960383926116727960e+00
1.101950277720241544e+01
5.630805251499661601e+00
2.645489323290723949e+00
1.327426812092871344e+01
3.923225973436405223e+00
2.460077357032504519e+00
3.267755070040935905e+00
1.710338185577401138e+00
7.634450372541684793e+00
2.275980632534763792e+00
1.695519466272468190e+00
2.212682758295989771e+01
2.642449044175187556e+00
8.200156342857841452e+00
5.135938128927819868e+00
9.211043018724085485e+00
1.242845377187034650e+01
4.692210353408738044e+00
5.465565472336638919e+00
3.390690494877504957e+00
1.361586695332726249e+00
5.642327399825232348e+00
3.874559945956559392e+00
2.747685953402244419e+00
1.628829368291074609e+00
2.064026988017110043e+00
4.475450894666526835e+01
2.114813859095756587e+00
5.720697323671309675e+00
2.698734912250262852e+01
2.506068814888892327e+00
7.647883218881664114e+00
4.587661279040894868e+01
3.943029085542986678e+01
1.030547716023699820e+02
1.521760964006197536e+00
8.264084398260022724e+00
7.553630737197808642e+00
4.101483618601283609e+01
1.254694707618284966e+01
3.021595606944621437e+01
3.710880972291808355e+00
2.942615384964187619e+00
1.089008419929608174e+01
1.066875860704151258e+01
1.550183123786786510e+01
2.797461637802046486e+00
1.029869495471132268e+01
4.315757193099083011e+00
1.497987572804248124e+01
5.654927883771870256e+01
5.087224606328685894e+00
2.835362453492948909e+00
6.091262684077964451e+00
6.589988993103290227e+00
1.914768210188247721e+01
1.376947937408794509e+01
4.096817246296230053e+01
2.350864725671280198e+01
1.420253255611464871e+00
1.396387827967036310e+00
2.647722891908924936e+01
8.220022811146098007e+00
8.266519593954939182e+00
2.244251911660037901e+00
3.238303697706870565e+01
2.662863855371167787e+01
1.711200648937688529e+00
1.746476950893236735e+00
9.995574778215923217e+00
4.209558084236123321e+00
1.757613027604518763e+00
7.399359507200307462e+01
5.248772567787193921e+00
6.713812133340241184e-01
7.371359395443838558e+00
1.890068345086474588e+00
2.836027477907725025e+00
1.266626703937548726e+01
7.278918147595415888e+00
3.542475859916556669e+00
8.698649308645578060e+00
4.605020331886836793e+00
2.680927092998592798e+01
1.371782532836468249e+01
1.946552068606463592e+01
1.429206112693476705e+01
6.876406613431595538e+00
1.141991006558021837e+01
7.580381513771131452e+00
2.098248944639514590e+01
2.186261637074007780e+00
9.990640962423233518e+00
1.436681696591218582e+01
4.115642439259596053e+00
1.299383363314507100e+01
1.315404532908209490e+02
6.198164199468152447e+00
2.332321207596702664e+02
4.331131568002541066e+00
3.973926143898676600e+00
5.354061736460499432e+00
4.223344737262879178e+00
1.180053852085447730e+01
2.397340108581104801e+01
2.072876815834146669e+01
2.199253426438950143e+01
1.530502851823513311e+00
1.267958866719097966e+00
7.210482229573331736e+00
2.623133910253776335e+01
1.139066104173022076e+01
6.086157171399348087e+00
9.305663906468737423e+00
2.070069479816478264e+00
9.333584810151634770e+00
8.233586074946060762e+00
1.394589452840500599e+01
5.785442976745221344e+00
2.968393565843866710e+00
5.018763730242699062e+00
4.129188360339224317e+01
1.101694098298047919e+01
1.986080386143327914e+01
3.372814282713281209e+00
2.654021294402457265e+00
3.106835740465446971e+00
3.667413442554368430e+01
4.396089383821554719e+01
7.568969878752032088e+00
2.399440209331937623e+01
4.354868575683960685e+00
4.374258001681410235e+01
1.543488381434452705e+01
1.707727062043887756e+01
4.802988780323628859e+00
1.445844538483132347e+01
5.204831352103397535e+01
3.879278461538355316e+00
5.413778915120555979e+00
3.252527209050513335e+01
6.060751611249775905e+00
1.404748861717394348e+01
3.229693080997321175e+01
3.237314417301422331e+00
2.153793216437478009e+01
1.017285748414076174e+01
9.322151245504052497e+00
4.303124567049249727e+00
5.967082583640583415e+00
1.120582822428904279e+00
1.654856525951725832e+00
1.446586755568812599e+01
8.412175197292132367e+00
3.946166629669037196e+00
2.393634750283353796e+01
1.130864450739717952e+01
9.434058958149799778e+00
4.684880476928182880e+00
1.248233785867319412e+01
1.450514939291657868e+00
2.124559171721822626e+00
2.821902894540071038e+00
8.680551610838602272e+00
4.226517145023061417e+00
8.434853178760466363e+00
1.002194048106878066e+00
3.651223476775490440e+01
8.346987272701758442e+00
9.894009019360858304e+00
1.335593055849482802e+01
5.949473063147762808e+00
3.210894848694581327e+01
4.515319391736220211e+00
2.438535127767989863e+01
2.177970314676787922e+01
8.644433471949563241e+00
5.408816066809842837e+00
9.836067183160363214e+00
1.485543688953387154e+01
7.291252100059105068e+00
2.124688945494519032e+01
7.085395452925025594e+00
6.147883930658387008e+00
3.069023899307727454e+00
1.636491047288517464e+01
1.062106366188691453e+01
1.353247795640604600e+01
2.069660077386054908e+01
9.979035864521616617e+00
4.628457166185118155e+00
4.162398393432555466e+00
8.974566782268201592e+00
2.188673361238644688e+01
1.024160313198713901e+01
1.200140390360962073e+01
1.776709589794549871e+01
4.881478322162340344e-01
1.578341780951807216e+01
1.219999269307423084e+00
6.360641457615678007e+01
1.284489792132018238e+01
1.394783304278650604e+01
1.990448065750046780e+01
5.497478101012353235e+00
4.217695143509671007e-01
1.213789095489502401e+01
1.042149032871913406e+01
3.544447904251613490e+00
7.832198277497708361e+00
5.990628595069076745e+00
6.576997959542945971e+00
1.725009702216584984e+01
8.657721640425318554e+00
8.514696405452969463e-01
3.565781847143039140e+00
3.232536064399713638e+00
9.385271331295983899e+00
2.882282824170420810e+00
3.402553133928353901e+01
6.990154482091925026e+00
4.550245265377242276e+01
4.080129824747716327e+01
1.631912514502378952e+00
2.383644096488218012e-01
1.030719835851226840e+01
6.877532972155291802e+00
8.792034638127882218e+00
1.989975934908977706e+01
1.034479841851826087e+01
2.314715813440916925e+00
2.019872016205319554e+01
1.919261211658161770e+01
2.402266910300775660e+00
1.411514180106401950e+00
5.332504813686236744e+00
1.559526942200013444e+01
1.130276542809852458e+01
5.837247314850794844e+00
8.567272208760778440e+00
4.782069382466848140e+01
8.360840730266321685e+00
5.567570723062435434e+01
2.304546368686464231e+00
1.706845153287032346e+01
8.029667550105688001e-01
2.964252023318049378e+00
2.541708884781687416e+01
3.082202630528355414e+00
4.126672458743566096e+01
6.551358319535607322e+00
9.261247563758291390e-01
1.168305369174298214e+01
1.751483376598860886e+01
8.267672815183390256e+00
5.399019235075692258e+00
3.914749287440130843e+00
1.395841227678675800e+01
6.950703323689815250e+00
1.027193292936677160e+01
5.465106599295143752e+00
1.246988073596834834e+00
8.356372606712925588e+00
7.433199193384375292e+00
1.574940678218359480e+00
2.344097388701094786e+01
7.861981230346349214e+00
3.753658491571439981e+01
3.275263515444799101e+00
1.173251708029067331e+01
7.276699694343468749e+00
5.935133241593206321e+00
1.030716528881003313e+01
6.863073769616714337e+00
2.958092936561859077e+01
4.707156139071360990e+00
2.851455510733798882e+00
6.844602066913869187e+00
1.770361425191138238e+01
1.671316704620287652e+01
2.813895412827177722e+01
1.242608999154309934e+01
4.872747290526181274e+00
8.391500562807062025e+00
9.340430705959560953e+01
8.824070297657945261e+00
3.900460404620250898e+01
4.863970882925840122e+00
3.100526007535246098e+00
1.200969903673605721e+01
2.737526479486643893e+01
2.442300004016876969e+00
4.210084731348470832e+00
1.433949364074504684e+00
1.331268132478172106e+01
1.548513312405352949e+01
2.356103580406412323e+00
6.731089755780434558e+00
2.680220443966652155e+01
4.390503466109544561e+00
4.724325817299037666e+00
1.858022489566351254e+01
4.650915973784880464e+01
5.163277106639517555e+00
2.406090500332107140e+00
1.806994840874713404e+00
9.299198066102333371e+01
3.567159951532673734e+00
1.830143791853951152e+00
4.832880472462274923e+01
2.102226809243500938e+01
6.343532820280599083e+01
3.528870956628599842e+00
3.269415288019446031e+00
2.140330882055832262e+01
2.736128015020494786e+01
4.323911222168364787e+01
4.092413034047793552e+00
3.198784724080691699e+00
1.809781671698522132e+02
6.230141532190391018e+00
1.767482835084578952e+01
1.078208875465822913e+01
1.313553161794192015e+00
2.377690182871164737e+00
2.099167667812518623e+00
2.717146687185601817e+00
3.832800458156609125e+01
4.424888693438936649e+00
3.240782140356328966e+01
3.123458578521751239e+00
5.669628712465838660e+00
5.974676629530451422e+00
9.561063073559221692e+00
1.235378280072179180e+01
1.226364287586521939e+01
1.169162340964891911e+01
9.209716510135962153e+00
1.890336086843145225e+01
4.328088440795864855e+00
2.313825157377139341e+00
1.308896372462879576e+01
1.288121404119655367e+01
9.044938005801409275e+00
6.351325863621936740e+00
2.194470260684278173e+01
1.240434987976569126e+01
6.143015822469833909e-01
3.461879910480632372e+00
2.928628056177119188e+00
1.093715725388684312e+01
3.314584895165587142e+01
1.102103793702444534e+01
4.026095214422570479e+01
1.351940063465342590e+01
6.398700017696601350e+00
1.518777636017491162e+01
4.923744885220455814e+01
2.631464295738977910e+01
2.079625238726563197e+01
6.976834559640268107e-01
8.326926485720433924e-01
1.862484705191420531e+01
1.015468129719824475e+00
2.315587170496043257e+01
3.277703811390022537e+01
8.101804944210240222e+00
2.830154590696933425e+00
1.034785046575169609e+01
2.150548225190906493e+00
6.956815519395554759e+01
2.956636349033416433e+00
2.482157711115211640e+01
4.062641916916020612e+00
1.529269670763166644e+01
1.009647884391620920e+01
1.131833347459556727e+01
7.612506895558669662e+00
1.352047227990289313e+00
5.270778521688809803e+01
1.060855361748476966e+01
5.308891326274196132e+00
3.932140545672360155e+00
9.231237870360306630e+00
4.663869236317189859e+00
3.875527746699354736e+00
2.858548298103254837e+00
1.892044917473971211e+01
9.701794096505481635e-01
2.738746978038538504e+00
2.056853865524248093e+01
7.973037800917864182e+00
1.268378937323356936e+01
1.554371277911853966e+01
9.876872203737290690e+00
1.727407628257616423e+01
4.117899433985434854e+01
8.841743077874895107e+00
1.319808498440040267e+01
8.020261435206084144e+00
5.778047998024399057e+00
5.034825395639900947e+00
4.644680338921757468e+00
1.477796111897130116e+00
5.180283856537811538e+00
3.736416564036088239e+00
3.453132672664559255e+00
1.540831218999799468e+00
1.069154756839809473e+01
5.732275388405209782e+00
1.919209743382784161e+00
9.127953158738849382e+00
1.017403039852831448e+01
1.208369684301447311e+00
1.176842291305890242e+01
1.017543657078450181e+00
8.685167407748474844e+00
1.631341177148666333e+01
1.604485810425339309e+01
3.409181467337271698e+01
2.273783648202805452e+01
6.462694762462153353e-01
3.730492933016678947e+00
2.435204794011085028e+01
6.916194751244786687e+01
7.468008130816122581e+00
1.741988750122523744e+00
1.502862048547810048e+01
1.707015700323567842e+01
4.460750089197134116e+00
1.099841454667530805e+00
2.657368677310379734e+00
2.568553381392658608e+01
1.350951603612827334e+01
2.368613400180808792e+00
7.478144019029977052e+00
4.555683201998220966e+00
1.563408982567667804e+00
1.622332786755837830e+01
9.703626614084274848e+00
1.976864728499975854e+01
4.145417866318753752e+00
4.149631351176719107e+00
2.617777975479430808e+00
1.016014222757860530e+01
5.516183793549186021e+01
