1.142972710223400945e+01
1.658887760187811722e+01
2.238373736577106854e+01
1.424655133549810415e+01
6.238728792771102150e+00
1.664779032926568902e+01
2.988368471890008315e+00
1.052541455727577180e+00
2.601885479287545877e+01
1.858702154675015450e+01
6.903790256815609538e+00
1.009326322976924750e+01
7.616803391990051075e+00
5.484237471033012845e+00
9.207696917590531882e+00
8.246820581762079883e+00
4.587898447504486832e+00
9.363912300210333939e+00
8.228011186825263223e+00
2.503139445972398125e+00
1.021111207718763580e+01
4.640740685449283376e+01
1.219169316923911239e+01
9.466903249857850255e+00
6.470858642592125953e+00
4.488482813281081896e+00
1.043614811775374740e+01
9.502692759975651882e+00
6.895374330291596721e+01
1.001215724628569426e+01
2.365825244964043250e+01
4.683550321695858720e+00
1.298371563107886217e+01
8.357820177568971332e+00
1.162839181129739075e+01
7.069516613276856098e+00
9.532143376450862959e+00
1.346731951795920779e+01
1.253233587687080863e+01
7.577706154921258097e+00
1.346652444887514655e+01
2.433597677662068648e+01
1.781061306197040395e+01
9.783447490301842464e+00
3.632655785146569372e+01
1.007095496290208203e+01
1.867633989566239805e+01
2.636694155245667304e+01
3.103775463971121340e+01
2.098265124132890946e+01
3.354215166796591152e+00
1.140881991043893606e+01
1.080334364514669332e+01
2.142402452005110192e+01
7.787870907637216789e+00
1.733845423489203768e+02
8.331672149739400624e+00
4.201299041641993526e+00
6.078020318816453660e+00
7.452944545148939781e+00
1.140842989465648927e+01
2.771316487885492919e+01
8.151183378104473576e+00
1.202732993366393188e+01
1.450720831344795236e+01
4.671229203435327548e+00
1.078985120274161158e+00
9.044519919297510313e+00
8.500455753979525575e-01
8.538527595768764300e+00
1.369653149512021351e+01
6.675517031973526194e+00
2.991284604255507773e+01
1.179854659245384241e+01
2.271345156903317530e+01
1.063338950943624539e+01
9.944183909900567642e+01
4.233724262487221779e+00
2.250823104413622655e+00
4.503186607916347839e+00
2.364181924765187404e+01
8.682959475423760409e+01
1.460678721249453282e+01
3.177089726200543041e+01
3.016583425640642080e+00
1.108888351351718704e+01
2.693264274524319646e+01
1.686582559882673138e+01
4.267429315574800874e+00
1.332321168088854257e+01
1.018270076467191920e+01
1.114302110881704877e+01
1.217438479435227450e+01
2.741708549446683563e+01
1.446252247341906028e+01
5.742598753098400621e+00
9.154803633520863571e+00
8.352654473062880669e+00
3.041778350511280138e+01
1.204651808313518480e+01
1.239844590671103219e+01
1.407719344939516892e+00
3.071652930409756621e+01
8.299233553778607586e+01
4.864119875965528195e+00
1.337571501363252047e+01
1.780596507699214470e+01
1.003582382097305725e+01
1.655527810108480224e+01
8.259871058759419071e+00
8.291414664833407500e+00
3.040058767222691305e+00
6.643933981494716257e+00
1.705554862563208118e+01
1.282495848040622732e+01
1.944563303740904558e+01
4.038584413730874623e+00
9.030250254621384087e+00
9.606492402635885552e-01
5.710814006219485428e+00
4.501817029426740646e+01
1.011005208145285472e+01
5.985787434440238641e+00
2.697624915329768669e+00
3.821201682018687507e+01
5.826053141133672142e+01
2.741907470531726077e+01
8.143180365820743560e+00
1.695665557845402205e+01
4.972455799506844443e+01
4.448559929677946556e+00
1.514446849776592785e+01
1.824156251058434464e+01
1.401397597289118302e+01
3.483974237560972398e+01
1.444380798072052308e+01
2.264756466452940842e+01
9.793924121806165672e+00
5.914039229350119342e+01
3.556939278107316582e+00
5.390337844312972138e+00
9.718799731198782155e+00
1.268002822165454191e+01
4.566033970215810811e+00
3.518081233329681812e+00
2.231190016334284110e+01
4.318052141982756886e+00
4.536690697338148226e+01
1.654077471694396095e+01
1.166821732942505463e+01
5.431371323916596161e+00
9.364984705582621416e+00
8.950485581773993005e+00
9.232588064263870464e+00
3.319274169010290265e+00
3.339270791834892549e+01
1.456599303423715774e+01
1.738988573979138419e+00
5.609814929332846845e+01
4.973451385128618085e+01
2.317951659523761876e+01
1.112097086900764786e+01
1.790531053453906196e+01
2.446885082510227960e+00
1.129713457718106007e+01
4.169404020120505372e+00
1.292303041804514407e+01
7.282874649776378106e+00
1.217621629113532045e+01
3.576147845988004281e+00
2.614844594386362076e+00
4.734929909062881137e+00
8.837850292993982393e+00
7.632835788613320460e+00
1.373667499516567858e+01
2.630302149886986385e+01
3.004942853046228546e+00
1.227410862692502569e+01
6.366252034746815447e+00
1.344744333752115217e+01
1.407024328173404903e+01
5.286012819211101110e+00
1.736900193723488073e+01
3.272872768405343180e+01
6.738240893121568931e+00
3.612474769693582033e+01
5.003924919461986143e+00
9.105599993320840468e+00
3.005594944733793739e+01
1.120791610460122811e+01
2.169916335805967833e+01
5.200878421902425330e+00
1.549854209021896079e+00
4.222090636762414917e+00
9.460919023839867492e+00
1.245332819305483696e+01
1.330988860088716841e+01
5.772964346122582135e+00
1.305894724696366538e+01
2.484520657537375854e+01
1.596772589731859249e+01
8.410838587833714541e+01
1.509519559028221636e+01
7.046098076567582247e+00
1.920063291675891293e+00
8.555482032388486147e+00
1.976518771990219969e+00
2.675190112475584669e+01
1.241694278674820850e+01
1.570646252978773250e+00
1.850134441126181173e+01
2.835070690883473077e+01
5.517292376616689253e+00
3.468459532937814949e+00
2.861456711383601359e+00
1.188555518659889998e+01
9.696460300692063328e+00
3.639803514167213905e+01
5.447687292145452886e+00
2.271846364356638670e+00
2.506650072886892033e+01
3.783761362151898400e+00
6.723401446543397775e+00
1.398602397177473922e+00
7.097203195716573099e+00
5.259551861894165903e+00
1.153575520954150591e+01
2.179090592881746602e+01
3.905241167496178889e+00
8.594658789115509734e+00
1.512383084268660305e+00
8.140401684002304350e+00
5.068324153540549659e+00
2.138382289176558704e+00
1.994384891865041709e+01
1.690540753278539654e+01
8.175245285052998412e+00
3.284592636669867449e+00
7.033933253966019095e+00
1.431772787094447219e+00
1.024125816894638241e+01
7.887274183582186460e+00
2.647363655372955549e+01
1.456230113345000277e+01
4.151643152607880971e+00
1.318819982151973846e+01
1.966970045227487063e+01
7.633379657879759694e-01
1.793604898714874052e+00
2.227881863246593852e+01
9.852559243307165815e+00
1.242005953229700665e+01
4.121195830271788196e+01
3.608659732590938862e+00
1.103570031642494342e+02
1.909922103090073620e+01
1.475816257204257376e+01
1.374772865533693107e+02
1.269486203796807722e+01
1.310061443466044651e+01
1.011946405831229434e+01
2.559270695926201356e+01
4.726530980969627649e+00
4.579444554826804392e+01
7.511882805335135416e+00
1.028460994683919694e+01
8.598362878493304606e+00
1.824646443505158189e+01
1.978756476634671202e+01
2.127885131520277184e+01
1.403720101130248743e+01
3.606685541138517692e+00
4.591385829912642436e+00
4.101264427958776793e+01
5.714725145371691184e+00
2.913990174439086545e+01
8.369013701869068456e+00
7.966447561353557028e+00
3.392915328273309683e+01
3.161591122256971786e+01
1.796618041705477538e+02
1.722714098561959517e+01
1.002857168906768237e+01
3.060232815199359635e+01
1.352485028565524772e+01
1.217490931389144393e+01
1.141197806276572990e+01
1.184978858808998003e+00
1.725537836298201455e+01
1.348620901151634754e+01
6.051422970833406190e+00
1.896007492114906512e+01
3.882161613333532824e+00
2.510496467248770625e+00
1.720752338024911765e+01
7.422680394159081985e+00
3.747144384782762216e+01
1.363868783362316428e+01
1.701454444200699712e+01
1.634213675036078683e+01
3.871526882937478042e+00
3.150054493812399414e+01
9.442274864777900234e+00
1.982279431746146159e+01
5.747132676431416343e+00
3.372557262439424886e+00
2.388164350393653379e+00
2.121550543724761706e+00
4.234741705120131705e+00
9.417177034735274788e+00
1.114718534849664877e+01
3.304569213818398410e+00
7.466264352117576664e+00
1.646593663915540162e+01
1.429626305765828320e+01
1.534805295429424277e+01
1.577393922516134062e+01
2.585742055825323149e+01
6.447701024379728363e-01
9.906959417485090569e+00
2.200898608511475985e+01
1.305186540711658871e+01
2.794923874340839021e+01
8.558444711729052301e+00
1.078466257530579675e+01
2.859463836675199655e+00
5.834351789572975733e+00
2.607254243556977968e+01
6.293870840390788146e+00
4.448647650574391044e+00
1.701094009646746841e+01
2.087586345947151045e+01
3.051364537747025985e+00
3.327508330913301648e+01
3.002524065379952489e+01
2.000523656260007499e+00
5.748820571762374598e+00
1.644432196212843422e+01
1.019838519769001195e+01
7.291355138271980785e+00
1.781117835398763560e+01
3.205702353480724298e+01
6.650687360158420347e+01
1.706549362032551187e+01
8.766661856226130922e+00
2.624472970193060029e+00
8.611458851659349989e+00
6.346082340191540716e+00
6.201582175117783535e+00
6.325063847474648782e+00
9.806173279808751531e+00
6.912522780196427519e+00
1.408786532856546359e+01
6.593424408887438304e+00
1.072558447890340183e+01
5.370654344226204024e+00
2.792622416107912287e+00
1.184826193337651290e+01
2.057252004427264325e+01
1.934185379957802597e+00
6.476018762599888134e+01
7.460407913333503949e+00
3.729482551298313808e+01
6.018099028415557328e+00
5.845614911156608251e+00
1.511289755117007161e+01
3.060447455400368000e+00
9.661151792849997477e+00
8.510828357579998116e-01
6.483471683687755061e+00
1.043506587813883080e+01
7.303639757965035173e+00
2.504544851716210729e+01
1.208765899634923890e+01
1.319866733935090686e+01
1.880473308284221767e+00
1.347606968349216139e+01
4.214811873757984984e+01
4.089044997885184785e+01
1.030841110021399842e+01
7.928941173809164411e+01
1.766937762011766555e+00
3.765386461210894709e+01
4.156055316920854281e+00
2.673460722108538334e+01
1.389117819935920650e+01
3.534505014536246392e+01
7.681541226637651931e+00
4.547111520321780453e+00
1.451305871714543727e+01
1.991249160715517874e+01
5.070077778363491383e+00
4.512446526027392046e+00
3.450354089783240141e+01
1.460556486228931128e+01
7.867111503678872353e+00
6.202242862733062800e+00
3.843535138188601152e+00
2.411865728407735432e+01
1.225410035436162559e+01
1.074659116652602897e+01
4.216011869789417332e+00
1.125855290520648744e+01
3.851971998279244414e+00
1.303449265514874789e+01
5.786859855431083588e+01
2.800915676117313957e+00
1.897581931637283725e+00
7.957577160119248205e+00
1.202770200860981653e+01
5.584942439240730749e+00
2.088501226729345817e+01
7.828496272755276486e+00
2.915377595460681537e+00
5.346754110763416001e+00
1.630141812155270031e+01
4.883155925489552018e+00
6.122546563863465074e+00
1.702989975298962477e+01
3.425738601322074750e+00
3.855344867496798855e+01
3.240771982882777902e+00
2.937348509105140781e+00
6.420646319745434027e+01
4.671246509256343771e+00
1.145345974695276681e+01
1.103949834503384908e+00
7.642616031459716019e+00
1.348730156359657784e+01
7.019270370990733809e+00
4.923704038905232494e+01
7.217274007614869902e+01
1.017075566483285343e+01
1.841420472065917124e+01
1.599316531650514150e+01
6.821194975560720408e+00
2.087862565663247594e+01
1.856553024686550257e+00
5.835745992331281329e+00
1.568248023578510120e+00
6.559967506319681263e+01
5.084047030180017579e+00
1.463213629070551036e+01
9.010487802709610250e+00
7.705403415383540278e+01
2.492853759519895185e+00
4.359084206454877375e+00
1.125925823483862587e+01
1.012703903954640872e+01
7.411050042178397135e+00
1.251236078461838730e+01
3.552873599821689510e+01
6.653573136297190160e+00
2.793189229544799801e+01
1.968810763383844087e+00
6.311584177760135361e+00
3.896652505523153565e+01
2.460407679280643478e+01
1.080544167587830273e+01
7.663968339657650120e+00
2.008647916017065160e+00
4.659914059225891236e+01
9.459094551581591404e+00
9.920894242210323455e+00
1.618645478281899086e+00
1.510393738206389003e+01
1.999543132383645627e+01
1.906934710234883568e+01
8.196038639053776720e+00
6.033697768375602344e+00
1.928923221452998860e+01
2.591025796253551672e+00
4.151066732338763998e+00
7.559620532453855901e+00
2.828154901201179072e+00
6.573015518037279037e+01
1.440548639418883781e+01
1.277951847222530901e+01
2.750849043328582511e+01
3.576102572920786571e+01
1.740650455159059362e+00
2.953612180634894280e+00
5.230936349323449086e+00
9.070280650894707364e+00
8.427259116439120135e+01
1.638505301077610454e+01
7.674335742973307006e+00
2.103134712566531306e+01
1.775151957138854542e+01
9.866188334631853962e+00
1.104509866872117207e+01
4.600318448383902137e+01
2.231679136054443013e+00
1.412525399773935675e+01
4.596206564493554581e+00
5.059688516901624666e+01
5.700016748218553531e+00
1.558871840234829875e+01
3.034320974628502654e+01
3.249980965742623074e+00
7.573575855675919399e+00
