8.845913658594783513e+00
2.007702712563856018e+00
6.340845718762643024e+00
1.768215384991702166e+01
1.132989380848971983e+01
3.225854330028679939e+00
8.162827048498128235e+00
4.873944523521933192e+00
1.789450556855042729e+00
8.036784225819564753e+00
1.523878452072852063e+01
4.088509864007304095e+00
7.756462644788120642e+00
2.368066259251024164e+01
8.676349481421068432e+00
1.336047356290465782e+00
1.694450425628784984e+01
1.535542115195571000e+01
2.326807394435756127e+00
5.607945864000503988e+00
1.622497373765003204e+01
3.834931921692123602e+00
3.374769539090819137e+01
9.685481001142586877e+01
1.612975909195212942e+00
5.237430653231199607e+00
5.996549192456399169e+00
1.939689648774072595e+01
2.093218838282264471e+01
3.881427470942708347e+00
5.297498209775622691e+00
4.481458143088334012e+00
2.955367724883578795e+00
9.346214220758472635e+00
4.204633195141302515e+00
7.530478627080677612e+00
5.637396811250988904e+00
2.006221508584116631e+00
1.868442681329461763e+01
4.286626083545219501e+01
3.652849108692601821e+00
1.426541118510882722e+00
4.844297153775314335e+00
2.283471659465825354e+01
3.791132557861069508e+00
2.675569823233458777e+01
1.592680555047351199e+01
1.266890772469819737e+01
5.042133832026742368e+00
1.146718621683672623e+01
5.990222649733974691e+01
1.207824023764944243e+01
5.187290047175913799e+00
1.876192036319607581e+01
2.861835688105975883e+00
3.493678273127745371e+00
3.420186903870908424e+01
2.814656577710424656e+01
1.934581256361186163e+01
4.810029674323833326e+00
3.618461728516567444e+00
2.199175892693280687e+01
1.980429794290719414e+01
9.143958833693437427e+00
5.830548738353262372e+00
9.481213415811946987e+00
3.518193881636367593e+00
5.607073024180746046e+00
1.054788510090673448e+01
1.901450527179707528e+00
4.021964833133376160e+00
1.419987550959518607e+01
1.010732184186397298e+01
3.402775910135797943e+00
1.481320508661462831e+01
4.379132029420893524e+00
6.508598872110879618e+00
1.246458386420061615e+01
1.443347687001462276e+01
1.381477214797516595e+01
1.406219933100907582e+01
3.547575510485160777e+01
5.753630247765048011e+01
1.959082296112184318e+00
1.063601796587415116e+01
2.160579173111875662e+01
3.018860229095291281e+00
8.842138799448195030e+00
7.041578322831946402e+00
2.304220072215474957e+01
9.841209167149504111e+00
2.851264069037691229e+01
5.656119175409095590e+00
1.517277609827438667e+01
3.735815485070793329e+01
1.222294227175806327e+02
6.534708917291487396e+00
1.334635793642827828e+01
2.145808049954007757e+01
6.896546095985075731e+00
5.668983761966514656e+00
3.173519509143012396e+00
3.819177456926425407e+01
4.096368929996065589e+01
3.332101136393956331e+00
3.372009414123900939e+01
2.762043807409738871e+00
1.388541266085208115e+01
1.034279841176395109e+01
4.228114997316810175e+00
1.976710336007879709e+00
6.719807873018564415e+00
1.757778256396934413e+00
2.276926840181194578e+01
6.366312832541527911e+00
1.102488706194251122e+01
6.952301038155892066e+00
5.266900222144269783e+00
9.437614663834434481e+00
3.395453664435819974e+01
4.657835897988586282e+01
5.161128045233116524e+00
7.473627798402286082e+00
7.558470409572367821e+00
4.659003917214147528e+00
1.684878060672140521e+01
1.361240232952164853e+01
1.015919997323993051e+01
5.431629855068280222e+01
1.025777511721785551e+01
9.892542648340144851e+00
2.302438176957711491e+01
1.630631572837374810e+00
1.006416197502128718e+01
8.724109979504911294e+00
8.392133593683944071e+00
1.537947933647949839e+01
1.538484949252758138e+00
1.624909799423894086e+01
6.528748471636593997e+00
1.165805597313368303e+01
6.566730746344381586e+00
4.903026987272093962e+00
4.341935549326425559e+01
4.051170928355012535e+01
9.203510335389095687e+00
4.403509677260437627e+00
1.184431934114715190e+01
2.933590058688922042e+01
1.689737337775125070e+01
6.402392797290799464e+00
1.984062079184917593e+01
6.229243185840086738e+00
9.712508653326693775e+00
4.340096631894491352e+00
1.853824402889558698e+01
2.006926107361508116e+01
1.299686852852890340e+01
3.148689249396714729e+01
1.902694365485136530e+01
2.079253730485234097e+00
3.178873112620900088e+01
8.587325951574420912e+00
5.947528010047845370e+00
7.507098998120209643e+00
3.991529970378726944e+01
2.448138979218769862e+01
6.059312721107474431e+00
2.042518998036635125e+01
9.728933400031404943e+00
2.684430525269873868e+01
1.241931081349312471e+01
2.931968099539411288e+00
6.237984485492707343e+00
3.017087713030782936e+00
2.513670007776096682e+01
4.292037634291292036e+00
1.286389076342348226e+00
6.462392901404616197e+00
8.259894730700080956e+00
1.072183649175419795e+01
1.331848446148539011e+01
7.653327889866102574e+00
2.487420585939210582e+01
4.011237341799242984e+01
4.356048369587540492e+00
8.486652217302543377e+00
5.929834322791686319e+00
1.451168993591634404e+01
6.423576437547538376e+00
4.094898233649481689e+00
2.956140843775286342e+01
1.412872976932720093e+01
2.107455128422878410e+00
1.642831677748070618e+01
5.019986203933690661e+00
5.597354588622746263e+00
1.302208242214021716e+01
1.305596438014472760e+01
4.274746741751743961e+00
2.135949465920026658e+00
5.264338886108034465e+00
2.877897684000793710e+00
1.200969468711544863e+00
8.746624788637026526e+00
1.276111774230313856e+01
4.956772545256304063e+00
2.231028049753844389e+00
5.458893373060390353e+00
6.259966348539687253e+00
6.525897323242018100e-01
2.003480065936111032e+01
1.983652185534277379e+01
9.316657059368100846e+00
1.247143971820179864e+01
4.596818873981447950e+00
1.127413227772175475e+01
4.718048927160839234e+00
4.877106084242393536e+01
2.051066060323792239e+00
7.665755580697775073e+00
2.570164021349782946e+00
1.369449008693153402e+01
5.917509510476895684e+01
1.621229387208036599e+01
1.007281200898695062e+01
2.483508516829875745e+01
1.787958539100172217e+01
4.809728407785274662e+00
3.161946428868694703e+00
9.594279882874072740e+00
7.783306462870464237e+00
1.310832187794759420e+02
2.181477114326130451e+00
4.150683551697946783e+00
2.512519485653974982e+01
4.792879766376742623e+00
3.595919908272208865e+00
8.851070276760085065e+00
8.875031039624433626e-01
1.043233572687699251e+01
1.817528879897951199e+01
1.080292672863032344e+01
3.952786714460144957e+00
1.578144492060227932e+01
3.014023579699819777e+01
1.067114690660558907e+01
3.379205589064193660e+00
2.970876232681841245e+01
2.438814260511429133e+00
5.317308875062754403e+00
2.585096087616232996e+00
4.489992592501114821e+00
9.481413909656348338e+00
3.529467505775659930e+01
1.960842155919537255e+00
3.875511800942577167e+01
3.816241280068469166e+01
3.456007200718791417e+00
9.037050330897566042e+00
1.491330669074880610e+01
9.862631378534134186e+00
1.624325689200015788e+01
1.064101109142191781e+01
4.929618690536366898e+01
2.060752579022194997e+00
2.067831165200873755e+01
2.700099303057962974e+00
1.204681788705934764e+01
2.263956150805968548e+01
2.703497703011788378e+00
2.181389805747956157e+00
3.124756784915720331e+01
1.196571632333944812e+01
4.924560287847609175e+01
2.071910215768840757e+01
7.747698617799596121e+00
3.025602142240320802e+01
1.000699808583723538e+01
1.348102971763830027e+01
1.839022906904741461e+01
1.210516332573082288e+01
1.094115014012135667e+01
2.297940317417036127e+01
4.081127157830510299e+01
1.327267555275748201e+01
1.195444866716783316e+01
4.891053256764918089e+00
2.941850292121330313e+01
4.290643812520596789e+00
1.495245165953237887e+01
1.679572979066423954e+01
1.610158911514283631e+01
7.335507365150210290e+00
2.171536603397686349e+01
3.061378228800451406e+00
3.564482780815745766e+00
4.311208880698711887e+00
9.735366685970829437e+00
2.543173149106166164e+01
1.534762663312718800e+01
2.181346836809540779e+00
3.156822498628216511e+00
3.952172286547045843e+01
2.018829294067631963e+01
7.248124132717688184e+00
1.086605019848396836e+01
1.247408878163230028e+01
5.164105558676799212e+00
5.426325788096896474e+00
1.115088695144431163e+01
7.432572466592020533e+00
1.174261911596450503e+01
4.192961915394936057e+01
2.869845422805719082e+00
6.554804344518001535e+00
9.470467107908699234e+01
6.170244773556956552e+00
4.475593274630497831e+00
1.050625900419488268e+01
5.343740680752515004e+01
2.281499121653053663e+01
4.861177540559179278e+00
8.906297367691669464e+00
1.391719739915802334e+00
3.456983774096765671e+01
2.327926901283315786e+01
1.904652918627851577e+01
4.233101110046153082e+00
1.352058166263227612e+01
8.776610254485781581e+00
3.880116311919544092e+00
7.885049036176647874e+00
3.445293560506931385e+01
1.109510476542719459e+01
1.144541523678940109e+01
1.221762160667442565e+01
1.136538922660328765e+01
2.280945276878735584e+01
4.461663742321483994e+00
3.191250391894282057e+00
4.500020389204120619e+00
4.561248715138252408e+01
8.447736677386661341e+00
9.116625318635941611e+00
6.301088503333069468e+00
9.468041326137235814e+00
5.919909974169937250e+00
1.527303098147000071e+01
8.435729927369974845e+00
5.341775047565884194e+01
2.328662882772633225e+01
4.340755027839175995e+00
9.097303222896687913e+00
9.657736298531869323e+00
1.640065280314049900e+01
3.884466501956672424e+00
3.291713409156782344e+00
1.866363345548095154e+01
1.893422267786223134e+00
1.763863701707872522e+01
7.827910604430798891e+00
8.329980218696413363e-01
4.759105317327312790e+00
7.626596939191978564e+00
7.844250500525019376e+00
3.000768239361617162e+01
1.554508106921040911e+00
8.282590665373541938e+00
1.013292237806517981e+01
2.771571274726779421e+01
1.808268298450300549e+01
1.433921789929999413e+01
1.355399206105325272e+00
6.553512479289414827e+00
3.087966117049544224e+01
1.889537385604025843e+01
7.126904333553261139e+00
5.190198906154801506e+01
4.123471677568856464e+00
3.661494593984406265e+01
2.980195105380270881e+00
9.378178297871771818e+00
4.632153751470971059e+01
1.309695663688597023e+01
1.892902714966778888e+01
2.637770293434280333e+01
3.453732786028199087e+01
1.801194397770061073e+01
1.097073269716326216e+01
1.220466929101326237e+01
1.430087555600630367e+01
2.757591226553093744e+00
1.454263341107606688e+00
2.301676779978619081e+00
1.171139227513063830e+01
3.049970708615414949e+01
8.853215907918631444e+00
6.935489869543327579e+00
1.600115851182889060e+01
1.901420414443179396e+01
3.947728835697992622e+01
3.112639261221129772e+01
1.636156012966145568e+01
2.179034047033520238e+01
2.134774625583634844e+01
1.897748829656457659e+01
5.247395382400056540e+00
1.340776555812363657e+00
7.578237086760443830e+00
1.310680871628682631e+01
2.223094479896665732e+01
2.092375944158327172e+01
4.617036455486714885e+01
1.963942528095467921e+01
2.472473621480077099e+01
7.269006158927288652e+01
2.742147357586885192e+01
2.770373913043509440e+00
5.159366496189498053e-01
3.453919912660968983e+00
1.329517149674946630e+01
5.489930811587449888e+00
1.635982071781421965e+00
1.162410030845772901e+01
1.055467356509550214e+01
1.705981257850639921e+01
8.944389782969180303e+00
1.507326906249145004e+01
5.513290993696110753e+00
6.546270297724205101e+00
1.599900745520727341e+01
1.358646584385567735e+01
6.538113721267561296e+00
5.534641656742143923e+00
1.330535620847021860e+01
1.638417249635079287e+01
3.909259015282608996e+00
3.295748833764049124e+01
1.145424859871165069e+01
3.147636290512236812e+00
5.227560809591948576e+00
2.687209867418489750e+01
3.577462299971116089e+00
1.514872177444737567e+01
1.199516407577057642e+01
2.584185008740354839e+00
4.585489306688972988e+01
6.944412101234065382e+00
5.922687218494580463e+00
3.691204774423180623e+00
5.375954793789114206e+01
1.066493395094283336e+01
7.040912822530632553e+00
1.610965521317724125e+01
2.450331694966254403e+01
1.622055411303228922e+01
2.826884990216811389e+01
7.102551327974067519e+00
8.821751705795707110e+00
3.145696958391179354e+00
1.229888518524925800e+01
1.007753119383114715e+01
1.042412122676820196e+01
2.968342336483642541e+00
3.117274710476800337e+01
7.433199994046852943e+00
2.855778989704069915e+01
1.108867833811002290e+00
7.219861075411265539e+00
2.120187833950685530e+01
1.514536552677046544e+01
2.247647894870667074e+01
3.886912233044718334e+01
1.014127476269398720e+01
1.390231278958103189e+01
1.130610826104829236e+01
1.345936984790815849e+01
8.511719458155901918e+00
5.874028949726815441e+00
5.960441940807167782e+01
2.336613405989578851e+01
4.876022398301180338e+00
3.935496880373646089e+00
1.177342403576994201e+01
1.434430139322000741e+01
1.620899729498003339e+01
4.682178236113412773e+00
6.637873628564027406e+00
4.321034726921097047e+01
1.117777135649666853e+01
1.374509361976838040e+00
1.825150113797745943e+00
1.966512776062639745e+01
4.041552172920082064e+00
3.368230628937725868e+01
1.632647202316964297e+01
7.318678703787443673e+00
6.258398538739798234e+00
1.105911315217629642e+00
2.589992097099263901e+01
