9.308227229361062172e+00
7.904470510710722486e+00
5.301941384088114972e+01
4.551229229718667391e+00
2.429956518535308252e+00
1.414948845208938799e+01
8.520283546282810150e+00
4.309459419690732318e+00
3.672148933378333879e+01
4.936502648101534874e+01
1.227819734313952260e+01
1.811527866724410885e+01
1.500323394401733701e+01
2.630216086279308474e+00
1.396496045305786993e+01
3.049775920382693961e+00
2.089796646108357336e+01
7.565084997479104345e+00
8.919160256987442637e+00
9.230421321237834320e+00
2.461637615689611991e+01
3.964872648662050469e+00
1.387548133643247361e+01
1.581992315950867578e+01
1.973314618828208244e+00
1.650023033720759003e+01
2.693056773754068445e+01
2.318431202156653015e+01
4.856057929436666143e+00
5.562381375130840411e+00
9.117245025522626278e+00
1.430526061471410415e+01
1.061960495883746702e+01
2.407372743337032617e+01
7.184138824936450618e+00
1.681687341299532790e+01
3.759807265765427076e+01
2.913594551428474677e+00
3.888561419237219319e+00
3.047653988907848888e+00
4.834993950992591216e+00
7.397886746603499653e+00
5.917161985904267674e+00
1.089164830323675481e+01
1.359106545581811076e+01
1.679858123220361676e+01
1.428480323293530851e+01
1.374215700496265846e+01
1.180511195260817381e+00
2.706914269112941085e+00
2.241752564056831076e+01
1.299437120582136274e+01
7.089463639268430484e+00
1.591257510188014734e+01
8.908760518678228379e+00
1.335337937011253295e+01
6.330933617846985051e+00
3.486233995785134709e+01
1.716748010755391718e+01
1.846189522428273833e+01
1.737670159214371957e+00
3.454092904683787424e+01
3.083863074827927520e+01
3.293646134774797218e+01
1.170363498756790044e+01
1.644644988672319030e+01
2.374244634030980805e+01
1.261431905475489224e+01
3.537914653975682722e+00
2.327026206825826726e+00
2.723163129485951828e+01
1.973981270335093896e+01
7.437105325474352924e+01
5.290762902178919092e+00
9.665908046070057935e+00
9.608760404151449608e-01
2.087204892571930515e+01
3.018043620611273070e+01
7.780221988650894538e+00
3.891531369268466989e+01
1.319812551539819090e+01
3.560343880581613973e+01
1.789005255733436828e+00
1.195511129958774177e+01
7.070165024306014345e+00
9.464628990933968922e+00
4.859845958028338408e+00
5.733727328762412867e+01
1.188942906702757618e+01
2.008702293587701604e+01
9.229602103021061765e+00
8.130918881345529314e+00
9.751567403152414215e+00
1.148600003850939544e+01
7.160083593541713753e+00
8.176031423139898280e+00
3.842279551823748562e+01
4.293515019159811708e+00
1.372743028417192157e+01
6.115241946195372869e+00
2.117349065299218847e+00
7.135764611850155426e+00
6.489762394173947513e+00
5.818256405464294545e+01
2.098182088808385970e+01
4.351447223738776238e+00
3.728916341149748348e+01
3.075347481951458128e+00
3.757978799520985014e+00
1.678554477037783954e+01
5.964513702340425105e+00
6.445142429568484488e+00
1.833437217636782890e+01
9.157165937611493334e+00
1.935969213427607727e+01
1.321828228001013272e+01
1.617928587588249201e+01
5.167088776082859880e+01
2.221693997850034563e+01
1.547013566528107020e+01
5.760917380844913005e+00
1.125500495399037604e+01
7.054455645760896232e+00
3.354444946258280424e+01
3.627053662830052261e+00
1.611754880011430302e+00
3.262702121827253166e+01
4.446445248347162149e+00
4.250001606986853808e+00
2.393930704103604157e+01
1.092364860602387644e+01
1.830739871600898994e+01
5.015904492674581938e+00
9.042534733675923420e+00
1.330542368267148490e+01
2.560105051810496590e+01
4.379810300178824001e+00
7.252363046307609196e+00
1.106177428758749581e+00
4.554423179660492593e+00
3.046830675810329847e+00
2.230570526706912560e+01
4.002688477769476449e+00
6.594273441921832735e+00
1.101161077514553455e+01
5.843193814707547062e+00
1.049918585524983996e+02
4.553092189604023510e+00
9.278982518815015013e+00
9.456306614947109779e+00
7.130551825612251093e+01
8.666221900735235906e+00
1.518553543175939602e+01
1.112111879598815989e+01
2.678597442069762469e+00
2.713303156304428398e+01
1.483248543205238024e+00
4.556772288487827893e+00
2.683523405528931427e+00
4.941581287178465232e+00
1.134272967115522768e+01
4.017220133055518971e+01
2.229712062368292891e+00
1.318897830938034943e+01
5.788753387602148415e+00
2.148435321106937579e+00
2.668695339300778180e+00
1.060258713028101418e+01
1.669508340682798675e+01
1.108022744601079879e+01
1.319717901612062505e+01
4.129702644595233174e+00
6.019053242191866104e+00
9.086079099549680294e+00
5.077014384019729931e+00
7.424467229775869370e+00
2.601149657918110591e+01
2.371538993631603631e+01
2.102057092565329199e+01
4.041012939692350869e+00
2.365344252342505271e+01
9.427856805013259844e+00
1.028663348515077125e+01
3.791301004933163021e+00
1.584636737322088607e+01
6.131565151187190921e+00
9.771422311694216489e+00
5.301311087951471102e+00
6.713209471791556915e+00
3.136997867048289734e+01
7.437469912719551601e+00
7.245792225091783223e+00
6.971741242343591161e+00
1.491769568553833913e+01
9.400514098106505401e+00
9.666898883374852147e+00
1.285652969671626344e+01
9.805466737023905921e+00
3.476017720211578510e+00
5.603326723241816687e+00
6.681577174465931357e-01
4.871983731427397046e+00
3.346065469818842786e+01
1.499483934567922283e+01
5.275772983509852132e+00
3.425023007439825307e+01
1.789304372757322170e+01
1.377326261090565396e+01
1.173084336584433807e+01
8.604775497874875612e+00
4.519378321839176493e+01
4.653229855137556825e+00
4.075376099917694717e+01
3.060705289264060269e+00
2.845156371858902133e+00
1.143519502134385846e+01
4.420845705308914830e+01
2.050794068348234411e+00
1.090459004010944177e+01
3.985668127294142993e-01
3.549901148872771195e+00
6.917868169009356905e+01
8.785985003335794019e+00
5.682145446457577798e+00
5.108756821932894709e+00
6.087168203954036017e+00
5.180661297712797264e+00
1.102373416853068377e+01
4.003257880949126601e+00
1.524548759482529015e+01
6.157813496081785409e+00
7.622044668110238774e+01
3.662389647760019518e+00
1.450369830414087602e+01
5.139856521141947354e+00
1.148921390820293631e+01
3.661419675898660575e+00
1.757280695486747035e+01
3.822253218859171398e+01
1.409899111953470729e+01
2.029863878557463153e+01
7.062313480305451030e+00
8.900066046703813072e+00
8.256367662020773324e+00
1.602789446085405700e+01
3.062781962841656824e+00
4.997526413948142121e+00
1.858674837942436397e+01
1.675016526709489284e+01
1.069725301795699757e+01
1.360500728045476215e+01
1.736503655078644570e+00
2.432708493499490743e+01
2.621676317842857262e+00
1.513871180852889431e+01
5.514235527274711046e+01
3.343009306451640406e+00
1.194459600777854646e+01
1.981167031110964771e+01
7.229177921200974133e+00
1.551011773364784929e+01
2.252493225628207973e+00
2.462945195155043177e+00
3.877359290730136632e+00
8.461535134787707690e+00
2.116473129331017944e+01
1.212147336964722939e+02
7.325218736755123139e+00
1.590054276002391465e+00
2.803635218608997004e+00
9.774090523447720003e+00
3.053712284214524786e+01
7.148994843989024517e+00
1.085908462653333961e+00
7.981590264940117585e+00
3.839119409486334789e+00
1.621070917176792037e+01
2.653016475621111425e+01
1.559676686203120433e+01
7.555234237557837851e+00
5.152359761164044372e+00
9.683544260940802673e+00
9.503675306184794280e+00
1.337778384767501549e+01
2.537844886866455951e+01
3.634161231866301023e+01
3.250263136718840684e+01
2.391859836479726908e+01
8.069052681227762491e+01
2.653252908254204012e+00
2.793568140233631425e+01
5.543877064428586188e+00
2.349240205847772600e+00
3.982865483650114058e+00
4.451509247402086977e+00
2.802166449280335669e+01
4.180258583804572936e+00
3.354091932650826280e+00
9.203748293502696853e+00
2.918697038479042050e+00
8.864747072856349774e+00
2.851138230237931381e+01
4.578147659446074158e+00
2.917131912420073903e+01
1.278564113495603749e+01
6.861015419373271307e+00
6.250484292861088420e+00
1.052970563399054882e+01
2.525215839074300916e+01
3.170310878618978734e+01
8.310927439082902879e+00
2.235732453733541547e+01
2.286930331875177913e+01
4.051803060532602530e+01
1.167544651795899924e+01
3.165716210700694422e+00
2.837968574736670746e+00
1.306354152231918597e+01
2.261199964632639947e+01
8.961670815284929148e+00
9.770000686359020747e+00
1.068386061085538508e+01
1.708987099113892683e+01
2.036108366815983572e+01
1.122769659222154326e+00
5.593514537661740604e+01
2.092224659668652720e+01
1.401185190773492373e+01
5.192310988841974506e+00
1.980635057475798266e+00
1.246276818103121897e+01
2.948475013852486448e+00
1.307937594043279361e+01
1.246803327841772102e+01
2.537734362679414346e+01
1.754015062791483004e+01
1.332476749141124728e+01
9.667379136659604910e+00
1.802659459871378189e+01
8.686616411450303943e+00
6.155609411307622736e+00
5.181180916087282640e+01
4.258027198158986337e+00
1.484203869413974175e+01
2.242820502871823862e+01
2.663748438909489646e+00
1.072271350091853215e+01
4.255029173103139328e+01
9.612429990399274260e+00
1.158415912350109345e+01
1.091736267700903262e+00
1.788647617488943808e+01
1.921019712867446572e+01
7.223003422083401404e+00
1.388876975228830091e+01
1.369591131997716182e+01
3.151428605039219732e+00
3.933095862355191485e+00
2.081060426535012908e+01
1.475331642546761124e+01
2.108520287527372616e+01
4.749297726643892936e+00
7.387805041318990185e+00
4.778377159779305217e+00
1.771912594812677355e+01
1.560616436117274120e+01
2.843259727850139029e+01
4.598552718061587719e+00
4.851012630125991265e+00
7.138881997192591200e+00
5.841846264812681433e+00
1.467975041175598605e+01
2.187540908034956288e+01
1.237277134230994946e+01
6.533992453681197077e+00
3.061274320234424096e+01
1.222061113778493713e+01
3.198769343959935085e+01
7.965171683509820966e+00
2.316957725397366019e+01
5.757596692892349921e+01
6.462380485175747147e+00
1.085529839626406812e+00
3.798548201133046121e+01
1.913234182528103844e+01
6.382722513108368467e+00
6.285369093396001361e+00
3.854899811791362207e+00
1.888388180083137868e+01
5.534878365744583029e+00
4.250744775576546175e+00
1.792703382170413917e+00
2.362610209984971377e+01
3.004182492027864981e+01
6.132912479258544991e+00
5.309625747086510472e+00
2.974601707344059065e+01
6.609179344797689204e+00
2.925009988461317878e+00
5.674051897443405323e+00
6.395388869835318069e+00
5.402635844595744530e+00
7.953149838188060983e+00
4.373889367583362109e+00
2.452560259102716600e+01
9.425830435841866972e+00
1.150805541698001733e+01
1.882306824881174734e+01
6.712689917851942134e+00
1.153249177951222393e+01
6.129798613791506590e+00
1.259216693083030858e+00
5.736988243327277637e+00
1.606333705654325872e+00
1.957888644231979169e+00
1.686030162174997926e+01
2.218318841127653762e+00
8.207256128512860016e+00
3.867177207632094049e+00
3.542266107552404719e+01
2.514322182735730848e+01
6.268839837728311437e+00
4.149553113272354210e+00
1.029208405144160565e+01
1.231610121753589837e+01
7.642275395112912761e+00
3.062591440585332503e+00
3.890686803725269982e+00
6.695852335209391271e+00
1.831241306826979098e+01
3.362976125369690816e+00
3.891062352280197700e+01
1.964246041980742064e+01
6.164450649319789477e+00
1.674172563289586080e+01
4.969213732243851211e+00
4.487687488310135109e+01
5.172591326650650245e+00
2.911574240359506760e+01
1.605865037014314378e+00
6.146582428111810437e+00
3.502846189906559005e+01
1.494716031089232189e+01
1.335484393136715831e+01
1.437507417230175655e+01
9.453718028755718761e-01
2.532471021874936667e+01
4.084301374068745716e+00
7.233811110137875922e+00
1.037125009624022809e+01
1.466477304524665115e+01
2.126639659517338998e+01
6.510990258144164322e+00
2.788895594493869368e+00
2.112851912719004854e+00
4.029716394149145842e+00
1.026803572749582827e+01
2.156707424246699034e+01
8.391741253500397235e+00
6.409932510499721126e+00
2.663788001393817240e+01
1.907919891097462406e+00
6.278401293249428861e+00
6.172173871937172152e+00
5.847674159213011258e+00
1.430287609886408617e+01
6.302815256956012746e+00
2.129602046041780383e+01
2.725404688156754851e+00
3.166963091498953276e+01
1.043258779235853773e+01
3.512202754335611576e+00
2.505493219891877033e+01
6.941764801445906130e+00
8.743845075896548025e+00
1.357272513331877661e+01
5.305782101106589543e+00
1.233471459902046874e+01
8.417050573588747753e+00
8.809279506556573835e+01
1.497109289054516168e+01
1.971575313199925716e+01
1.067956498192095705e+00
6.563019415339902629e+00
2.678685712144995179e+01
1.723335834676154121e+01
2.347567763576178912e+00
5.789768370849966317e+00
7.624230780639320137e+00
3.128955874059657560e+01
5.478698752852978693e+00
8.849186278746849155e+00
3.264658364074004737e+01
3.749811735510711941e+01
3.912420121806599482e+00
2.646180664689541384e+00
5.973316448980966697e+01
7.950674103696260708e+00
4.492683371899852673e+00
3.451352412682480519e+01
1.804034012178560786e+01
