3.403575226811545562e+00
1.423495564319371454e+01
3.793782284931039328e+01
1.658768841983948406e+01
1.357494312781729739e+01
2.721408735325733730e+01
2.198815133862041193e+01
2.540652200369836322e+01
2.349856633788185079e+01
8.997860980367168082e+00
1.019385223013362030e+01
6.245921816287066441e+00
6.128408762409210730e+00
1.249947236279473906e+01
1.992573671447760120e+01
2.828860185147581774e+01
1.153228928892393412e+01
2.761089657901737837e+01
2.091027799868832915e+01
1.223717527374539848e+01
4.706262978626791948e+01
4.373465568602465048e+00
1.439106343477847361e+01
2.792984766280570952e+01
2.016439741337683955e+01
8.462913838987399018e+00
4.519292707059315184e+00
9.054738358661289510e+00
1.117888279986261502e+01
1.715140906645288155e+01
5.653277101875561428e+00
2.148696639624209936e+01
1.858947218745249330e+01
3.443034411513389159e+01
4.544811756794968005e+01
1.403972530956515818e+01
1.979033073413642896e+01
3.829791062750146580e+01
4.862263153788941139e+00
6.157047188516925118e+00
2.597518321598370861e+01
6.308391971806305065e+00
3.311367088234842981e+01
2.809320045731671200e+01
2.864336163654673939e+01
3.364186195793072898e+01
2.292809369240762862e+01
1.089193373581561808e+01
1.145971692743282233e+01
4.236755284668673482e+01
8.993690940033481240e+00
4.138146718957385417e+01
4.589234225566062264e+01
8.098068844714209291e+00
1.612278941945161748e+01
1.912439849737958397e+01
2.891796364652897466e+01
9.096426466174689196e+00
1.340493655219837876e+01
1.479071202807705099e+01
6.346003698336039278e+00
2.128957700779820073e+01
3.633914688022173323e+01
1.368881849852895094e+01
2.603873811592916709e+01
1.279997455721127686e+01
3.719512709210586365e+01
1.615820515778736066e+01
1.493806502623782606e+01
1.879076651173884116e+01
1.377425375219095827e+01
1.449973941425268009e+01
7.854609391867315438e+00
8.011634031927716393e+00
5.727137521439080281e+00
1.949705065328570086e+01
5.914031010896922957e+00
4.510864682025242267e+00
1.519648492709192844e+01
2.546777495680267833e+01
4.622909162456446808e+01
4.519015340886358700e+00
3.979101776476958463e+01
2.657916376946584691e+01
4.511392855394947077e+01
3.357047029621944745e+01
1.352721509275940015e+01
7.626641456182586154e+00
4.839985031264881776e+00
2.051606878582531479e+01
3.399019038208120236e+01
7.982520018304926523e+00
1.321722159589570644e+01
2.704561219708931219e+01
5.345166041601530971e+00
1.602093136173787613e+01
5.174995149890789570e+00
5.931767949878413049e+00
1.077705245983482030e+01
6.043440104131762247e+00
1.705149960130417952e+01
1.676476830432493159e+01
1.801361634900677089e+01
3.717128525740974965e+01
2.711148606265236438e+01
1.737389307608615141e+01
5.896386298420760852e+01
1.508790310559178494e+01
1.271104358507492371e+01
1.207427251683817993e+01
9.889142886739247018e+00
4.403768952382385038e+01
4.217731932603737732e+01
6.665910909630207826e+00
4.264202742621064601e+01
1.975725663717459213e+01
2.013843040044726607e+01
5.961205431605874239e+00
8.368428105006969986e+00
1.364083723035952644e+01
4.082778688025749858e+01
1.148364372950686985e+01
1.829296548484314044e+01
2.664991101030402731e+01
3.424304137351999788e+00
6.874203152315786269e+00
1.900445685500937998e+01
1.628200353667986988e+01
1.079507074143818279e+01
2.023205313250889503e+01
1.115704161312756781e+01
2.715713430342092138e+01
2.591856808562891956e+01
5.417763785790696573e+01
1.061170793381126387e+01
2.590918215822475190e+01
1.188229575566633933e+01
3.582096042140220504e+01
8.806245891952892535e+00
7.477422681750076627e+00
1.117455770026850637e+01
4.190634414067080371e+00
1.603480435978266883e+01
7.626404546164296860e+00
1.493450717736185140e+01
1.585638089929784833e+01
2.545705474275925440e+01
3.071750540143527175e+01
2.310601510279343884e+01
2.487693205887661207e+01
2.195953455235492058e+01
1.501570582565422818e+01
9.945835566356993951e+00
1.126003132243064542e+01
4.879370300255384052e+01
2.879419472001001168e+01
2.518645199676853963e+01
5.457467490439285029e+01
2.486416755599789497e+01
1.579811467881567744e+01
3.794547018661429405e+01
1.223860724549319556e+01
4.897586108099665658e+00
3.139435725798166388e+01
1.579183844496021116e+01
4.968665110759759074e+01
2.042865471762788232e+01
2.565101354421416602e+01
1.657415990651053761e+01
1.180660683536248889e+01
1.796073022275434283e+01
2.194826524661085188e+01
3.931052432012874220e+01
1.682661654279465679e+01
1.472915799710288276e+01
2.962243495656251113e+01
2.414106297605228590e+01
6.416486055264106980e+00
1.241637319682759966e+01
9.034471567228772315e+00
1.089349013026992452e+01
2.762138119082876386e+01
3.945729777139288075e+01
4.698479323913703709e+00
2.481684735010078668e+01
5.483810068793064652e+00
1.335492718611122953e+01
2.136773183235250784e+01
9.179908883174846324e+00
1.590825669298170908e+01
2.227057243976002354e+01
9.587534801844824983e+00
1.330055264558034800e+01
6.507903877583592589e+01
5.034153882792935519e+01
1.886469299538840971e+01
1.887366796217639831e+01
1.000763162007344320e+01
1.541795685553097961e+01
2.443282399745523747e+01
3.199694375131552349e+01
1.866550552485145431e+01
7.525391737693918337e+00
1.645539111345803818e+01
4.150029043599287348e+01
6.593639524394173002e+00
1.362013576663589554e+01
1.162012865950377893e+01
1.853327696830079674e+01
1.709683418756252138e+01
1.284779574853206441e+01
3.127057431572664115e+01
4.369882482229974130e+01
6.899449659032763194e+00
8.007748247719083778e+00
1.724114475595576224e+01
1.856902742323828548e+01
1.841721425926285960e+01
4.204700999196222710e+01
2.809833129089346926e+01
2.225330224453674077e+01
1.028294676294094678e+01
1.462716194284208449e+01
1.057083471067110558e+01
7.624901117852052046e+00
1.569561743305611046e+01
3.104554745948323458e+01
2.740224769491712209e+01
1.615995557439037711e+01
1.109317211251924284e+01
1.433404324051044831e+01
1.199320273156321903e+01
9.874057369794927652e+00
1.521025736920013571e+01
1.205044730614113213e+01
2.963606570611244351e+01
1.134568266095027766e+01
2.105052531500560775e+01
1.330839001819862943e+01
3.401281488695235566e+01
8.546064991804609434e+00
2.126618665928899699e+00
1.636067533334506408e+01
2.154714509554486668e+01
1.353037163951989541e+01
1.175552630751160521e+01
2.652355596296815676e+01
4.666626143080574884e+00
2.301497755074820617e+01
1.548309053759686549e+01
5.299594883502737552e+00
1.462014470220979767e+01
1.913915754164431604e+01
2.856307965525286008e+01
1.529063172640271162e+01
1.199488958876622569e+01
4.695792163119683948e+00
1.350668169566423238e+01
8.872741711089496164e+00
6.999267366252863276e+00
1.194879118618572633e+01
1.312468227050889169e+01
1.021106841213610572e+01
1.841931023299579095e+01
4.220824875996605385e+01
1.177004122832091326e+01
2.724499325185805532e+01
2.180832961542017046e+01
1.564766696708238847e+01
4.018257869422952666e+01
1.267747083866207447e+01
1.016928556805582673e+01
2.581005975168552169e+01
1.177345631553306404e+01
1.044523521039949543e+01
2.667356749767773039e+01
1.920015797780912692e+01
1.631751902478658067e+01
1.185419421340808910e+01
1.159995215356353171e+01
7.153510195264032312e+00
2.688960346486733144e+01
5.255438948635393182e+00
4.820756589488514976e+01
1.838942000777791819e+01
1.364021466442898145e+01
1.109447491050746493e+01
1.342586120927810001e+01
1.667161193296567845e+01
7.982459054415417476e+00
1.723761719750372734e+01
2.065872259355247209e+01
4.850816089910416018e+00
1.592316306938521464e+01
2.038964386543410257e+01
1.043028586870051200e+01
6.744076401533002141e+00
8.141794401490336952e+00
1.094514859009247765e+01
1.814099206011612608e+01
4.225397100856503130e+01
4.174657558515822586e+01
1.725813569157250882e+01
1.888851024913290644e+01
7.015247751467335036e+01
8.977694359313245442e+00
1.486791032640038779e+01
2.931988459207117614e+01
2.336034056018612048e+01
2.364211995418420287e+01
2.874324131972746699e+01
2.767529883405549285e+01
2.465034863704324408e+01
1.672961922722373274e+01
1.359677635586493416e+01
1.706847400523800218e+01
1.475548897547481531e+01
2.132662660071313709e+01
3.906142996658271471e+01
3.508040191282548648e+01
9.370012759271201475e+00
2.105827251412684120e+01
1.014061760749857655e+01
2.449369143690192985e+01
2.133859136052526395e+01
1.338790137288336624e+01
3.618885752259666333e+01
5.007457064870768804e+00
1.974820720609530156e+01
2.785803457836628638e+01
2.120195325535411257e+01
4.019300481734065755e+01
3.684864107347926421e+01
3.219442192301822558e+01
2.032964276445859397e+01
1.456626668097913502e+01
2.851143673247618082e+01
2.160645026317467199e+01
1.387700407479139031e+01
9.932630146528657278e+00
8.140115893736881603e+00
6.693766373586577778e+00
8.444694168317006699e+00
2.531111262977474397e+01
1.494703359365214901e+01
1.412056511114465529e+01
8.282644552754080181e+00
3.081783515925575401e+01
1.575308063600741804e+01
1.950822208996944696e+01
1.932546248271684064e+01
1.543286366079926708e+01
1.339245213491811803e+01
1.456878445133635758e+01
2.679585409803435780e+01
9.813368066917410815e+00
1.552659850284745957e+01
1.744923450259905096e+01
1.470977697359945680e+01
1.116910012888041770e+01
5.480907573059817572e+00
2.269100266052810611e+01
1.551530521779372052e+01
1.117966009670661620e+01
2.273328280791717759e+01
4.063523872399300352e+00
4.031703546740470046e+01
6.603706614348491932e+00
3.210095087335883779e+00
2.060115555555433531e+01
2.697258554751619641e+01
1.337306857880639122e+01
1.731193323408230356e+01
2.213061153833699990e+01
2.173006401275008415e+01
1.800937970217006878e+01
2.294643984751608556e+01
4.998361234905421391e+00
1.220013243536599923e+01
7.160697737966520648e+00
2.062123077991797615e+01
4.092068425074078419e+01
2.510901336832931818e+01
6.292284169082895673e+00
1.146693184110322861e+01
1.596491948416802487e+01
2.429585125705981596e+01
1.494426811808865097e+01
7.120140688904271542e+00
6.577392063588298754e+00
3.065972195110173359e+01
1.233029520097599274e+01
1.117232450382228670e+01
6.979308370704624842e+00
1.206620808068054274e+01
1.174347872675769722e+01
3.412246116237103877e+01
1.107577450612841652e+01
1.580467497806340482e+01
1.934054693180268103e+01
4.819880583421186060e+01
3.003572931624315601e+01
1.104527631622772432e+01
1.681959517544447991e+01
1.035747441634097221e+01
1.435499107397082064e+01
3.703982380210646852e+01
2.021665876478791191e+01
1.139044420510652955e+01
7.164398729217817952e+00
1.134133879057056760e+01
7.529839369683062777e+00
2.187309117290252303e+01
3.635079948125641636e+01
9.268576769449357045e+00
4.388884468499929525e+00
3.132168650164584633e+01
7.792326109160829795e+00
1.636821287274065284e+01
6.903426307541713491e+00
1.142032132081121176e+01
7.564679906670640719e+01
1.242777639668339340e+01
1.675089856646042108e+01
2.958606245748245556e+01
6.424280063176683875e+00
2.658905656194093226e+01
1.691372964932914158e+01
1.556731714693378876e+01
1.004841839333434272e+01
1.629040190185834192e+01
5.035847328425069769e+00
3.488260051403715067e+01
2.273348783203715229e+01
2.703637456166804753e+01
5.106267265989374238e+01
6.355890092148460901e+00
1.072825945545153381e+01
9.111328699671808806e+00
8.755183538710397784e+00
1.510543108846511018e+01
3.897853423653596394e+01
4.356018301082521305e+00
4.662394249009888370e+01
1.517221917997263425e+01
1.763930840698001745e+01
8.880994228737211671e+00
1.524529523760696748e+01
4.137265884547865369e+00
1.835299498535426110e+01
6.920696720052445627e+00
1.414910488119247844e+01
6.129117908062637454e+00
2.373115590950429166e+01
1.189012713157095469e+01
4.835320310382809517e+00
2.488563352658848871e+01
7.656980616942495210e+00
1.243875570183028501e+01
3.146717889678603086e+01
3.006854193577138901e+01
1.367391911940980087e+01
3.560244413626544713e+01
9.546813686315264391e+00
2.422575208494233578e+01
2.931394186480434172e+01
1.043606590259574141e+01
1.513507714484238242e+01
1.063217756957406124e+01
2.923574577127504881e+01
1.339389655726956008e+01
6.174736129073195023e+00
5.027889564607688655e+00
1.925939926118304157e+01
3.096847235605810056e+01
1.519676095129988980e+01
8.712320822014696375e+00
1.302147103263990147e+01
2.594307689133096773e+01
1.604854804151230496e+01
2.222639359866902353e+01
1.476589437002744631e+01
9.293995014887594053e+00
2.473415307645960581e+01
1.347073185513941596e+01
8.009974132424307669e+00
3.086288768077802658e+01
1.119139332307595147e+01
4.155631247188084387e+01
7.122885779600108158e+00
9.461432543977908338e+00
3.866777304148963879e+01
3.131279606308862995e+01
1.002426932173171181e+01
1.177714094902178665e+01
2.839219595978338262e+01
1.146274471415879681e+01
2.323827409981229053e+01
1.379152924689785920e+01
5.389158464776359381e+01
5.220985253841988794e+01
