8.386310151413459479e+00
3.021901343834817411e+01
3.330102655491788255e+01
2.440458430806761214e+01
4.155247441863078706e+01
2.011602069348015576e+01
1.210890996063182534e+01
1.895020519840827333e+01
1.485937045473371398e+01
2.384289277801773466e+01
4.867588520265856289e+01
3.103200288119543515e+01
4.109019254016988043e+01
1.397936174790197406e+01
2.737581968502414753e+01
1.798790679704452700e+01
1.104347646962967922e+01
2.402446639621853564e+01
7.699671206404690338e+01
3.603208730431395423e+01
3.855175982144453428e+01
1.747991868600791321e+01
4.363389287066693711e+00
1.892747643733919816e+01
5.626963053051775177e+01
3.165938428610469302e+01
5.223994966651311245e+01
6.793886894071431470e+01
2.886769079309187802e+01
1.559321001138173557e+01
2.104419804210300526e+01
3.150102729995020212e+01
2.205808160993415967e+01
1.826968536850964853e+01
3.462419050168587376e+01
7.747626418864244968e+00
3.168198383075480606e+01
1.515554790650852190e+01
6.989124324099462626e+01
5.135920198337105447e+00
2.889439478991424437e+01
1.396615897029625586e+01
8.836034252948056888e+00
8.826903451393457445e+00
2.032751807753972173e+01
1.150529561881937113e+01
2.710173702127298156e+01
5.610143138769211646e+01
2.357747192886210286e+01
3.655667571534620919e+01
1.414456022757898168e+01
1.158947756160375064e+01
5.228940866529295306e+01
2.174697179580520157e+01
1.223938578459798698e+01
1.400958343400299277e+01
5.213623966910928687e+01
9.307982991722989041e+00
2.706704852492197944e+01
3.296475383381427093e+01
3.869657961429690118e+01
8.926602742655171951e+00
5.324155693915174403e+00
2.241257286798882120e+01
2.184798526674115848e+01
6.182938447446695562e+01
1.648665604478063074e+01
2.530397039865013653e+01
4.330204769048540925e+01
1.173678993749521915e+01
3.450690395333238314e+01
1.611658498239689052e+01
9.797127089573452352e+00
1.410998703714101232e+01
2.485609395679220768e+01
1.511737837273989449e+01
1.810191090162333438e+01
2.988344823965640984e+01
2.480522585236123234e+01
8.926633351827343077e+00
8.929692370593778605e+01
1.224140983893272150e+01
1.100442205033930598e+01
3.862449513007297242e+01
4.218662648426633410e+01
2.880287464654374574e+01
1.327034815675389368e+01
2.863570902579357735e+01
3.880680363606298044e+01
1.391506098031158878e+01
1.237678272529183765e+01
7.954837802154368376e+01
2.428465633345122399e+01
1.318342279578317289e+01
1.938548281490769298e+01
1.355293158499888051e+01
1.647587875018920656e+01
1.717660239865914562e+01
3.449574256997682653e+01
8.594430603782421940e+01
8.426339269500909168e+00
4.933389420772129341e+01
1.855113899729711946e+01
1.358568568189800807e+01
6.541236294093020831e+01
1.750908096642026024e+01
1.356718306676879671e+01
2.289521802741747081e+01
1.345959331982228768e+01
1.365034287266329294e+01
2.263986484892627971e+01
3.917312949089603791e+01
2.311593383447647199e+01
1.508218861546354894e+01
1.668321148888382766e+01
4.442834167010348523e+01
1.998777213588369150e+01
3.155297399249101176e+01
1.112404152252145195e+01
4.403319035183216101e+01
1.496790031739191207e+01
2.218239937046281796e+01
9.294238186504447441e+00
1.982304825695922545e+01
1.859745528382343238e+01
2.880906188338700957e+01
2.238529543364102636e+01
2.939037026347923032e+01
4.355772849212208797e+01
9.867512298365765488e+00
2.386113747822108166e+01
2.832443194215897719e+01
2.099176652213566996e+01
3.527840099357582915e+01
1.539852901363471638e+01
2.631600914224900478e+01
2.610999580845425783e+01
6.814817430576455592e+01
1.460625751149946794e+01
1.324289898323265291e+01
1.505229287891410905e+01
1.460281729057609468e+01
1.082384291704244816e+01
3.854672089659240442e+01
1.461237470437706776e+01
2.653557129975090589e+01
6.155359667620160025e+01
7.794770317044696917e+00
2.726031975173198063e+01
5.516134583298889282e+01
4.629668592617964151e+01
2.064801555517840370e+01
1.784150601353665166e+01
1.916240605134811048e+01
2.164054485830552466e+01
4.263074768845232398e+01
3.006484917996981920e+01
3.549330909144343593e+01
4.213308163491046088e+01
2.897770593480344559e+01
6.760517640236250259e+01
1.652456144902635415e+01
2.962076970289825084e+01
2.044221771351010375e+01
2.210475763195609389e+01
2.247814375018317534e+01
1.603051667337766162e+01
5.827456111578200648e+00
4.928488502348891132e+01
2.423577196944195222e+01
2.453214389707061116e+01
3.254191112445589340e+01
5.479703678167585679e+01
2.288068264017716302e+01
3.444232022410985650e+01
3.534170851093832511e+01
3.849768289102300400e+01
1.881026024530687835e+01
1.707873826946546103e+01
2.588325053518054375e+01
2.386851067044181107e+01
2.685619582360750357e+01
8.134288206868900417e+00
9.048872728396826659e+00
1.770588576831480765e+01
1.861846696595251416e+01
3.649439491268518765e+01
1.692085403807198674e+01
3.146236685869905614e+01
1.275598288911361244e+01
5.512425425177767124e+01
2.389335035435980714e+01
1.538884290056220294e+01
1.487973173986899234e+01
1.273668551501182655e+01
1.961242126761398907e+01
2.128035142377549960e+01
1.094719306146600246e+01
1.837852348551488291e+01
2.185938099028932413e+01
1.656785632148641341e+01
2.980558404954198082e+01
2.163408411596165593e+01
1.167590862688515330e+01
3.927703194951165955e+01
1.052686021675085293e+01
3.143902510647937376e+01
2.529281838318967601e+01
2.250095565617376892e+01
3.213492422703021845e+01
1.307935787901617353e+01
1.609803698606392786e+01
3.591566748400408926e+01
1.412161159289135526e+01
3.149256077367695639e+01
5.247340979542094175e+01
1.477743445696541968e+01
1.271435475409194282e+01
3.354746582024453971e+01
2.324689429022736320e+01
1.186326054856628787e+01
1.924591801993113904e+01
3.739812464126833191e+01
1.761522202645117474e+01
2.090713545611398061e+01
1.180005453467119203e+01
1.041633778552762379e+01
3.749346753711851221e+01
2.342197927207306307e+01
5.374449590218957695e+01
1.196336238313093858e+01
9.964256672396462733e+00
1.693712657889846795e+01
1.127435206139649182e+01
1.688444078532408099e+01
9.979640012729564091e+01
2.520912600778708068e+01
1.335640968483348701e+01
2.430526186810379485e+01
3.776631858000972386e+01
2.513993417530304342e+01
4.800042015164401654e+00
4.206517313036118821e+01
2.383350942669434502e+01
3.565667058392851629e+01
8.291135623313724778e+00
2.495228283011069337e+01
7.776882666928112364e+00
2.100681995513924960e+01
8.157198924301233944e+00
4.379937358738737885e+01
6.262276309535019436e+01
3.329696220846099664e+01
1.020461411899401760e+01
9.388324502891961743e+00
2.130979057200401527e+01
1.732544975476538696e+01
2.659515988179056478e+01
2.617104887823963821e+01
1.492371541422302350e+01
2.597837138247421862e+01
4.095017097281455420e+01
1.384773325112506015e+01
5.036382638784275656e+01
7.855298223971361793e+00
1.069392655260493683e+02
2.986562850382539480e+01
2.546841884261887046e+01
1.437192663166074347e+01
1.445578765403569577e+01
1.517721220359533696e+01
8.437293176013321627e+00
2.140775816306173951e+01
3.150453511379346594e+01
3.592465244386735890e+01
2.643864463056142000e+01
2.248272765402945694e+01
3.210580562516653913e+01
2.124484303954866959e+01
1.428010994855344329e+01
3.323630188811274166e+01
1.339154036767904188e+01
1.933646020535449139e+01
2.566389146563842871e+01
2.066822146744724620e+01
1.506853114562780149e+01
8.165358983284010108e+00
1.788765019386207555e+01
2.327489867453066807e+01
2.945545332734931065e+01
1.518519486071065216e+01
3.372518727432056096e+01
1.207308896267060661e+01
8.915496060654728439e+00
1.304297264010171986e+01
1.555164693664415232e+01
3.435264471004276743e+01
2.802068131130882733e+01
1.287276341471510754e+01
1.238474599921941532e+01
1.482775209286882045e+01
4.722866174420529717e+01
1.832064140644173733e+01
1.949113396919857522e+01
4.824368412959241681e+01
4.759317357052360364e+01
2.247179855811713622e+01
2.089963034759870553e+01
8.424805282018510866e+00
1.743890138632501063e+01
4.959593674207822822e+00
4.709358281249227218e+01
4.946708378611766221e+01
4.451735062349167293e+01
6.375779148090363613e+00
7.967404761554250925e+00
6.028282824775049420e+01
1.010982764122947408e+01
6.726181154908651649e+01
2.624733832172968206e+01
4.506299671317243849e+01
4.289751408960651702e+01
2.136133878483937210e+01
5.300448704617483031e+01
4.452905997434069008e+01
2.141058734384164808e+01
1.076322666102817749e+01
2.496784214644641864e+01
1.284644545021910211e+01
4.372937677158608238e+01
9.604491795746161742e+00
3.072569312249176932e+01
1.297288451645065699e+01
2.936062406938049918e+01
2.414088386146786647e+01
2.590214302707472527e+01
2.559184045442755107e+01
1.217013169614136636e+01
2.594164911432340404e+01
2.200468276905440490e+01
2.930975586443464209e+01
1.654345671022392139e+01
3.597191780005019268e+01
1.233895721963185110e+01
2.141466160917446260e+01
1.899771842560387114e+01
4.953544856134785590e+01
1.842281703651143232e+01
1.709512138322086017e+01
3.244560295531197625e+01
2.848483387878703965e+01
5.297359862550096210e+01
3.140985175034143850e+01
2.253319600372194387e+01
2.070787687151565493e+01
2.010197678703145030e+01
2.402198077338070092e+01
4.235112789324178806e+01
1.562889781320318328e+01
4.962154622855614150e+00
8.754196128719224035e+00
9.773016752976888100e+00
1.941157121331081470e+01
3.006976895205739098e+01
1.583178789240530548e+01
2.802927567770755601e+01
1.608987108576734570e+01
2.470371251083734165e+01
9.829105335678875122e+00
5.047789016577764443e+01
5.138106235737503802e+00
2.433408256805958203e+01
2.165573686460912839e+01
2.420115007211225944e+01
4.138618353492570634e+01
4.108177684633067628e+01
5.625695128257733302e+01
8.191892786346450350e+01
3.490403529630580692e+01
1.311116890895790910e+01
1.807874042207552989e+01
1.495220766957717906e+01
1.210188290424861357e+01
2.805516739609950960e+01
1.583362285914869716e+01
1.452517907039060852e+01
3.009419659641335087e+01
3.202420969681980978e+01
5.204814110126696391e+01
1.783828637010215346e+01
3.415434960423357325e+01
2.790953513053616675e+01
6.681183170743521771e+01
3.358698892106194478e+01
1.006512893466183201e+01
3.861567581678036731e+01
3.205821167267237826e+01
8.957046437146734874e+00
1.272104585133644505e+01
1.280032728738436276e+01
5.672277609925767905e+00
6.072966110517737803e+01
7.427941589668797029e+00
2.973513610888424097e+01
1.575017977197286001e+01
7.350323633164951076e+00
3.057120107631024908e+01
4.629083469713860666e+01
2.642432441229555806e+01
2.950522671669422792e+01
4.515033026352714529e+01
2.884643827851665066e+01
3.088427553929573222e+01
2.681970787026158476e+01
1.646658698034861956e+01
8.403944718331162278e+01
2.448010004895000691e+01
8.167037442659569990e+00
4.379455450851229159e+01
8.044562078055717436e+00
2.512279222789990030e+01
4.654343314463418579e+01
2.181451146684610620e+01
1.350552927889338406e+01
2.352910499812341527e+01
2.161704814503747585e+01
2.373098607437596286e+01
3.335559119402510930e+01
4.463425540250459278e+01
1.199291422802900797e+01
1.106585776688707057e+01
1.246553353309292334e+01
2.564363979680183547e+01
4.811842881181357967e+01
3.543079697029703112e+01
1.912020764932126227e+01
1.585664733062715470e+01
2.946233511900931390e+01
5.013330350078715014e+01
1.025594387850620848e+01
1.624572396310314559e+01
1.497936511013891092e+01
6.209720630050860279e+01
1.949066684147539519e+01
4.057846736496200180e+01
2.194812623594676282e+01
2.513103641841165370e+01
1.566205795177744520e+01
4.037726174879783514e+01
8.122629061211428692e+00
2.849966500317524165e+01
2.679756239959899133e+01
1.709310870233835189e+01
1.446520949749968388e+01
5.691818484960953128e+01
2.272314725290012660e+01
1.799108912447194442e+01
1.765226638624320898e+01
4.488944864077353003e+01
6.820024896150864890e+01
9.577523172015563802e+00
1.601016337145803448e+01
1.132447012535801356e+01
4.581589435231528995e+01
2.202831931696616152e+01
2.733236433541385679e+01
2.950749237979681538e+01
1.128842005264642268e+01
2.488009453678101934e+01
6.495631597306380911e+01
1.532762717371063843e+01
4.127583662813309218e+01
2.981514587513975556e+01
1.681082847881775777e+01
3.174952829123192899e+01
3.005765592796035435e+01
2.038293056068862796e+01
8.588976475425713630e+00
2.611465606248827953e+01
5.050483112392200269e+01
1.014840323548716228e+01
8.656745866821301760e+00
3.176732851729195772e+01
9.701910498699280794e+00
1.853888936387963682e+01
4.208359460975088240e+01
2.626491961226716398e+01
3.277354661254609169e+01
3.956346428850748254e+01
2.184716909035042676e+01
2.605409542439178949e+01
1.992531064286736608e+01
5.744716019199006496e+01
4.609521579517214462e+01
5.425611968870375534e+01
2.807122371296365415e+01
8.209379982354272798e+00
1.520169067820996212e+01
3.492660151808634339e+01
2.844610060390117923e+01
3.161685345371880373e+01
