7.457717919020661945e+00
6.880554887243904183e+00
3.243137389337822896e+01
1.308983895785142160e+01
1.920523325157224548e+01
1.650295809704785199e+01
7.475777446652534408e+00
1.769782829928584533e+01
1.625737869159961946e+01
2.145000563331195309e+01
5.227165693144825553e+01
1.582940775588500415e+01
1.980336178700583005e+01
2.919673379986392447e+01
7.569716531643838664e+01
2.598734755366574234e+01
5.979219908330487243e+01
1.133818890278757685e+01
1.141441457783693636e+01
1.753429764646400812e+01
7.326476577077005459e+01
1.711116806393069822e+01
3.907934472069378984e+01
3.035710387049758197e+01
2.159278378381269903e+01
4.208374376032880804e+01
1.326063608249715564e+01
2.093802720255674643e+01
2.068323538192660749e+01
2.046635191313184521e+01
2.969412833200247803e+01
2.426450379965649162e+01
7.444813733913076703e+01
5.119289034292683027e+01
5.259898693574961470e+01
1.177558999685367702e+01
1.599361607293068666e+01
5.425098042580326307e+01
2.121843052513354877e+01
1.853056876426147070e+01
2.128441035802530834e+01
1.903478820698421003e+01
8.466963818366373573e+00
3.454183397603149785e+01
1.893250390194923582e+01
1.650515456688893678e+01
3.083075567526778471e+01
3.441923774042571438e+01
3.052072189638331068e+01
1.931060129248661639e+01
2.027005523543743237e+01
4.698727432277703997e+01
6.029154995563166608e+01
1.280565623570559985e+01
2.304722652898194113e+01
1.053290197382552584e+01
2.896962405364013904e+01
3.689904825896828555e+01
1.332212906083698556e+01
3.352805602194968060e+01
4.215394753797306748e+01
2.023863360447954207e+01
2.925211015036376949e+01
1.581015055296360572e+01
5.977633544868953663e+01
5.299526972862478402e+01
5.599055140595726954e+01
3.685310237134601152e+01
2.687700190980393700e+01
7.584172691908300123e+01
3.934018968661909099e+01
1.432842406410547476e+01
1.841538377202793342e+01
2.846546227476961022e+01
2.699270146912621726e+01
1.939270246616268523e+01
2.134272903853103287e+01
1.559919764533175091e+01
1.723996248264368347e+01
3.851900924364360890e+01
7.383190823537342240e+00
2.392646529686765433e+01
7.285185098336340559e+01
3.408046798217683460e+01
5.022543977664009418e+01
7.741549700383606236e+00
1.659431931734436105e+01
2.222317220011898087e+01
1.679228385130090828e+01
3.354986988408548143e+01
4.705278159623807710e+01
3.633878545322258447e+01
1.401698715738050716e+01
5.585285788269708718e+01
2.035315118863779205e+01
3.187007412269811368e+01
4.664714329906104950e+01
1.737704302353369812e+01
3.774867986574956369e+00
1.422905938533709680e+01
3.320940316529428316e+01
3.901656590136809655e+01
9.888357209619458743e+00
1.440427528310289595e+01
1.060529569976379527e+01
1.561415773439070698e+01
2.303083854387785223e+01
4.680419240602876130e+01
2.649653226085862201e+01
7.497963370347500600e+00
2.396723952365177013e+01
1.587204254022780248e+01
1.291131802721006849e+01
1.616734249408900581e+01
5.327023550558543263e+01
4.217868890001778936e+01
3.998743264615668380e+01
4.207822000597764855e+01
1.869841963599294843e+01
1.463638054895353591e+01
6.436357348645656451e+00
3.195585987745328538e+01
2.191431879533246985e+01
3.504423504493119879e+01
1.462201495015679953e+01
4.657113284947334364e+01
2.444573858968005808e+01
1.823793010086595245e+01
1.822765753111876563e+01
2.413497287507081879e+01
2.979846728765150488e+01
1.352540864948002586e+01
2.365485788754443774e+01
1.783497220674824391e+01
1.048881056107750354e+01
1.592040233681271211e+01
6.895511115999213736e+00
2.819397562180004968e+01
6.983674611182917147e+01
1.407340140219326052e+01
1.058991510270504399e+01
2.184473376646021237e+01
1.146276903431253302e+01
1.750792278262039048e+01
8.389650153257848686e+00
1.273681158127887514e+01
1.774748789727434684e+01
7.380376042703991502e+00
2.380572574325473312e+01
2.352313017457830568e+01
1.106332030947758938e+01
2.196959114400469204e+01
4.139132047599384379e+01
3.572135196124296641e+01
1.960312075440558033e+01
2.405227932218026865e+01
2.339586841802839956e+01
2.256662088236534913e+01
4.942923264618770673e+01
2.266297334715647693e+01
2.460383509278931058e+01
4.806289713154556864e+01
1.551018405777448095e+01
3.785370323860043840e+01
4.022502283459810712e+01
3.529194499794972018e+01
2.336830340471041723e+01
2.025777453744099077e+01
2.853810761769802085e+01
3.305881744681671108e+01
2.323584407364312909e+01
3.527578455191305551e+01
1.269659669217557507e+01
3.060696490785151624e+01
1.518892271334713584e+01
1.946228173489454605e+01
3.710594717253839292e+01
1.715353600902625786e+01
1.529106074805636872e+01
3.140935712929034906e+01
1.024289143317140471e+01
2.616447083495008386e+01
5.797274248112832851e+01
3.707957947829579837e+01
2.272982975757786406e+01
4.389823446699216447e+01
1.215503393557515821e+01
1.131925729802726366e+01
1.590540506441388047e+01
3.592454616270407541e+01
1.433595191190232931e+01
1.458021906819008073e+01
1.805428474979020947e+01
3.665170368213284036e+01
1.154111181197896663e+01
1.157357330538494011e+01
6.426669749743219029e+00
2.305352942772229596e+01
3.071819035482882043e+01
2.022270076133412786e+01
9.872410240096222367e+00
1.114413362498465609e+01
3.397627985665009476e+01
2.361835357134780367e+01
3.808634219083283057e+01
1.999954744178921118e+01
1.771187596251640528e+01
2.075405334415255609e+01
9.162090699120703619e+00
2.442020499887465235e+01
1.469123862801074587e+01
2.857566950075991130e+01
1.245812388343712662e+01
1.293935286216627212e+01
2.068611516986519305e+01
8.994532411030597530e+00
4.047552083165411574e+01
2.300850209778070621e+01
7.221502693861650002e+00
2.090423755406228068e+01
5.168729292017165022e+01
1.974238369997642550e+01
1.855832228048050681e+01
1.977538385797039311e+01
1.190260173968944457e+01
4.234331018564056848e+01
1.070894677997018896e+01
8.707384205353475792e+00
5.081754101038877991e+01
2.079492913377830732e+01
5.107950398662596037e+00
2.320923731027210479e+01
2.759230519355771349e+01
1.939538904223916660e+01
1.422618563790572388e+01
8.682395644089808684e+01
1.059477994773577691e+01
1.202038022945401963e+01
3.564926191728272897e+01
1.009209738877587803e+01
8.958760747954716663e+00
1.086476401546489612e+01
5.229029551071333515e+01
3.807826955685040815e+01
8.143692642914953694e+01
2.864786085914940017e+01
1.560883840949666990e+01
1.188118095122723794e+01
2.381021708573011253e+01
1.960622109476330266e+01
2.333720109285230393e+01
1.777727802156526238e+01
2.361908507998022344e+01
3.455039924470725765e+01
3.924366074295967621e+01
2.943145718278606893e+01
7.007825029229371694e+01
5.983692418902884924e+01
1.687068413746905193e+01
9.257245040664354718e+00
2.641712233303220358e+01
1.823370604697185016e+01
1.190515984152297335e+01
9.536840671153205662e+00
2.745801006867942107e+01
2.672774096704382885e+01
2.881650256658351594e+01
1.490936952108284608e+01
1.170460561165445945e+01
1.549978109345078003e+01
1.602419933905325422e+01
3.084834820266381783e+01
3.467911439618286096e+01
2.068056159041586284e+01
3.374663811489900667e+01
1.771635219150861928e+01
6.699653636760193365e+01
1.782049661402210816e+01
2.501652491708727410e+01
2.004153000930933359e+01
1.094580219290483569e+01
1.882088133902690430e+01
9.337208135113453267e+00
4.399687368514184271e+01
2.767734492912392952e+01
3.599390298732214166e+00
7.104233707285236399e+00
1.629328225086645787e+01
1.800455197905104399e+01
1.636730318183170851e+01
4.451836446227275701e+01
1.990661860240878767e+01
1.596470095800085609e+01
3.210780027254011770e+01
1.209942844777754267e+01
2.765368931014971565e+01
7.898121838931012384e+00
1.403148367668901209e+01
1.546523233161441802e+01
2.664855621737112301e+01
4.898245367111979931e+01
1.878567234979580292e+01
1.006001204377557023e+01
8.096708071904730630e+00
3.222360913870082300e+01
1.946083052895220078e+01
2.659176379806054413e+01
2.295363870610700019e+01
7.181405010184270132e+00
4.095942708477313943e+01
1.453560511619229878e+01
4.298965465058532232e+01
1.880375507246339239e+01
4.307853444446016766e+01
2.947263043074870836e+01
1.721009509447399566e+01
2.027832318139558510e+01
3.875286551117503819e+01
2.265458790456793281e+01
1.210653100883270916e+01
7.613454882299950555e+01
1.891665301363618923e+01
4.392056841503074338e+01
1.914264800136249178e+01
4.022657230634524694e+01
1.117452253480566071e+01
8.601997972358734756e+00
3.322949642387200697e+01
1.735620504344100468e+01
3.943666203526647962e+01
4.467478807404975072e+01
3.404766173427780274e+01
1.828072265268188445e+01
1.077041252557251738e+01
2.324277763895503313e+01
2.375335672818774668e+01
5.059336609132357410e+01
3.797044869229391395e+01
1.740528958684548400e+01
4.520577167274529273e+01
2.884716710070216905e+01
2.579582086720032308e+01
2.640739366346048200e+01
7.777277778276838660e+01
6.492359002509058996e+01
1.028496331972508244e+02
2.439988908748010488e+01
3.565623376089931895e+01
1.759375354111453404e+01
2.087138781621362327e+01
2.241685825087371953e+01
3.104024901308261875e+01
1.526093901199058145e+01
1.721707902316709493e+01
2.297671958906079226e+01
4.124375371817338731e+01
4.813154446491029859e+01
1.798736055509597165e+01
2.370363264208895160e+01
1.669583989085551678e+01
2.111305503910020320e+01
1.337723621898364890e+01
1.722766998537420946e+01
3.555624443204081331e+01
1.021561467008148050e+01
1.785775956446686763e+01
1.865327381466805434e+01
2.037973968579560591e+01
9.872998264070020014e+00
6.047657262955179647e+01
2.259989915285926898e+01
2.856237943458770090e+01
1.431225134317446468e+01
2.020153171401778991e+01
1.717185056564995449e+01
1.937237818798669053e+01
1.688265133325747058e+01
1.861094216270677038e+01
2.367611058121342182e+01
1.886853980905138073e+01
9.514660622947454627e+00
2.299222923083574344e+01
3.145789340119234367e+01
1.606614188782302932e+01
3.113992703905580939e+01
1.319801026317883696e+01
1.828320376479441833e+01
2.030266562279487630e+01
3.182445486141994451e+01
1.770526092900966475e+01
5.538487155255751304e+01
3.807768660126588856e+01
2.793008932655513732e+01
4.442015120364548864e+01
6.263195704842015488e+01
3.453484420678356770e+01
2.107583318551466789e+01
4.725842956853899324e+01
6.862254398890457630e+00
1.768553288726724304e+01
4.424145843131216616e+00
2.658755171780292414e+01
2.154917194965323901e+01
3.236401326200272166e+01
1.395947045436876621e+01
1.312959669323959844e+01
2.290925606628373856e+01
6.665887305955528142e+00
1.262513934111495395e+01
6.680630092113766239e+01
1.071687309834486257e+02
3.526240368943438597e+01
2.967415725705632212e+01
3.493500683555939190e+01
3.132021578963213315e+01
1.456430036268555739e+01
4.952908627984091083e+01
1.819270209223682855e+01
8.868436235669594936e+00
1.303832814566716358e+01
2.663709546508596304e+01
2.244015433783576086e+01
9.261212892608483571e+00
2.869277033267792731e+01
1.815062251508770430e+01
2.365081472779562688e+01
6.644647089760586312e+01
4.692363975758789252e+01
1.888771420326802186e+01
2.289940206983009929e+01
2.685056197315135407e+01
1.301173890949227108e+01
1.686670091440958430e+01
1.145394718550958579e+01
2.707654604519492025e+01
1.422138451307046303e+01
2.590871553458943310e+01
2.401594987079894850e+01
1.445600435598897526e+01
1.054363277886603179e+01
9.963881842128502697e+00
6.028149147327864199e+01
4.366701115991805437e+00
9.527556629645195230e+00
3.243256922299481460e+01
6.819168204518815912e+01
1.772389379212493665e+01
2.795747427841434529e+01
7.327477361383988530e+00
4.012538099732637420e+01
4.011492376808524796e+01
2.926381735119871408e+01
1.739782186770135652e+01
2.060158286748935197e+01
1.758333261043450335e+01
3.272048427844485019e+01
1.802311722738804889e+01
1.737728523461515096e+01
4.047074288525032415e+01
5.686195385344595365e+01
1.155137525093191364e+01
5.278849147124937957e+01
3.240059916111032123e+01
2.473041843854625554e+01
1.699968216873187288e+01
4.419570059417476671e+01
4.399472722125976532e+01
1.859160626592190013e+01
1.501848772038857227e+01
1.741589125509085534e+01
7.838426064008926630e+01
2.291247122259252578e+01
1.747377772551810082e+01
3.652740856284450643e+01
1.871020464739358857e+01
1.362076210138405408e+01
3.580694961680779187e+01
1.873709013792041844e+01
1.362757982037531868e+01
3.796382353453623182e+01
1.519298421190274340e+01
4.790830386712044309e+00
1.259575725603346719e+01
1.520051038289475009e+01
3.073181479695906404e+01
2.480582915678693112e+01
3.536834905519417305e+01
3.119904811145953261e+01
2.883697991549592743e+01
5.815558047102542538e+00
7.271533271909946450e+01
2.804958811639160743e+01
1.153152846931265856e+02
3.489586034427633621e+01
1.542268449816341125e+01
3.157985534795315274e+01
4.365157720272582509e+01
2.167540859371811024e+01
1.378274324974884735e+01
4.871807115066378913e+01
2.458068966118102949e+01
