8.366733029530466936e+00
4.123451879329653735e+00
3.718030154048443592e+01
1.076975714886469149e+01
2.515392031433272280e+01
2.422651255460838371e+01
7.720886086130732018e+00
1.143443874023053297e+01
2.967968138508457443e+01
3.610786838739652893e+01
9.337360185229833576e+00
3.213619076284856657e+00
3.044542090647001231e+01
1.594215610518216408e+01
3.624682870090801590e+00
8.730391606295313522e+00
3.835759817985970699e+01
2.189034201509659283e+01
6.109431929195416444e+00
2.041929141822252092e+01
1.816505324926865228e+01
4.945359351388859181e+00
1.001856729068626173e+01
5.337337800211593475e+01
4.282522900943695809e+00
2.405461530873731490e+01
3.108495080629172680e+00
2.755699854471740196e+01
2.057604731624386574e+01
5.903546664934188115e+00
6.561028019072699280e+00
1.982231424436830380e+01
1.798865089040464582e+01
5.434660181572372295e+00
5.014675246751084892e+00
4.535312535499585351e+00
6.196506888587572703e+00
1.023664721717726778e+01
3.377501138170171835e+00
6.158272271640820250e+00
8.372423792789116526e-01
1.455164273683830523e+01
1.420663128250926199e+01
8.950363267225538877e+00
1.836503899744777968e+01
1.356794035242004881e+01
1.990609211378595234e+01
6.801846849654748617e+00
1.274574670018696843e+01
5.365287767761133253e+00
1.108997293067793777e+01
1.295255180110491722e+01
4.853232063321486933e+00
1.363282835717716424e+01
7.906799495105308218e+00
1.862481646149870684e+01
6.368460704968960329e+00
1.112754268278899694e+01
6.019514966709060388e+00
7.351343065261456644e+00
3.455262145798462114e+01
4.260345336411927697e+00
1.181539086344622369e+01
3.010802055048921844e+00
1.876917836089117841e+01
1.721193955346404181e+01
9.547202439438727595e+00
7.687896597611588057e+00
3.142189469167126159e+00
1.291193328862108380e+01
3.789058079868136808e+00
1.277234178747272786e+01
1.432323669191629278e+01
2.028011215587318006e+00
1.204874763730677500e+01
3.403063611874971883e+01
8.604092112106791035e+00
5.103180263256491322e+00
1.792993850739821937e+01
1.003508879619698213e+01
2.736391267288513518e+01
1.726961797336277726e+01
1.957789490892822926e+01
5.749137414190153450e+00
2.717246063937129463e+01
2.019863686896621147e+01
6.957629273507500933e+00
3.532732590798266159e+01
1.267223853917951537e+01
3.565455849231186747e+00
1.154409060630253236e+01
5.169864641051121623e+01
5.707063418301156155e+00
2.118606953156610118e+01
1.301672702111456736e+01
2.183719155621109209e+01
8.676467524059292558e+00
8.694652842018385286e+00
3.113930165654677396e+01
3.934517427754111285e+00
2.703792358472022173e+01
1.038741151595371370e+01
1.583987169583332744e+01
5.508132737625881958e+00
1.336424870715099900e+01
5.291253546936409258e+00
2.120182664599279931e+01
1.127270329224662682e+01
7.816231446976670938e+00
1.568157492089389748e+01
2.141060087044461380e+00
1.688400695332550328e+01
6.471193436973585733e+01
9.580404680930293182e+00
9.123496574221078959e+00
1.084691425439667789e+01
1.511654372930473222e+01
4.416083489176639887e+01
5.042572297048173446e+00
5.012264153339847894e+01
1.382532152071202347e+01
4.593062526382130528e+00
3.349003330675495160e+00
5.323815209218881961e+00
3.065086462770058162e+01
8.663524951080233905e+00
6.833215348531939348e+00
9.652269252703730373e+00
1.440824051949370244e+01
6.321017920718869476e+00
1.177946455812928050e+01
4.126785940734364289e+01
2.988528644146784430e+01
3.207158801300104667e+00
8.154245432628698609e+00
2.635633881895047637e+01
1.547272684839953172e+01
1.421970870274508414e+01
9.423609474758977811e+00
1.788738601084237700e+01
1.973651919365829244e+01
6.107928339288958064e+00
1.120950669992807214e+01
1.000553752030643828e+01
2.947814092918630280e+00
9.039608491412277402e+00
6.630807542585504422e+00
6.605619135144118026e+00
1.134941627593540048e+01
7.800196590032682842e+00
8.086651837640541629e+00
7.291599383535064760e+00
2.099143334233633951e+01
1.524170206162646579e+01
3.026756044798374568e+00
2.311533835561161965e+01
8.293835808227678186e+00
1.210526202824646980e+01
2.421493497277405993e+01
8.024504349094307987e-01
2.168886609883118766e+01
1.978214374389419916e+01
3.772498662580100159e+01
7.042169513383671919e+00
2.010326771690679237e+01
5.760667848271650016e+00
1.731326755551023311e+01
3.934715211781520949e+00
5.043007153362513151e+00
2.472941161649887309e+00
4.809008676925000891e+00
3.897304734379857472e+00
3.080917128484546197e+01
6.097744506398328213e+00
4.509906604325546908e+01
2.218208594428859115e+01
5.952357581882210980e+00
4.460298624738089579e+00
2.830711983271203103e+00
7.018502576290300610e+00
8.754849704281067346e+00
4.866315840375974489e+01
2.742562119216342253e+01
7.730627103378880705e+00
1.467553093906095008e+01
2.649388121213453218e+01
9.207345464137352664e+00
2.255373871441220146e+01
5.448455257719388101e+00
1.293350440333356843e+01
9.890619537250097792e+00
1.324884994077351408e+01
3.330434741254282471e+01
5.412694461838539439e+01
6.747082230340325282e+00
1.320165527278612316e+01
1.636938966520404382e+00
2.000312137669841839e+00
1.425278858641556212e+01
2.334404757773821615e+01
5.343393770570753532e+01
4.130773777771512556e+00
1.422440123792516431e+01
4.040858506505697889e+00
2.930000847534096309e+01
3.715410809484848809e+00
1.810190060973553727e+01
5.835894409534146732e+00
4.791190268222017323e+00
2.079587026678374073e+01
2.182371002742115706e+01
9.197875630192410057e+00
5.729041920963326540e+00
1.160626069841167940e+01
2.967249981623255373e+00
1.822011896671110165e+01
9.885015246255603572e+00
9.294977015121915542e+00
5.785047605463111253e+00
2.283256197469441062e+01
4.725627902301752670e+00
3.261265224954994579e+01
3.250382190998556631e+00
1.232087603225489936e+01
2.040483418652004843e+01
8.383477002912425036e+00
2.340328153892712493e+01
1.392686448824542289e+01
3.813112063285708508e+00
3.337867109573246438e+01
2.628697647957437322e+00
8.428163061501711795e+00
2.763319212107978018e+01
2.708036179362498075e+01
7.879198450589337988e+00
2.423135931496274154e+00
4.749019643675306490e+00
5.826905622774271265e+00
3.918178040783995897e+00
1.850666458489615351e+01
3.764995713729407889e+00
1.672610649955471729e+01
4.070071081712039351e+00
2.800054868914804374e+01
5.021550698889297060e+00
1.225553448466880369e+01
1.750564856094499078e+01
1.240448799974345739e+01
2.993045815021236677e+01
2.326451044247678013e+01
3.102629046357824549e+00
1.940899285780534456e+01
2.332029748098834787e+01
2.680339937661065974e+01
1.482129260300784779e+01
1.200499251593310035e+01
7.591537614106092846e+00
3.959040629890702689e+01
2.221812326840802854e+01
2.239913149615511401e+01
2.052555648922939469e+01
4.493709594948363417e+01
2.978334650792518801e+00
1.287661937091067621e+01
1.451068781124708629e+01
1.248866653853770536e+01
1.094033588113410183e+01
4.719405472545274982e+00
1.935289913605198198e+00
6.998804612021177718e+01
3.182726927902145064e+00
2.428501980343678923e+01
8.548115088810867235e+00
2.164860235072222494e+01
8.305167803834989115e+01
8.600607953751238099e+00
3.894328599549092385e+00
5.113087468472487984e+01
4.097810502938597210e+01
1.548693089537681189e+01
2.337508883145977379e+00
9.880115258267631262e+00
1.382364505722036974e+01
5.854031808522869973e+00
4.542971877934542491e+00
5.462538389012587814e+00
1.722334005206539587e+01
7.745948986609526798e+00
4.438525959629911810e+00
1.782797335846265208e+00
1.048249625525155793e+01
1.957853248668974810e+00
4.501602964392196427e+00
3.033041578177309816e+01
1.323427052190247366e+00
4.254550682293576358e+00
3.763980220673477106e+01
1.694150630092654097e+01
1.219007324847671647e+01
4.902652783561215699e+00
6.895180259573655768e+00
1.107193164383292583e+01
9.885491460767333649e+00
1.156497316616825657e+02
1.892913052498095539e+01
8.958081008148855773e+00
1.290057434892944244e+01
4.050273265899359210e+00
1.942537724789877629e+00
4.473241710936710547e+01
2.664376956187095047e+01
3.109639632900705664e+00
2.713519204941891161e+01
1.667211494208020639e+01
4.592474941751630624e+00
1.883489806474891992e+01
1.243162186199117336e+00
3.042407491487508864e+01
6.986035614198083721e+00
2.678760666193140239e+01
4.517716894021641849e+01
1.569985018138567057e+01
1.175242653326004927e+01
7.038870074430991330e+00
2.280296073954833602e+01
1.994062027557130534e+01
1.925717975347034283e+01
1.533158680662512729e+01
1.786509396670835059e+01
5.402114871977278199e+01
2.820103441559966484e+01
2.229753743912716413e+00
2.191088238212202555e+01
1.392425957184367746e+01
1.072013651499249320e+01
1.494108040664942738e+00
1.902123802070772918e+00
1.003448832758015108e+01
1.454924156047900219e+01
3.399186773755996871e+00
1.924750765814133402e+01
1.207659792113156705e+01
1.722322542733449779e+01
1.433537109234940132e+01
3.624472251992084004e+00
1.497234661391246036e+01
7.429962346717116084e+00
5.765696893733046835e+01
1.824677957730645517e+01
1.216255804543908781e+01
7.096529128125852459e+00
1.706474215045063403e+01
3.247575767554976522e+01
1.224681963242378835e+01
8.971942805640216179e+00
9.107293121849064477e+00
2.621469170909524848e+01
2.601141914449731729e+01
1.361469376965977496e+01
2.091069215908174428e+01
2.163443607078149089e+00
1.551662436353304031e+01
2.284819959080876117e+01
2.213131271847266035e+01
4.642922500296531041e+01
3.514277132998502395e+01
3.767580904741321124e+00
3.464203029317627802e+00
1.539171730214038369e+01
1.895170878384691804e+01
6.267217990485601575e+01
7.558377256981371417e+00
5.922436282227247162e+00
5.075847612117345165e+01
2.064570807982218525e+01
4.101100929973013010e+00
1.788959189798697835e+01
9.407454095732484589e+00
2.033793850034773598e+01
1.963384727566967314e+01
3.071207998847287790e+00
7.883006681131683457e+00
1.776705920471280464e+01
2.273365504560914374e+01
3.987476125415834627e+00
9.040772818536775901e+01
9.004780677261146948e+00
1.249656673213057800e+01
6.091813284265505501e+01
8.721523845839531219e+00
2.818370989463867460e+01
1.010234721260122015e+01
1.386998141198671775e+01
7.188794486971804787e+00
1.432854817182575502e+01
5.617002775376940704e+00
4.925079444865684941e+00
1.135401205595249685e+01
1.572449296836279586e+01
6.531433651212150693e+00
2.069676359202363614e+01
1.982118021939205121e+01
3.391825908403637513e+00
3.130691430192404923e+01
7.845806716808705339e+00
8.698503369795595574e+00
4.268200017917616051e+00
1.302319305236363078e+01
1.164093935605558805e+01
3.952941097260835868e+00
3.175020707983996715e+00
2.166401304858974441e+01
1.025158243645733691e+01
2.259084996630937070e+01
1.212407012849719479e+01
1.042786232765899790e+01
1.872527817932307670e+01
5.601599174208712384e+01
9.004793185596543736e+00
5.014064190904068852e+00
1.599310501893229919e+01
7.344582579079733442e+00
7.216026191503742027e+00
1.023529914037466426e+01
5.511844833865715287e+01
4.429282337570755956e+00
1.723293305463652914e+01
2.328345715647098757e+01
2.166947953989083331e+01
2.137921668429136091e+01
4.204846504871581736e+00
2.836420984820080804e+01
2.236021420645992919e+01
5.779120237118643644e+00
4.305940089306848684e+00
2.597833458374937265e+01
2.165091448398952068e+01
2.762745230057797485e+01
5.846805863153736738e+01
7.855303940493244852e+01
1.535377460442968811e+01
8.287934818508118084e+00
1.960490873563311709e+01
2.094528626783779828e+02
4.883696058539978679e+00
1.445549917767286630e+01
1.907646518170794891e+01
1.831332123583309723e+01
1.033394019899485983e+01
2.972973449954248615e+00
4.781787126031733237e+01
1.334317451623526551e+01
9.996957783935545905e+00
2.136942981094432703e+00
1.783050912340760163e+01
2.328486644085688440e+01
3.214212443298004729e+01
3.276809286654429343e+01
1.043651087680965794e+01
8.394121534602543733e+00
1.107554989428664705e+01
1.287185322371725960e+01
4.657011761301119712e+00
5.075111284268157164e+00
5.541197337762564956e+00
5.055627812893517259e+00
5.686083621759539852e+00
4.320161033710822807e+01
3.514100829770750334e+00
9.617939708003452992e+00
1.912481921252426531e+01
6.741517225371265631e+00
7.621585531721034812e+00
4.502146693473049410e+00
1.789746355683688250e+01
9.963553463804974086e+00
2.245764189764673091e+01
2.473306253841857583e+01
3.896321170773587195e+00
1.594473722401984261e+01
8.930584457115598340e+00
1.613428514185021001e+01
6.096786565749390263e+00
2.209911941944691094e+01
9.211357302190210206e+00
1.957877214802487842e+01
1.696045800093386680e+00
1.904852495723013739e+00
3.213145475979598764e+00
1.421696718906496670e+01
1.345524991879641696e+01
1.214734408159719266e+02
9.023072947691789025e+00
5.455223534868984814e+00
6.024821113219114288e+00
3.810194809076974387e+00
2.529079427087595988e+01
9.215176856866184707e+00
2.726871678251176689e+01
9.734214442651198951e+00
7.779974349891116248e+00
