5.248121930082056963e+01
1.527708406173979938e+01
1.173913363030325598e+02
1.047262250610473444e+01
1.032001614285143809e+01
7.524496779071341734e+01
1.180554240144712708e+01
1.193572310179233753e+01
6.510413667040164221e+00
9.944300683008503228e+00
3.385686785253555708e+00
1.719001260539088349e+01
2.176742840351750630e+01
2.280319957042524592e+01
2.802824631771862229e+01
1.073862955577778564e+02
2.854545423632194101e+01
3.417555710363543220e+00
2.532816011135809831e+01
3.242510818998125899e+01
2.858187140686830219e+01
3.409704039924116614e+01
8.495523106478426456e+00
9.994442661905117120e+01
6.272476849466648297e+00
8.237136392555180819e+00
3.649273062660392242e+01
1.299648275700447009e+01
8.757265597543938185e+00
7.615381350493915846e+00
4.941140429578919857e+00
1.924762214676497507e+01
5.124319901787965037e+00
2.115680538820842926e+01
7.738158420781434899e+00
7.785945485920440490e+01
6.710191100409549847e+01
2.204170761896251562e+01
4.871629917568576218e+00
3.900083762991218350e+01
2.577450500446962067e+01
1.078483811515095603e+01
1.094548888476038861e+01
8.785375495346935182e+00
3.873020416675517907e+01
4.776741820429718643e+01
8.820310888980188224e+00
5.992579506998281147e+01
4.412442557580214242e+01
2.343147095690933668e+01
2.223267145164361480e+01
1.281053892174886073e+02
3.222731752262718175e+01
3.206322951902002671e+01
4.774008838662691545e+00
3.377996441992625165e+01
1.274249615080368301e+02
1.885479264139783595e+01
1.939428983739104240e+01
1.203748820565433952e+01
2.305327503489069940e+01
8.803584142916768940e+00
5.412945689856300646e+01
8.831775193804146440e+00
2.842125834973674259e+01
3.630788461555989244e+01
3.777460461160766947e+00
4.932606915380946333e+01
1.592377728793409020e+01
7.378790770612766892e+01
1.537718875592433960e+02
1.175433031520518625e+02
4.120803296283646944e+01
1.545840892550861589e+01
1.820021433699524493e+01
6.287479370041723747e+00
2.771332848761136347e+01
2.923050961447665586e+01
1.906375927594417874e+01
7.480899451431107572e+00
2.805014362703859376e+01
1.922653913903136669e+01
3.959156560835207017e+01
8.554454574901031094e+01
5.687805538796878579e+01
6.165981177434920824e+01
1.542963693756148480e+01
1.899140001747918305e+01
4.469262859408392963e+00
2.130391085037874532e+01
1.641687525474552700e+01
4.218085355522389079e+01
2.962932912030962029e+01
2.149310908868140757e+01
1.908902277371112888e+01
2.841742512504819373e+01
1.315332037355891615e+01
1.915759041397810236e+01
3.433199209217972481e+01
2.031961057499693268e+01
3.146630433723493780e+01
9.695924395446395394e+00
6.989629181162567306e+01
1.222266700181979537e+01
9.051153275361224360e+01
2.068792912655461436e+01
1.210543946352794364e+01
2.016820644852776923e+01
1.753149966596115661e+01
4.236526554195947369e+01
2.943718216478080851e+00
7.182490523278933381e+01
1.165478808996909237e+02
1.315740677210313159e+01
5.307713263775671209e+01
2.895837192818136074e+01
2.545995096014090819e+01
1.078773216488504616e+01
1.234656442958200273e+01
2.087915279954637882e+01
7.832936259427363268e+00
5.298084927851528292e+00
4.581505659615614690e+01
1.283822147648595902e+01
7.265663078211412440e+00
5.753559679602069110e+01
2.321738946447763752e+01
8.507517293922377988e+00
1.798758346117504061e+02
2.020056783344470475e+01
6.694639243502719239e+01
4.124263297938211892e+00
5.433918327671234394e+00
1.831407980255997714e+01
2.308452138774030971e+01
4.808189595360017421e+01
2.293099810847143516e+01
1.724716117211465303e+02
9.408698479947540605e+00
1.581708767220121281e+01
8.213443293230083952e+01
7.568142648621942215e+01
4.431199980002292982e+00
1.169579196605513793e+01
1.390205336393701963e+01
7.946939500082348218e+01
9.319259954343806385e+00
4.528359805591870213e+01
2.352934531608902091e+01
3.446793025323047210e+00
1.335863355490390063e+02
1.813382559565012286e+01
1.328625013947480760e+01
3.430636530917058025e+01
6.049400522549547077e+01
7.122867615322443946e+00
1.077982457362833557e+01
2.561898463958017942e+02
7.719923975877053479e+00
2.061948528131432923e+01
3.331910397477935248e+01
1.096411159543326796e+01
1.525245354074452386e+01
1.621873539192369407e+01
1.134220294878559372e+02
6.328020859099250828e+01
1.013014745009823230e+02
7.060645583975212958e+01
1.024216771083505790e+02
1.602484595905544396e+01
6.356408371768633714e+01
7.954140866629798801e+00
1.328439347657855940e+01
1.099740107380096354e+01
1.693503825202422419e+01
2.925611023017161827e+01
5.136113909005899814e+00
6.071815764126856152e+01
1.344591416261816441e+01
2.078903321696454398e+01
3.038403810725264442e+00
1.465296174079517044e+01
5.838689487971143421e+01
2.028537808359574157e+01
2.128365262318455109e+01
1.288236720395727453e+01
5.325409240550543544e+00
1.954926668906841769e+01
1.500439204348618993e+01
3.049614429554281614e+01
2.344081866738329722e+01
2.254803961758237207e+01
7.476366392866553134e+00
3.942080867253452681e+01
1.958765875175616600e+01
5.783482898850184029e+01
1.003631631961372683e+01
1.096531236434393364e+01
1.060774452305669513e+01
1.039177973218467521e+01
1.474822579432538561e+01
9.654087636605257217e+01
1.969169234488610343e+01
1.071251719524234147e+02
7.137113156435910355e+01
2.178657247835859678e+01
5.740788261739405840e+01
1.125898694155744373e+01
1.855743459497165304e+01
6.051831487317059555e+00
2.025278884101719257e+01
4.209593702141207316e+00
4.469100600596287620e+01
1.905514142221281659e+01
4.426577186527834051e+00
4.910419845314796561e+01
1.496682449985681842e+02
5.223838933427947495e+01
4.091989329885517890e+01
2.862442835151761145e+01
1.714011758196435409e+01
1.699137259566143499e+01
1.464589060175132573e+01
1.005781570350406184e+02
4.202499971271920742e+01
7.567388449049535559e+00
1.326986754481479025e+01
1.065670357278156644e+02
2.707800016399929532e+01
3.741978552208276021e+00
1.046501926002141225e+01
1.025965624827827014e+02
1.502846441588988924e+01
8.523998522706614622e+00
3.620484416838777975e+01
1.903260796680630307e+01
1.268538250324255223e+01
7.744903790158357992e+01
2.889921071221867521e+01
9.743378420907179205e+00
1.481760143307392852e+01
1.303023805632694376e+01
1.034269843991480364e+01
1.331143937100259222e+01
1.298034115830395940e+01
1.404113610682752267e+01
8.498649621727029313e+00
2.423266437776820226e+01
2.527263673426124058e+01
3.766513844500825492e+00
8.610535240052021422e+00
1.713723947986973783e+01
2.244300414776173724e+01
7.845236154852614163e+00
8.200916971863740912e+00
4.796637231599417106e+01
5.553437628600743636e+01
1.347790369190132367e+02
2.030718653166632137e+01
1.361553881151898260e+01
6.371876273376325450e+00
1.349090645229051120e+02
1.394399419217330127e+01
6.959383634726961532e+01
5.196384601425253891e+01
2.061846612903859466e+01
3.687218629309530371e+01
6.938152807755913365e+00
6.001399174839394668e+00
7.501400752334497213e+00
1.526201708515152333e+01
1.003871372421461139e+01
1.515363643529456184e+01
2.656228870655069585e+01
2.629074514772872107e+01
3.014273726809257425e+01
2.059988949642389500e+01
2.722151866036402978e+01
7.057670384783467910e+01
2.679705634553765847e+01
2.441322818548083973e+01
2.871589784396321932e+01
1.247605294368781870e+01
1.089053596528088619e+01
1.045062582122057648e+01
6.440758585605522057e+00
3.236547238794837256e+01
1.626767180057989037e+01
7.362032143643991056e+00
6.821089962631256221e+00
1.503478884418476547e+01
6.112941847014102592e+01
1.603128622160176064e+01
1.066126469661424991e+01
1.645688828217249267e+01
8.236727562804382785e+00
2.166506834830240393e+02
1.986062893546094301e+02
1.412858787794454258e+02
5.724802892545705291e+00
2.605627325203283462e+01
1.419875649669141282e+01
3.935550459838600545e+01
3.512622653952946195e+01
9.650961676245830745e+01
3.932071454554875345e+01
6.197547262392515854e+00
1.115431063091019581e+01
2.258601576183505699e+01
4.497465255055195144e+01
1.773652062357162507e+01
1.495510079687574034e+02
7.984924435665354281e+01
1.117766350886282112e+01
1.495389787216691069e+01
1.026543169123197572e+02
6.778691818256849899e+01
1.604158317632701625e+01
1.783593637037059310e+01
1.147040104072669209e+01
5.556633037102227490e+01
1.592626764829602592e+01
2.933014025397417157e+01
8.203029145405173139e+00
1.032143844125355692e+01
5.698633572190740892e+01
1.678650275121150770e+01
2.099620587281049211e+01
2.056664910725796247e+01
5.732935923631499620e+00
5.126772228315235225e+01
2.496965108570236680e+01
2.758633121323525561e+00
1.325133331711479379e+01
1.256468697210253893e+01
1.611711256243765789e+01
2.188491391825634125e+01
1.628491605280617023e+02
3.719973534208157417e+01
2.484773542515714695e+01
3.577225876316443731e+01
2.334901241310014086e+01
1.202264973944612514e+01
1.149480381144098828e+01
2.076383395072519988e+01
1.257752729872702169e+01
1.148702660099841921e+01
1.297959358340377278e+01
6.373629734661514590e+01
3.396148343851309903e+01
1.349009793354788478e+01
1.995772083814589948e+01
7.218237004517471078e+00
6.482633578323682855e+01
1.258087322762196791e+01
5.238061500941164184e+01
9.296906446247756151e+01
1.950370238557904656e+01
2.278936990069061608e+01
2.164521839240100931e+01
5.243729478817117240e+01
1.041165451544821785e+01
5.723194643347458310e+01
1.982651228192230164e+01
5.076930468355607218e+01
1.039178073853407902e+01
1.934553785582398788e+01
4.945098824385453185e+01
8.829221022386376205e+01
1.079091912595961666e+01
1.227552331630872473e+01
1.765387929012551638e+01
1.262253052505987654e+02
5.394530574150278568e+01
5.047515872972335060e+00
1.122265224054125099e+01
4.241097928693483965e+01
6.699681582847249572e+00
1.131282671366621884e+02
8.353162117575241297e+00
1.255761255629822593e+01
8.767336902357556028e+00
2.186172719468726910e+01
5.393856640201088126e+00
2.363947457792998108e+01
2.259047406293483462e+01
9.653225890574486101e+00
1.858073877805364660e+01
2.929496011985903579e+02
2.967847741800695971e+01
2.520595737993777163e+01
1.734600298165712928e+01
4.358850426903627806e+01
3.400184716395545337e+01
1.736754261356352913e+01
7.538048613431313605e+00
1.758424031156395273e+01
2.038493619629906917e+01
1.342923258323691904e+01
7.304101413467334680e+01
1.146660022743528629e+01
2.264132748720979649e+01
5.259670927744924285e+01
1.288481150082516251e+02
1.726964798536549850e+01
3.381372259390697632e+00
9.419629222546829439e+00
2.373697972226710462e+01
2.468995044963971708e+01
2.239068748994660041e+01
7.615147539516449626e+01
7.162466198026161024e+00
4.921681796008775223e+01
3.968843535378159260e+01
1.968437526281678984e+01
4.221813268103410621e+01
1.901004495559964269e+01
1.330125267805847322e+01
9.118857478175793574e+01
6.445145722905195385e+01
2.406703407104331305e+01
4.709140900620585057e+01
4.315498060375725231e+01
3.739216934935349457e+01
1.955594251471200096e+01
4.472492319626407919e+01
1.668941843227972655e+01
1.488258247755550201e+02
1.295790833159057698e+01
4.605456412619093953e+01
8.420437221201163780e+00
1.518308703530947312e+01
9.573758346874408076e+00
2.403395302130671496e+01
2.198326857912154608e+01
2.278944107587571466e+01
1.281230380358770162e+02
5.111863427511224245e+00
1.143270555030273705e+01
3.729641918016430679e+01
1.509903145318310180e+01
1.203935694380434640e+01
2.374941375121713349e+01
8.453986808122979824e+01
2.399696468553822370e+01
1.190200590146029924e+01
1.033670261030659709e+01
9.750199987623456366e+01
1.332603983938277850e+02
4.132693307948705552e+01
1.836715873348988737e+01
2.940362437106451665e+01
2.201965045640947238e+01
1.101589301542751826e+02
2.198448432347356984e+01
1.570825111893451442e+01
3.769502194782624827e+00
1.084809950497126252e+01
1.384103089169454961e+02
7.179316027652235732e+01
1.720513892060611383e+01
1.402916696832443790e+02
8.688197690732348377e+00
5.696473287133595420e+01
1.335087243296119652e+01
2.110127638478674328e+01
1.672453905602995405e+01
1.177232130982831393e+01
5.654682678749045976e+01
1.651773314610685262e+01
2.424400800862419914e+01
2.093620792983843160e+01
2.882570920633889955e+01
1.045015172670782988e+01
5.961417366344888791e+01
3.498905825591319996e+01
4.366758181058486343e+00
1.094832691414081260e+01
2.475623982876146556e+01
2.185322016650640720e+01
2.428691560966083429e+01
3.804521191571841854e+01
9.851887488368451073e+00
6.144839803061842076e+00
1.439593785699979378e+02
4.063743085851454140e+01
6.161952285750028580e+01
2.155732969630596330e+01
8.347291733513145573e+01
4.343964622609598081e+01
1.566217627173248417e+01
9.267178028549864166e+00
6.747815970985064027e+00
8.791482446013537810e+01
1.397442462000186048e+01
1.544189864589002781e+01
1.094587040284903878e+01
2.389160326643370524e+01
1.239689420765857264e+01
1.927596293206996947e+01
3.942464886269593904e+01
