3.363582650002217633e+01
2.511607149888569168e+01
3.342319594594867738e+01
4.050255741915282925e+01
1.065621621937342667e+01
1.741608893024802995e+01
2.597893917982056422e+01
2.170501807351659451e+01
4.599896663306749645e+01
1.147061559620723870e+01
6.442323995652887447e+01
1.544110048547724467e+01
3.384506421610238647e+01
5.901720194138896147e+01
3.059399324120073516e+01
1.684209519803006216e+01
2.075082015519671330e+01
2.029944334447626630e+01
2.367119301670999576e+01
2.158503579786344062e+01
7.378613133540240199e+01
1.558498105381114485e+01
2.786342746355961353e+01
3.110835331449195351e+01
6.120569959552272365e+01
1.281700574543176430e+01
1.346454838354285677e+01
4.334254707872683809e+01
9.688409058683710384e+00
5.478011332839228231e+01
5.145453003864237473e+01
1.406292564439207382e+01
3.394775442586651337e+01
5.888924357671105270e+01
1.458400716362255523e+01
3.523873246035781648e+01
3.013909815999189590e+01
8.942012004874723630e+01
1.170404186449241557e+01
1.260627360864086555e+01
2.268856154482482168e+01
4.149240019687374570e+01
5.997295377202092226e+01
4.379672903653479921e+01
4.009102174781277483e+01
7.072517066192335733e+01
1.217543056943384272e+01
1.217928357609021184e+01
2.461376286754421727e+01
3.827203234758832195e+01
2.720595644078609254e+01
4.889239866706473947e+01
3.327136560214253791e+01
5.760116676212183506e+01
3.136119724675148746e+01
6.970775508188975778e+01
3.307949009711320087e+01
6.116862875149239898e+01
1.413979216911878645e+01
1.066953924185770930e+01
2.624260525468343630e+01
2.975604317372175700e+01
1.221808923374560507e+01
2.210695613793886594e+01
1.932908315263475885e+01
4.365395109117508099e+01
1.265214482767346205e+01
4.240152405038453765e+01
3.293840078781136782e+01
5.461077959539181848e+01
1.477075726972561576e+01
4.112572173261790454e+01
5.154629729706233832e+01
3.671397804346343463e+01
1.663986797319338606e+01
3.166311464796945785e+01
9.891268872098756049e+00
7.660718196403659874e+01
1.808007387087604556e+01
2.652558437158360860e+01
1.167078421205337868e+01
1.868175668680153123e+01
4.230069770950488106e+01
2.432090496852378081e+01
2.757174705199521014e+01
3.954493837122748090e+01
2.036788717964076767e+01
3.445220265958540296e+01
6.686645249924987766e+00
3.737354318055789548e+01
4.066148024490750146e+01
4.259280270097102061e+01
1.646422512609520794e+01
4.965490926277224304e+01
2.979947358752917452e+01
2.340396478808586522e+01
3.694480544823493062e+01
1.935079504413858587e+01
6.902180664045425829e+01
2.426136304764546026e+01
1.034972951416616738e+01
1.617388603370202560e+01
6.777060640231806588e+01
1.986930224036662196e+01
3.684270863055460410e+01
9.498219225583953573e+01
8.604185876701658131e+00
4.044489894645803219e+01
2.619704310647106027e+01
4.687176723535312561e+01
1.772764387221227267e+01
1.372084922635734472e+01
2.107010079545793246e+01
3.325030909678756785e+01
4.743917199975240351e+01
2.066196786394402096e+01
2.300559905798106541e+01
1.602387520703729251e+01
1.526236038107570003e+01
2.884485056188909624e+01
2.667668204962695100e+01
7.934855566795114612e+00
5.311306599501249082e+01
1.800870162109417194e+01
1.876308720200283986e+01
1.807304635583751207e+01
2.869748334232610176e+01
3.538256568082713471e+01
4.840292801428805802e+01
5.081827913055052903e+01
1.138075866266401448e+01
1.301090319338228163e+01
1.979125322181243263e+01
2.010819476918076276e+01
1.458115367480110791e+01
1.779293440519671421e+01
2.578457510056229296e+01
4.991357303406861945e+01
2.579466195698561748e+01
8.222901070274357238e+00
2.421288586775722607e+01
1.955121100128303624e+01
3.415352498047501939e+01
3.298591434741224049e+01
1.497985810200190926e+01
2.700884935328438985e+01
3.322037110187514486e+01
8.711361879633523486e+00
1.980534124072855562e+01
5.562901088196487365e+01
2.757026276062871517e+01
6.053283430235159024e+00
1.251456725664341185e+01
1.890421946277619369e+01
1.661749356215107198e+01
3.944497330234138843e+01
1.427349251220027426e+01
4.456233026907554517e+01
3.693128088622047756e+01
9.015593033063881379e+00
1.103795963855442963e+01
3.659287357310888922e+01
3.042790000795664440e+01
2.884733640830924273e+01
1.554110930255540168e+01
2.390442585927517172e+01
2.607176553157141896e+01
3.306565535834688774e+01
1.867288583021667137e+01
7.248091063546513624e+01
2.210589317657588637e+01
3.104115054351466085e+01
9.610266885959262595e+00
2.343251979845159028e+01
5.739907739725846625e+01
1.206187186964116620e+01
1.605998628729028965e+01
4.152590283066880517e+01
3.424818766004107573e+01
2.589423603890271153e+01
1.797052779972024439e+01
5.715500350905271887e+01
2.364945956581737718e+01
4.349157251974653349e+01
2.298101363379875650e+01
2.031223281316753315e+01
1.188546812425092725e+01
3.345194032985079957e+01
1.005589669088656635e+01
2.426072734224951333e+01
9.863406384378537339e+00
7.333228653245160267e+00
1.850412641673256786e+01
8.355258465187963779e+00
1.283516161008751411e+01
8.610626232989436346e+01
1.741941839995142800e+02
8.823130747070271340e+00
1.318674943733108407e+01
2.505620217436748476e+01
1.352014747978857478e+01
1.956169666345237701e+01
4.091194697686871251e+01
9.959502361647230018e+00
4.253021329584623800e+01
2.153202461089144037e+01
1.576984246565933745e+01
9.949187418420438078e+00
4.780400096327153392e+01
2.054358988932898455e+01
1.360671772713026861e+01
2.770623601289807425e+01
4.428818261160888170e+01
1.684175030546623120e+01
2.465845935747193352e+01
3.301373133261720483e+01
3.438432723266461011e+01
1.079864524889014454e+01
1.095609519203410009e+01
2.306540168159109072e+01
2.289042609448338794e+01
2.945050824873804984e+01
2.095004469965923377e+01
2.708059335635536868e+01
3.940687777140399106e+01
1.986200501868525947e+01
1.536289871252430927e+01
1.642327219910776748e+01
2.068682471152370539e+01
5.236302366213769943e+01
2.396103010456422311e+01
9.017440161165353629e+00
1.672779756471820178e+01
2.138952093008518673e+01
1.998468634798843979e+01
1.480648817945552054e+01
1.142144796096797599e+01
1.173110192646585936e+01
1.970328856500505665e+01
1.919652279229090652e+01
9.773676979212137184e+00
1.940934389349493117e+01
8.860368649246069594e+00
3.060412548417066247e+01
2.105033000327462744e+01
1.132409516053472132e+01
1.435267055335111586e+01
7.962621925044117255e+00
1.914331364883709341e+01
5.322179744770762966e+01
4.018412693330600405e+01
2.608449938398032231e+01
1.799900452263686290e+01
2.599725582199066665e+01
1.554663927739695595e+01
1.881260859516632422e+01
1.264143783979763924e+01
1.138582824660728079e+02
2.394624208854194336e+01
3.164434692425199813e+01
4.121743600025021692e+01
3.190154912433256840e+01
3.897089406433931913e+01
1.641450054991902974e+01
4.013201076539944978e+01
6.360813508983009257e+01
1.964725724977708410e+01
2.387820499625357229e+01
2.872792237370165225e+01
4.800722138898121472e+01
1.546198894350032305e+01
1.147031009718260641e+01
1.632448806505749417e+01
1.469284913484860233e+01
1.077184362399954054e+01
3.747528721274374419e+01
1.706724598160625206e+01
6.039381072608959755e+01
1.251042010529437576e+01
4.897000920270495072e+01
2.306589781615194923e+01
1.640529477828535221e+01
2.332988846193512700e+01
1.244362095240163413e+01
1.384048331445696256e+01
3.947559072042912476e+01
1.308473120178321913e+01
1.092864660545523314e+01
5.636632074167551743e+00
2.419264018896012303e+01
1.630208093483626897e+01
1.682232386295818571e+01
4.732758371912115081e+01
3.276445521387336868e+01
2.433660513872061415e+01
1.176236612813435443e+02
5.186264159899128856e+01
2.823851740140902677e+01
4.507120069855257327e+01
3.763019791409571724e+01
2.819997756303410696e+01
5.031512093587461010e+01
1.345784542465903399e+01
1.967433803272995974e+01
3.939674027923874178e+01
1.054018108743188264e+01
1.803113018570956427e+01
1.325564258335456636e+01
4.445046712259539134e+01
2.779612834795435106e+01
1.752628778163252221e+01
9.851989051550521026e+01
2.172617197327149441e+01
2.575934834555115316e+01
8.702962499637791893e+00
2.510059075797544281e+01
1.578048745661891239e+01
2.308515937870057755e+01
2.778841387025074994e+01
3.389447385395756385e+01
2.527686504162829806e+01
1.575185862997063602e+01
1.868083073303872155e+01
1.477898461550195108e+01
1.914882244550530643e+01
1.632551176266173698e+01
2.091589103510183634e+01
6.804758888513589454e+01
4.042971227436296289e+01
4.207009680197865009e+01
2.304836659581530611e+01
2.291822093609709654e+01
2.009203616558296446e+01
1.328722608623589352e+01
1.906170751997805368e+01
7.390672117676886899e+01
2.091076697655954675e+01
5.254106862710154147e+00
2.306695188012599829e+01
2.899106646816205313e+01
4.710956282751926238e+01
7.134491647375658552e+00
3.658490494928973646e+01
3.380460476586928564e+01
1.648442895859105661e+01
4.655823697604625977e+01
1.017783073181017350e+01
2.178675963308534946e+01
1.525685864654270318e+01
1.836917935515251799e+01
5.723329284812270146e+01
5.687083703795980938e+01
2.815990523650227573e+01
5.574390002327866966e+01
3.160343234978747162e+01
1.647165024516270293e+01
3.174518125134502355e+01
2.530150963467814762e+01
4.374576867400767810e+01
1.172668598676783347e+01
2.685254626081403373e+01
3.002955729675968399e+01
2.124109825722844036e+01
1.228740496206732224e+01
5.035485255344804756e+01
1.531420540655173035e+01
4.045472632142450919e+01
3.268412264037937121e+01
4.213723603671270013e+01
2.725905833254681809e+01
2.756065868360623128e+01
6.011497280009627531e+01
3.200825085913490398e+01
1.306936212661566543e+01
8.155410689490199161e+01
1.399236727655488011e+01
3.491926833412572506e+01
1.895326018361309650e+01
1.173553682397103337e+01
3.675803305778603480e+00
2.227576476365972269e+01
1.853105700195420980e+01
3.291422563067646934e+01
1.529483244306142353e+01
2.227689237977478598e+01
2.854747774804968685e+01
9.938209322614693519e+01
2.959732338099696136e+01
2.803201786125970685e+01
2.008022196179515717e+01
1.793853159339622394e+01
2.247967077892486287e+01
1.493805874682366230e+01
2.441011905036545926e+01
1.495696539790012203e+01
2.091637909673526607e+01
1.266837708651018879e+01
9.502278771208699126e+00
1.461332092136521865e+01
2.405411670853858652e+01
3.066231080458003433e+01
4.000393470116189576e+01
8.425040887791251976e+01
3.746797220990924870e+01
9.992546598033349881e+00
8.659235590294345286e+01
1.218364726296489664e+01
3.391185948422361207e+01
3.840783162455296917e+01
2.178093452816996489e+01
3.056591982802699903e+01
2.372242882862535751e+01
5.662415563954327524e+01
2.209512815288783827e+01
4.516815488694597036e+01
2.249731690116739813e+01
1.783584802019290194e+01
2.848016675318798363e+01
5.680063348704442205e+01
1.236551769639807574e+01
4.989814728817791689e+01
1.866886839715071389e+01
2.333139841355339072e+01
3.831777926313348814e+01
7.270280352655068157e+01
2.134952509590560155e+01
1.051885331617588015e+01
2.556254000011647420e+01
1.977118019574430008e+01
2.063412771178768068e+01
2.692596132830100331e+01
3.016281933661569070e+01
3.346062923900301911e+01
9.304014816754801132e+00
2.641710155435800189e+01
1.924080832669394781e+01
2.469681941567879946e+01
8.315410795259083443e+00
4.333339681428309831e+01
3.270012595559720836e+01
3.273443383952320573e+01
3.804663822323946221e+01
1.765724928284561202e+01
5.486217716541693079e+01
2.277373150819754954e+01
2.689935022596847958e+01
1.910149978815498173e+01
1.070726951634578761e+01
1.485395232264816734e+01
5.617629153109118789e+01
1.566260689709732645e+01
3.811306700038170447e+01
3.809212214778982997e+01
3.390791669353396287e+01
3.612389521608023557e+01
2.841973247343057807e+01
6.461304616398933831e+01
2.057385267519206451e+01
4.225382856725395442e+01
2.575719302035264491e+01
4.141803522892465850e+01
1.765896121151379816e+01
1.496417713284808393e+01
1.991971515209320742e+01
4.392293953023252584e+01
7.596152796559497489e+00
3.426065046596449548e+01
3.461585755848401647e+01
2.580986444790974232e+01
7.981538142472343722e+00
2.174473483126153184e+01
2.847598762899275116e+01
3.249055594500886457e+01
2.934223235468665436e+01
1.590983303252184911e+01
2.583035894172817493e+01
3.724568572151468970e+01
2.019390384271052241e+01
1.362966737860309685e+01
1.972476264475313457e+01
1.994538239683719283e+01
8.845471214906018531e+01
1.610228393475708586e+01
1.743576275427068367e+01
1.150202361669372486e+01
4.904363064534027217e+01
6.930381021355422888e+01
4.496404122371946954e+01
2.051730233438472339e+01
1.425045479981325514e+01
1.393974205566601476e+01
1.874325433847183930e+01
3.251845640591892561e+01
3.647665734216109001e+01
1.556019762004383722e+01
3.002900652368424517e+01
2.515535211993261555e+01
2.495038126209953333e+01
2.960376844322736645e+01
1.032186944955122954e+01
2.714610793128031574e+01
