2.388855793881766587e+01
7.341149334343976207e+00
3.957496822199944830e+01
2.333416989443276890e+01
1.334098865201968387e+01
2.929846278313814523e+01
6.615793721720625342e+01
1.435237103469339459e+01
3.053975478620231954e+01
5.271637584709656466e+01
2.103529155815179053e+01
9.626305230011137581e+00
4.693892233666286273e+01
6.856151163365585610e+00
4.483911429569561591e+01
1.929622798979581688e+01
5.818336818811454236e+01
3.464906542173887516e+01
3.149714269892167806e+01
7.808946999399093869e+00
3.474792286063476610e+01
1.520130124056104926e+01
1.607042349700880024e+01
2.921897787992114104e+01
1.216346974570801187e+01
2.942118810834998044e+01
2.261607958741528179e+01
6.608419275768991952e+01
6.281257398293702465e+01
1.076172788623052945e+01
3.659730213160818035e+00
4.070135349900754562e+01
1.798784192162565532e+01
2.335207266588531994e+01
9.843911141161644451e+00
3.708822135691939792e+01
5.714168666685726095e+00
2.062343491216972424e+01
2.278864307144577950e+01
4.019165962115011581e+01
5.122787490523115395e+01
1.919766646721894077e+01
9.995146347728288916e+00
3.080467875691319080e+01
1.528517982062160385e+01
3.883821904049515439e+01
1.406978800135296304e+01
2.946038094628818271e+01
6.288631424071084552e+01
3.914771423990241317e+01
8.948310879193071443e+00
1.219670623216414818e+01
1.421478817501200176e+01
1.664653233914087593e+01
4.348831887654922923e+01
4.212495530856526926e+01
8.250791353615433366e+00
2.061291137946953711e+01
1.912001565026441341e+01
2.019343900118630941e+01
2.925903962221692112e+01
2.288177638478554599e+01
4.415364565111242712e+01
7.537378651144502228e+00
1.387997347309940110e+01
4.541786582266117023e+01
4.433009217258500456e+01
3.036396025261247544e+01
2.940034460494216262e+01
5.792447221785832312e+01
2.521308652896585301e+01
5.138214475962414696e+01
2.603425975487114030e+01
2.144006436312758623e+01
2.911320248990390525e+01
2.229953137845634004e+01
1.356333889921480740e+01
3.711546935807798064e+01
6.651621453639160464e+00
2.099406567743488949e+01
5.899117313927222028e+01
1.702092676959145834e+01
3.591002582750133598e+01
1.799176909448254236e+01
3.777369523718453248e+00
2.800507488192778283e+01
1.369434792013096569e+01
1.148097941370596686e+01
3.312638730387229913e+01
1.720994053776893651e+01
1.370401198557265161e+02
4.569891958028764378e+01
3.862214131126969363e+01
2.303589018651229381e+01
2.454003001720457888e+01
1.077756237647378157e+01
1.613037935348078378e+01
2.222426483455745583e+01
2.479914356243104123e+01
1.338865558204606465e+01
3.577502532552814074e+01
6.574092157495078936e+01
1.009913151779945828e+01
1.586139024394798724e+01
1.023606216428722782e+01
2.978972747837544688e+01
1.423731144694619744e+01
9.175200149487050538e+00
2.567634883920165123e+01
1.839087479579093554e+01
9.435157573301768963e+00
4.208608993004354204e+00
1.266025217715285578e+01
4.854254485201890645e+01
3.063670984677198561e+01
1.972529733641315630e+01
6.018927514692274627e+01
1.532845522594925214e+01
3.786771689708269406e+01
1.671443372680083428e+01
3.083854943179576580e+01
3.154703904801105452e+01
5.889964421420413210e+00
2.919813555916111980e+01
1.597176929659306843e+01
1.940350589741188259e+01
1.361409227510086239e+01
1.569601796759302204e+01
2.296742455724679388e+01
7.945875269425233256e+00
4.802601049235935449e+01
2.069204590776087471e+01
3.272968420846591187e+01
3.263147709271608221e+01
1.558852735904874365e+01
1.436914584908771708e+01
2.643276187784771381e+01
4.270246566779849928e+01
2.523797043612990265e+01
2.375928156755944798e+01
4.416654427629841706e+01
9.324181525146002514e+01
2.653300764431680747e+01
2.244384194593110848e+01
3.019060426196146096e+01
2.482246548435282563e+01
1.759463464009658296e+01
4.858134473451345769e+01
1.432611857947730272e+01
4.250067867399431520e+01
3.330400239095696691e+01
3.750143315291325052e+01
5.351001472261332736e+01
2.206185463476411002e+01
1.747244933171230485e+01
9.182645439909659757e+00
1.272434214147041232e+01
3.306109139802104124e+01
2.230400993463763015e+01
6.620443449709378569e+01
1.825621763273001363e+01
1.843217939775940550e+01
2.705436078189259064e+01
5.378276234296865965e+00
1.563170703441252840e+01
3.081986097820504256e+01
1.679987819349140921e+01
2.447516597003483696e+01
8.737833663063092615e+01
2.327073572133598489e+01
9.901071988248883571e+00
3.067607179468594580e+01
7.115143501760538669e+00
1.054580916722295214e+01
1.215315045853568243e+01
5.408458476147248462e+01
1.012694131070051462e+01
2.129930494492223403e+01
2.235775026704229163e+01
1.863229546478050835e+01
1.356259130143647695e+01
3.482045406397364928e+01
5.504870919729457768e+01
2.296088039735305841e+01
6.171688258158179963e+01
1.510826281202122168e+01
1.458036606911176136e+01
8.022413516128525046e+00
1.959062546288514284e+01
2.520558051397284771e+01
3.519341412765344757e+01
9.018302367634836969e+01
1.881476723320563238e+01
4.606280869294344171e+01
2.929240762426765343e+01
2.041557401530462457e+01
4.675444725365452570e+01
3.189795226187923660e+01
1.815406304919395453e+01
4.051195297080938929e+01
1.371617660369644831e+01
3.626073606046887221e+01
2.137989377767214094e+01
2.401446657081515923e+01
1.059863855309447978e+01
2.992652343897987421e+01
1.381825346906019014e+01
4.227554608579880124e+01
9.273876503440090957e+00
1.893127312771594006e+01
1.630452396612357191e+01
1.981616938841345998e+01
1.909524508102497009e+01
2.837023116374844278e+01
1.144856719651776089e+01
1.428978875816344640e+01
1.900002753411555645e+01
2.102163588714248021e+01
4.417309807656489085e+01
2.255720804586719552e+01
4.904622006147493352e+01
1.700129431910610478e+01
2.717060350168209837e+01
1.339074013503793559e+01
1.686632223418028786e+01
5.060076786717814912e+01
1.880068169081708263e+01
1.553970411471795643e+01
2.291817530729648311e+01
4.120504851258331769e+01
7.274740023190081217e+01
4.526379710957812819e+01
9.721861862104949736e+00
7.896924415783827200e+00
2.548848308370489235e+01
2.847693272641981821e+01
1.613523240661063340e+01
1.935171832502821232e+01
2.928941509993472181e+01
2.256365769636339280e+01
5.003740629906501169e+01
1.114578078666547967e+01
3.892783897351568356e+01
9.259734266934744440e+00
6.632439309452759346e+01
1.954683327809174997e+01
1.299693184300586957e+01
4.454376102919692215e+01
1.860713749705154285e+01
2.481259162201466850e+01
2.881726853927636967e+01
1.698286456132777644e+01
2.473462424188326025e+01
3.887180036649399284e+01
2.299562349807532513e+01
6.543812646610237316e+00
3.035339360266045006e+01
3.065027150821542179e+01
2.140072548779191308e+01
4.348371631879103205e+01
1.002960697353638686e+01
1.199130521534043048e+01
1.248560162994894540e+01
5.474528911053402425e+01
1.412988467345679311e+01
3.955061638195315510e+01
1.364738978223861920e+01
1.978595821951167366e+01
5.247997039849648715e+00
1.570919885032988539e+01
8.894397782076609360e+00
1.821211218164509660e+01
3.194161777073719222e+01
6.144849449346963866e+01
1.366667925717528043e+01
3.740227284162851618e+01
2.983253462553357949e+01
4.176460291389787471e+01
3.158061916608254194e+01
1.781964621795147607e+01
3.902139656858459915e+01
1.911234017062566082e+01
2.328827686103689842e+01
1.980251416869196035e+01
5.178923748450938724e+00
1.772961593629749544e+01
2.544181295392688114e+01
9.801574629042896447e+00
1.088807315027125355e+01
2.289572411295024779e+01
4.384185197979117277e+01
1.510732989055547293e+01
2.099903612411031517e+01
9.365467496740288667e+00
2.040461711278222268e+01
2.080662256626739293e+02
3.750003516002595916e+01
2.155044664424346124e+01
2.097547222178705084e+01
2.486062178071504647e+01
1.906490605557996076e+01
6.291307767675987606e+01
1.312530814741593943e+01
2.687493074055362996e+01
4.871366375622680067e+01
1.008055193679829920e+01
1.861201354357771010e+01
6.386572990216370016e+01
2.361611691151510684e+01
6.119980576801996364e+01
2.536392272800165060e+01
2.495968613091802268e+01
1.512651902938443698e+02
1.606703159633076439e+02
7.492223133892690790e+00
3.409788085644666467e+01
3.868035892106446738e+01
2.323866221501362617e+01
1.225564248090780239e+01
3.153006296740623426e+01
1.396691827279746079e+01
1.376167089982318537e+01
1.271628192983710548e+01
1.044003274408193782e+01
1.341224286957255352e+01
1.802316908308880272e+01
1.162923912781191120e+02
2.458313458457334377e+01
2.339286739320934316e+01
1.653070349088464042e+01
4.344410088713625129e+01
1.002654694585853861e+02
1.400471187396943940e+01
4.689100242392800766e+01
1.536545596282548232e+01
1.826149799262529427e+01
1.846536593538369075e+01
1.463285668877575318e+01
1.737822294627202169e+01
1.037053725815679073e+01
3.639581911563401206e+01
3.031285453078548997e+01
1.839559184057741703e+01
7.472725031368408111e+01
2.238247290715145255e+01
1.286308026470368837e+01
4.263898904450357463e+01
1.505671832368193641e+01
3.387656068400031728e+01
8.089912061649195962e+00
1.269429283529466801e+01
2.417028851832456837e+01
7.975573415526286070e+00
1.704399515615255822e+01
3.865205096079328229e+01
1.579149818504492231e+01
3.080412327535408679e+01
1.724305092478698498e+01
1.891961373650674716e+01
3.136043212399681224e+01
3.401297312309358745e+01
8.840731462755769599e+00
1.763684907810350211e+01
2.003232613324556866e+01
1.909706307417185300e+01
9.313382720908361279e+00
1.760870895897841137e+01
3.245891328064701753e+01
2.394373917567604337e+01
3.710365023334473733e+01
5.566953700778444158e+01
6.307021455933048060e+01
2.908828994401336487e+01
2.696284669332960604e+01
1.546993911532256938e+01
7.651802403680816766e+00
1.531205322283091874e+01
1.414724705405870253e+01
3.096086691996472595e+01
3.356677498283043093e+01
1.494590384912098990e+01
1.152915775773709015e+02
2.368693980194385063e+01
2.463026322405517732e+01
2.795842539852229791e+01
3.184593289431429497e+01
5.496690265024786015e+01
2.022209210844670935e+01
3.396011077536906697e+01
4.171589848249895027e+01
1.176803366304170240e+01
2.431657226296113095e+01
2.069640763970612696e+01
4.258950849776199021e+01
3.585354358782766582e+01
2.252316931808180200e+01
1.232036946552011969e+01
2.238748740439271856e+01
9.070428892300324009e+00
4.522601627583417638e+01
5.779792241234238759e+01
1.774243314247916814e+01
1.425589674616750457e+01
1.522393532250084469e+01
7.200329309088285612e+00
1.206384862240172851e+01
1.817505894085642026e+01
6.521924288345311993e+01
2.498528888712010598e+01
2.731919267942112839e+01
1.512735668426216584e+01
7.887960090828057957e+01
2.469921465219337620e+01
1.773489585616689013e+01
1.593975990643715157e+01
2.247483339088434207e+01
1.879790049717274059e+01
3.827843478551750422e+01
3.483733191856793354e+01
2.806429151424332602e+01
4.229446194414452975e+01
5.102279994271525965e+01
6.745969800043140197e+01
4.695271461681605274e+01
4.198503152489789159e+01
2.888389175459827385e+01
2.330417824991545217e+01
1.169607876040181793e+02
1.368139066363163536e+01
1.888327896558451968e+01
2.021933410417115340e+01
2.036044509871485175e+01
2.910246063976316222e+01
6.615949843789438489e+01
1.181417517387964899e+01
3.998277359871116232e+01
7.044535470508746400e+00
1.805221033534036934e+01
3.303575797727985019e+01
1.599089713726079864e+01
2.667906240437637067e+01
1.637309160112925355e+01
1.539227873548955117e+01
3.138574014451538474e+01
1.853913056803483883e+01
1.455670746212292386e+02
3.428286015140236032e+01
3.080987476294722072e+01
2.190856560419272014e+01
2.187995981522855615e+01
1.886788538508731605e+01
3.654602158728697248e+01
2.188859945483366332e+01
3.205372990986932535e+01
5.917602820530112950e+01
1.180955750389979819e+01
2.699150601002940419e+01
3.040809793257445293e+01
9.762414448799633604e+00
5.474782031966813456e+00
1.934172184838888953e+01
1.499880585723204618e+01
3.231680932542103335e+01
2.946450057859798832e+01
1.693350463557789709e+01
1.162344217215852460e+01
1.490038079181085884e+01
6.057804618729456791e+01
1.218614520925303779e+01
7.557699747508574539e+00
2.355677824017747213e+01
3.935445770776360774e+01
2.219448938367852620e+01
3.843046958050243234e+01
2.942053725272451103e+01
3.149260618762161457e+01
2.327973904196436550e+01
2.478671107405297391e+01
4.382396304892544947e+01
4.177689224118536515e+01
4.315509450818075976e+01
8.488277395560446692e+00
7.953693397695102085e+00
1.909015378308292199e+01
1.298629821496209225e+01
3.965677347484668047e+01
9.753158589111963650e+00
1.708801274865259856e+01
4.068249203170216788e+01
1.753776625085368934e+01
2.909891467821384481e+01
3.004439294091202584e+01
5.829012002885423982e+01
3.048158759697570019e+01
9.610506223872896214e+00
1.642498154262005627e+01
2.618853584917079758e+01
1.734066867556023084e+01
2.633167595236484360e+01
3.777971267749772011e+01
3.499898139581039658e+01
