7.344846147993176544e+01
2.210891303082406978e+01
3.890631378032038157e+01
7.586194150326750929e+00
1.464479266032982174e+01
1.886092105538403629e+01
3.730645494717209232e+01
7.589508179000748100e+01
7.556326848591722012e+01
1.459655950075198838e+01
2.544339086850916232e+01
2.830818301937524240e+01
2.234748853138523472e+01
4.555660601529234555e+01
8.455234830727600581e+01
1.765814666676419264e+01
1.524926319416471188e+01
2.191813635675971739e+01
1.117166813468974773e+01
1.407218181433094095e+01
8.698285675997220778e+01
4.297250657100642002e+01
3.783414429404885482e+01
3.602926726234092314e+01
7.038619225697248183e+00
1.000505730903847734e+01
2.045691038461782085e+01
2.321345824260518853e+01
1.096973661590974380e+01
8.469633787192643481e+00
1.283253255068085430e+01
3.276074873434187396e+01
6.287868378262037794e+01
5.667862332879695231e+01
2.190735288240984246e+01
1.256764845241219852e+01
1.599469345850882007e+01
1.937444951656922498e+01
3.759008311327122698e+01
4.916873677169932222e+01
6.442398489256100902e+01
1.697600860311731452e+01
2.076523272539493519e+02
1.820828672923879594e+02
8.019525656669328839e+01
2.409558141646980545e+01
1.636801523678644799e+02
1.517430095557386593e+01
7.848665188310468999e+00
1.163007545064924564e+01
2.110873499640675277e+01
5.914814754970929300e+01
3.180528712026273652e+01
2.942756916612841422e+01
1.884457884866899136e+01
2.050732257877071518e+01
1.981822383778777663e+01
2.463287680389988665e+01
2.611597510543951728e+01
2.491127814463340684e+01
2.264067444622534708e+01
1.766815984310581911e+01
3.763233021034245240e+01
2.233729491494993269e+01
1.353013768700016506e+01
2.154049061242656649e+01
2.270282167142265450e+01
2.176875775156399229e+01
8.822152614609622745e+00
2.797032525565254701e+01
2.612296572570997100e+01
2.253599208145106303e+01
1.234566615251994115e+01
3.345635760625319932e+01
2.086582677962287136e+01
3.823883339489947275e+01
1.945764190303970409e+01
1.809392218992734414e+01
2.054344893387498772e+01
1.554631182931419886e+01
2.628515183314958392e+01
2.550578939358719310e+01
1.357993908551794249e+01
2.978660327388524109e+01
2.123100034399571001e+01
1.319030707233702948e+01
4.442100537089096690e+01
2.594434078261326349e+01
4.996300862795777675e+01
3.599328342323605057e+01
3.186077555458366817e+01
2.069012958259081714e+01
5.476322524064837438e+01
7.983640132911405374e+01
2.726766599108408968e+02
1.868257465514625082e+01
5.790334459258014022e+01
3.733416896420589381e+01
2.832429397669439197e+01
1.179786314346272391e+01
1.583988365181510183e+01
3.339771946422452942e+01
1.448795151952339921e+01
2.167340797867708346e+01
2.434881032626952191e+01
3.829458044268133676e+01
1.733239427460380000e+01
5.151288183919589869e+01
5.400263354910106273e+01
2.691308540276710204e+01
2.339797249741379304e+01
4.427993771564736392e+01
7.810773127422346818e+01
2.841586801059165737e+02
1.983867550401312840e+01
5.614548342515779922e+01
7.830126477190384549e+01
1.634835540832458634e+01
2.702511056700783953e+01
1.616072351655293460e+01
4.254836369725456535e+01
2.264082775418576432e+01
3.720793100897144967e+01
5.355571249720643578e+01
1.380459067503728399e+01
6.379616630826199497e+01
3.802341140691670773e+01
1.466085866437178709e+01
1.993297036315912152e+01
2.184802189996288035e+01
1.321633837350188401e+02
2.873405460280488555e+01
1.472667381784101615e+01
1.503984507900531042e+01
4.432746239717931047e+01
1.208635668820496889e+01
6.331731848525907758e+00
1.786430125438750238e+01
1.544131152594348144e+01
1.326418649638741698e+01
2.271535961839535105e+02
3.247442934085270849e+01
4.815473381448147450e+01
1.215875564380658780e+01
6.254910990513884173e+01
1.752551347996511311e+01
2.324476513232220043e+01
1.875351639515828239e+01
1.565536440466352808e+01
5.734622659631569519e+01
1.633155428747010873e+01
2.634558339942514493e+01
5.106566350443552693e+01
7.280524771562343744e+01
2.780806711115244667e+01
8.680921293971759667e+01
7.581754142086860782e+01
1.507073948281618669e+01
4.712427725255099631e+01
1.139339227343763099e+02
3.202454304100500337e+01
2.239750261109979590e+01
1.010500836290728444e+01
7.474185365863081643e+01
3.404220163478868244e+01
1.012080370961341629e+02
2.014468949097644668e+01
8.934881078339492078e+00
2.210757573564943357e+01
1.923211174429452086e+01
3.065410356175386397e+01
5.379374830602160529e+01
5.041089569357843914e+01
3.777498404769232110e+01
8.707370439142178498e+01
5.261766701638050137e+01
3.371784190198077624e+01
4.695138310910912338e+01
2.799189442562407137e+01
7.866807808819045178e+00
3.661604994670322100e+01
2.959654808137985782e+01
3.803389933789529920e+01
1.822643300665749777e+01
2.982775178630932800e+01
6.403986187094992033e+01
1.811235013633017275e+02
1.357795902751475836e+01
6.064461733082921313e+01
3.801370827882043102e+01
1.684750443391839880e+01
1.774258872726327851e+01
1.767580506654912398e+01
8.927223769486860760e+01
3.219747134617699658e+01
1.940977419202160448e+01
1.393170048635616887e+01
6.351638830000648284e+01
1.911208626969652968e+01
1.418925006427572022e+01
1.615463207692021186e+01
1.147744598450420916e+01
2.179577243780236984e+01
1.416800110268222745e+01
1.752259561753130157e+01
1.967698169993477109e+01
6.407693856066053684e+01
1.576474444003734376e+01
8.020567118021880049e+01
1.880487120671580925e+01
3.101341829699417119e+01
9.503384888769295102e+00
1.658559003658492514e+01
3.262444481431721499e+01
7.224117517376869024e+00
4.415701162062972429e+01
1.504451542311220180e+01
1.409575312803660019e+01
3.763688117602314520e+01
1.119068568172384381e+01
1.875258436636475778e+02
4.499344475598284276e+01
2.236759033946998798e+01
3.363205277128486159e+01
7.467604036312486926e+00
6.176078611545758434e+01
3.247645244415696197e+01
3.269113279832556884e+01
4.761233829359379399e+01
2.108247673214572515e+01
2.355961079773476641e+01
5.808324776404786860e+01
3.905171874558548950e+01
1.440437303765285826e+01
1.245812282211562838e+01
1.885166246484572383e+01
2.790474432291706819e+01
2.368603535171575203e+01
3.076015235037865025e+01
3.131340182822677676e+01
1.123798453616645645e+02
3.303693220205425263e+01
1.385704935287036577e+01
1.440717507028994646e+02
1.282621347829009117e+01
6.147027944386533704e+01
1.737903678491782600e+01
2.292855739481900912e+01
2.707243229607973589e+01
5.543336595315842885e+01
3.428009438029675948e+01
5.505079262703704046e+01
4.629200937534685067e+01
3.189274211794434422e+01
2.191203602572587172e+01
3.668336623499092752e+01
2.857415712738298197e+01
3.654813392649720782e+01
1.108878996804025832e+02
1.386457406380951518e+01
2.559563605417999455e+01
3.921944461466036813e+01
2.008120804741576748e+01
9.382901814829146758e+00
1.070433728738975532e+01
3.684382420712967843e+01
1.000320027308500812e+02
3.112473600554109510e+01
1.502246697001750952e+01
8.232925886738181376e+00
3.080909247055983968e+01
1.196362526096541679e+01
1.577389380676041775e+01
3.603695130998041662e+01
2.080619467450054216e+01
2.375479291211924959e+01
2.904959156228290240e+01
1.285479483255841870e+01
4.252293024833205237e+01
5.601736646039161549e+00
2.910552145315443795e+01
2.182698439912930510e+01
1.782979451966640738e+01
2.094606415092576412e+01
1.116724734025023622e+02
1.819841646782239408e+01
3.033355493487132435e+02
1.207949820743676739e+01
2.026686233502353573e+01
5.264234952016915514e+01
4.567313997165781814e+01
4.632143296924158449e+01
1.841793306575747380e+01
7.639378039460022762e+01
1.954927646978291733e+01
8.423573253907618152e+01
3.751807629849070480e+01
2.285926792240008254e+01
3.900330625838582677e+01
2.532881382676214344e+01
2.631668417962733741e+01
6.764251608245304226e+01
1.825583302808005470e+01
1.027663990387308779e+01
4.770773737548848459e+01
1.643237578435032731e+01
4.124769098078281360e+01
1.818247674356629062e+01
1.893991394877397383e+01
4.798953587536838938e+01
2.253282494171111594e+01
2.306028208216345732e+01
2.389344609833420208e+01
4.773293207119414916e+01
4.838869760629099659e+01
3.320226063064218636e+01
3.004401137098230947e+02
1.487403663028475087e+01
2.209525202280823564e+01
4.530155607884698554e+01
3.034973115802753441e+01
1.375296603213145019e+01
3.442814432431109140e+01
3.079397275776712206e+01
2.745544743923899844e+01
1.527295235112549676e+01
1.412850141515759717e+01
1.725452493609030213e+01
2.918375360041446243e+01
5.651867740916334526e+01
5.178622980283188326e+01
5.528352188181607119e+01
9.546652114273591394e+01
2.296065885999599487e+01
2.730140540812471528e+01
1.717156152777820211e+01
9.943544133725776391e+00
2.010567684737021210e+01
1.463825882909346987e+01
3.790347656347268668e+01
2.248450330245912809e+01
1.485123501523566460e+02
5.018520378007212912e+01
3.598648459279414169e+01
2.467674305222464781e+01
2.766404185151191797e+01
4.905016430787389936e+01
1.724503001786521139e+01
6.586382928490927213e+01
6.214712363233893200e+01
1.456390310756530937e+01
3.359305592112452388e+01
1.481805665844354181e+01
3.243052283687112691e+01
5.166794003216766384e+01
1.031362097152148039e+01
1.700838986648871654e+01
2.142360793962615517e+01
3.266768230333278211e+01
3.439164678648629803e+01
1.943496477484432461e+01
1.737598064863939484e+01
1.083573142580194144e+02
1.654851317990685899e+01
3.877178908146905911e+01
8.875154186953842839e+01
2.185636299112139369e+01
1.699813552646360293e+01
2.070317077315714371e+01
1.182342650687219532e+02
2.307791054343525516e+01
1.000426321306604081e+02
1.575982995509045459e+01
3.300147045440673566e+01
9.606088707208699873e+01
6.616427684848770241e+01
2.441083273569169521e+01
1.946718072256681964e+01
1.645750440281594251e+01
2.772257116340517058e+01
1.743929711296212588e+02
1.916622669151587033e+01
2.409219602108290914e+01
2.744686337029794743e+01
2.929909336164273270e+01
2.681799377691000785e+01
6.832199866348942408e+01
1.593758813012945197e+01
8.270713751614536591e+00
4.191152997240144629e+01
1.571705390925902179e+01
1.832962644782912420e+01
2.250037917510443464e+01
1.801537663210898899e+01
7.759667828091446040e+01
2.895197742061770896e+01
1.978489838934251281e+02
4.042480221471182489e+01
1.608800281444844416e+01
1.859613199444819642e+01
8.964013223165061106e+00
1.612809999270113792e+01
6.030427844525840442e+01
1.726097234212980780e+01
6.731520943393087464e+01
1.760244997921016719e+01
1.305085768003389646e+01
2.696916942872627843e+01
2.446020487927585663e+01
1.102574821200828126e+01
7.559939664147941585e+01
4.951787159666075411e+01
1.249597841915845109e+01
7.735682424803641766e+01
1.957804567748240032e+01
1.556131877638175354e+01
1.767416311388650740e+01
3.237550118682277400e+01
9.150899911533083753e+01
3.183165405738285969e+01
3.753175629826139215e+01
7.671252325883806122e+01
2.525231174994276628e+01
4.477053891909687167e+01
3.252694750243836808e+01
7.453196278508026573e+00
3.922569711723645725e+01
1.839034671967143879e+02
2.414560373964351569e+01
3.371378449504651797e+01
1.798276032755227760e+01
3.976787848268757131e+01
4.326016463312059557e+01
3.655151658195887165e+01
1.032691492850619497e+01
4.508751396979035064e+01
4.140694104239114637e+01
3.475580940766682403e+01
1.841495420490530321e+01
2.633349392436172920e+01
1.144890626571384757e+02
4.906602382397382911e+01
2.329036259388107055e+01
8.119958279410123225e+01
1.191179174349649728e+01
6.445423885419572230e+01
7.370099522906434686e+01
2.716643617077026462e+01
1.298239309438547018e+01
4.135391051144552677e+01
2.721460189144013597e+01
2.903449645776295895e+01
1.529542176849467339e+01
1.245413301979259657e+01
4.528246760035531082e+01
5.922915841751054700e+01
2.170081838821553433e+01
1.119914854886203415e+01
1.883776169022693026e+01
3.260305974964613540e+01
4.090954415834572444e+01
1.236932639461067573e+01
5.079871693990121173e+01
1.725981106713314261e+01
3.556528687317965876e+01
1.289347794610748679e+02
5.911894610269551720e+01
4.016396296019735956e+01
3.339063285672470727e+01
9.727614487526923881e+01
5.328731453220950698e+01
5.124727702899238579e+01
3.638323294474844261e+01
7.042584706816789719e+00
3.043940009839771577e+01
1.213237739769809487e+01
7.564682421447508887e+01
3.725980472768858220e+01
7.500124971805263385e+01
3.727433665736631241e+01
5.222464832616018349e+00
1.560814380364808862e+01
1.873125492036303896e+01
2.961110512377929638e+01
3.373662284151985347e+01
2.815343141078237466e+01
5.088665910854619767e+01
2.643812833533602102e+01
1.772730001679690020e+02
2.085362574956542403e+01
1.246211379244643247e+01
7.842156528084551326e+00
2.551627060946178460e+02
2.384275740463637661e+01
1.459564688978381852e+01
3.974512650816461701e+01
5.643278977519144490e+01
1.343829483494050159e+01
1.044315129975390555e+01
6.479722133720996169e+01
1.955161412949794197e+01
