7.889832465055742716e+01
3.549958187756664074e+01
2.952617159106035416e+01
9.309709405182244879e+00
1.410444929449390941e+02
1.321719465504196478e+02
1.856109983439536393e+01
3.213663419539889787e+01
3.208478575815567524e+01
4.445911081313471414e+01
1.450798646727398378e+01
4.471668814692770155e+01
4.539681959306719250e+01
6.546773166429041169e+01
1.422468966653400635e+01
3.534014939794924004e+01
7.151778314817005366e+01
2.403491313160190046e+01
2.517300928944770888e+01
4.634585264205150423e+01
2.901177608831745758e+01
2.893951230742602121e+01
2.041060812008165826e+01
2.398807825090923629e+01
1.568599837933333596e+01
1.875008087592887307e+01
2.694915396860389833e+01
3.101249569867775691e+01
4.707257008012800981e+01
3.520314029280942236e+01
3.146272657840117759e+01
3.849624240709150058e+01
6.129451872816063940e+01
3.959730517801947514e+01
2.130193144107957437e+01
5.297718951209596128e+01
5.534409950313492033e+01
1.608223928274972891e+01
1.065095033640874611e+01
3.242967328626657775e+01
2.441123430012616780e+01
2.283542625555034533e+02
2.698685881104028184e+01
4.793047732862251564e+01
1.211753564380583725e+02
3.954740206148572668e+01
9.985425291652417457e+01
5.087501242874216700e+01
2.002557807765475673e+01
1.066782865005382774e+01
5.643005565603294826e+01
6.653922142517867400e+00
4.216927244952818654e+01
2.881922060739485403e+01
2.686537844626227667e+01
1.375995347375085487e+01
2.399793096704343398e+01
1.885682118325504675e+01
1.828497421789155553e+01
4.049311803509156960e+01
4.640000198369238404e+01
1.700393009019486499e+02
1.402119449491462255e+01
3.902821608700089939e+01
4.855352323848707385e+01
2.478225029038304328e+01
9.765640418402639966e+01
1.520202906762453843e+01
1.006907706574404529e+02
5.894841309380421990e+01
1.968227770877811977e+01
1.935849760685361431e+01
7.274821752620242421e+01
2.690614102846981126e+01
1.766606706431125673e+01
4.021345567985532199e+01
1.327953248616327997e+01
3.723969762587011445e+01
3.043448449485122254e+01
1.592416130014101761e+01
2.607054609439538950e+01
2.240003086677572597e+01
6.416523339246509750e+01
3.418788903730887085e+01
1.265039973452862796e+02
5.847080383841873186e+01
3.375807838093486879e+01
8.437601171566441849e+01
1.962142905149481820e+01
1.849632074794192960e+01
5.147421216179368741e+01
1.787016965440534122e+01
4.140504121640942259e+01
4.161837681241747333e+01
1.975518300727836873e+01
2.260904744814375533e+01
3.176973006264917032e+01
4.902010368212715719e+01
2.980179310451204699e+01
1.502798676692534663e+01
3.031598386322696115e+01
3.467214183657342375e+01
3.446005482842267753e+01
3.695489633966567311e+01
4.698875780194779850e+01
1.073740733920432078e+01
3.738209089510765182e+01
1.837731809309154940e+01
6.284514914372954308e+01
2.996835568333424504e+01
1.133525308607781135e+01
2.898147892542407789e+01
4.095798254611696620e+01
1.014990647969777271e+01
2.057958282437880015e+01
2.883916239459407294e+01
8.406159160244291684e+01
4.707509887948759797e+01
1.076669698392851870e+02
1.559213575404599617e+01
2.289358132336228024e+01
4.782890428956785911e+01
3.556409238564785369e+01
2.976018643235846994e+01
2.921923842261012538e+01
1.275560603108256004e+02
1.999116304671863276e+01
2.921068044019025933e+01
3.798799053458231612e+01
2.961332756634931940e+01
2.732608786013885194e+01
1.233345479236202280e+01
4.101209613691166567e+01
1.861469591972151960e+01
4.413381150397276542e+01
1.016313584716076406e+02
9.268376542805057738e+00
3.256366220408536094e+01
2.519868477551993990e+01
3.034992948039467109e+01
8.160192361103281655e+01
9.807040164560369533e+01
1.441556772958060684e+01
2.524962526710488575e+01
1.247034012440239614e+01
3.392477092362918967e+01
1.491809649513167990e+01
1.984474536332269068e+01
4.672529265063180759e+01
2.665780559089867907e+01
9.345686632552099127e+01
2.162450348803971067e+01
2.144178846026176899e+01
2.492215918399601193e+01
3.111904005121808225e+01
3.322303592233312486e+01
4.841227874928574693e+01
1.219551579554443421e+01
2.011957345104516293e+01
1.756312229175122752e+01
9.852676039271127451e+00
1.878436019286213465e+01
2.298740884367353843e+01
5.158041480087386077e+01
1.230239599372782067e+02
5.418594297923118575e+01
5.180890726593717943e+01
1.072702996885566762e+01
1.599044543555590892e+01
2.015358399548955859e+01
2.683512396282436185e+01
5.825219278121754485e+01
2.881854809728498523e+01
1.151049310252533076e+01
6.657504221433065084e+01
3.128689978573031283e+01
3.833443231775601845e+01
4.139505810201305991e+01
1.163815509390391156e+01
2.466103181715302739e+01
1.998657427349779780e+01
5.796268100260266465e+01
1.694260304447079690e+01
6.631393122140356411e+01
1.399523204642175500e+01
2.538630418068092354e+01
1.592897991100904420e+01
3.709261749490128324e+01
2.331139854448293747e+01
2.774430307464614032e+01
2.487464928059554126e+01
3.227736871362201043e+01
1.274815035083578252e+01
1.300267549075562279e+01
5.765278841926041764e+01
2.516884793435232126e+01
7.221904863090018978e+01
1.235625171767704344e+01
4.901624552021067416e+01
2.489590971078599324e+01
2.825106043372733922e+01
4.213035610487186489e+01
2.903765548393379703e+01
2.099975101366339914e+01
2.967883984294083533e+01
9.353029095593694819e+01
5.652049507620408519e+01
2.944821318362687990e+01
2.994583559043206122e+01
1.059937698449375709e+01
1.982024275478109487e+01
3.083673057918008453e+01
6.094760848616275695e+01
1.266526427242443553e+01
2.476487490482167075e+01
2.456823477117622545e+01
1.864312751549683611e+01
2.661549457637750038e+01
1.304813413707358549e+01
3.197863325238868626e+01
3.221528676670885716e+01
2.159806857040279837e+01
4.285357180439550007e+01
3.088854123169351240e+01
2.073381104157500232e+01
1.838553830793092203e+01
3.672616079479125517e+01
2.299325270125170917e+01
3.391664866796348576e+01
6.347879018357216552e+01
3.046424532616025260e+01
1.425234758747715347e+01
2.457496429541663829e+01
5.114116730641837449e+01
2.999628386537721525e+01
2.187694188781727433e+01
1.941176616701188706e+01
2.340874416572373207e+01
3.915099848831242468e+01
7.116720539251703315e+01
3.626368572026856185e+01
7.971140798183400022e+01
1.140745151966218884e+01
3.827597944223585102e+01
2.444994697000109696e+01
1.839949933697213424e+01
3.642740427379644075e+01
3.420136145242287995e+01
4.981294680406809761e+01
1.674776223244382578e+01
2.838833045195065452e+01
2.908503619105928450e+01
4.160148500418887352e+01
1.128471172009779444e+01
2.234343802661928535e+01
1.565208469668536218e+01
1.168184807211001797e+01
2.625780360864713003e+01
2.788816842146327701e+01
1.892289026428289844e+01
2.903783640906715391e+01
1.453725220960687992e+01
4.553465459793038406e+01
1.390905235299743481e+01
1.415657323283233460e+01
2.253523170875706327e+01
1.743669550420858982e+01
1.646421740379720688e+01
1.629799702282912577e+01
2.154242619707384421e+01
5.742372509562030558e+01
2.944890658897818980e+01
1.999999912702554639e+01
9.102462823204218978e+01
9.508631237375118062e+00
2.456719169492740562e+01
1.769144914404014202e+01
1.949257285971587450e+01
1.470870096060011001e+01
1.892771477022294846e+01
9.344538242365753433e+01
2.748296867489720441e+01
9.263459597992321903e+01
9.930218314021578863e+01
5.189890630046318165e+01
1.387741810955320965e+01
3.548417082296220570e+01
1.497393362118960880e+01
2.398088770777701129e+01
7.111583406019632037e+01
1.137081090481957801e+02
4.443356453696211616e+01
1.301573448315018844e+01
2.592539097348690547e+01
1.489055651302519934e+01
2.882376654319901377e+01
2.211110972712415546e+01
5.198498878838050530e+01
3.497044329809121166e+01
3.877293257185891662e+01
5.956268955589477088e+01
3.422429112414620533e+01
2.281827267466256259e+01
1.164967078518867005e+01
4.136774695286906223e+01
3.929407195848367707e+01
2.633505144776580664e+01
4.943968425618437124e+01
3.070373292093807294e+01
2.250919286276952391e+01
2.302453589448735372e+01
2.039051381484749115e+01
1.856167132442756440e+01
5.921180917688752032e+01
1.765765230951046760e+01
3.451136753008798763e+01
8.329833439257301109e+01
2.552671498425240770e+01
3.690565557110294037e+01
2.758916418754209232e+01
3.736512051083777664e+01
2.125461244296336005e+01
6.447289057509500765e+00
2.446093046649934166e+01
8.187231873107043612e+01
6.811317021037669406e+01
1.235740903264796131e+01
1.632763006209890477e+01
4.676805350024536523e+01
2.012425120521328381e+01
1.562802625527968559e+01
2.369521883927622596e+01
4.504839406757169940e+01
1.561008807850793545e+01
2.712294663344324519e+01
4.172224521871197567e+01
3.183083940055364280e+01
4.507241566690532864e+01
2.955833246520380442e+01
1.915633019178470775e+01
2.013004705625672486e+01
3.211973946063628205e+01
1.869147268862556288e+01
1.714870886529575600e+01
2.692828272226084607e+01
3.211839329762451598e+02
4.548785040092177923e+01
3.670951033976781019e+01
3.073731084278515624e+01
3.989597524188567235e+01
1.133168198009919614e+01
2.535326032947043018e+01
4.385608121225382661e+01
3.075042182024731474e+01
4.330463949362407305e+01
8.770414898850815177e+01
1.742190699559841605e+01
1.783187038907775701e+01
9.423593270346918871e+01
2.080159718874486430e+01
1.374841048894967699e+01
2.080681706186734914e+01
2.628831398106216355e+01
3.877829230170518571e+01
2.056166885240958564e+01
1.703814097238426939e+01
1.754847954184637260e+01
7.751444662843471178e+01
1.793232029341804434e+01
3.541543815539900208e+01
4.073814381959946473e+01
2.215753877023582774e+01
2.368500954584753870e+01
3.155502798717453317e+01
3.041168761258145281e+01
4.076396554709159403e+01
2.018735242974098298e+01
7.730492099519491944e+01
1.769264486480339471e+01
1.592391811575119576e+01
2.082965829450766293e+01
6.716021544988467440e+01
4.005970975702898329e+01
2.453638266002621293e+01
1.219898128131516870e+02
1.510869899764578328e+01
9.149690687001649891e+00
2.768814378524120556e+01
1.932190194660686444e+01
8.556995740083635837e+00
4.947143636799540189e+01
2.002247052957246254e+01
1.835645657825314743e+02
2.658536013157850064e+01
2.734244408297167297e+02
2.614147756423370339e+01
2.572398452209815289e+01
2.198156691381084826e+01
6.669469863654960307e+01
1.503346531855107848e+01
2.332723352125766496e+02
1.654522298757503052e+01
3.910326614707765458e+01
1.229434900596833025e+01
3.990128508871696056e+01
3.714481993805912197e+01
3.986637738175849677e+01
1.117739656872317653e+02
1.630276338177815987e+01
2.602138831207317438e+01
4.529987927654796920e+01
8.390859203690855850e+01
2.191373014720100230e+02
2.576611201602333168e+01
1.893740353231737927e+01
3.270845153272476580e+01
2.248062437668621172e+01
4.073169963815008998e+01
1.380505616282811943e+01
3.595952261370509717e+01
6.247734624913706369e+01
4.087621090858733908e+01
2.954877650095399488e+01
1.760917331289665810e+01
4.588288775301415967e+01
9.234266678200405920e+01
1.748308749237639503e+01
2.626726431980631560e+01
1.539797836496516048e+01
2.537181887714780970e+01
2.593806421144336127e+01
2.158453038047921524e+01
1.990183690504309055e+01
1.298839891111446043e+01
3.651519938119582065e+01
1.431992401239885453e+02
7.090267694623705097e+01
7.463371798023057124e+01
3.292926229783434877e+01
2.662435196668414150e+01
1.525017538503224159e+02
4.734574794536725051e+01
1.859985181695505929e+01
4.176152175839617797e+01
2.076248320191994523e+01
4.033943368364517568e+01
1.073782348605308812e+02
2.485915155660120490e+01
1.538671586468697683e+01
2.281621042174182534e+01
2.007731581963416900e+01
1.603043200596404105e+01
3.213405959708241966e+01
3.228288584206174505e+01
8.440012934048759519e+00
2.545658269138239049e+01
1.954203455628259434e+01
3.994316489283323790e+01
2.680970168836528345e+01
1.813315602624208367e+01
3.727638204860586768e+01
6.608344208144725229e+00
1.336146870822286736e+01
1.018803090406899692e+01
1.561707959562868631e+01
3.428313408972462639e+01
2.894040830643348272e+01
3.955740130201935756e+01
7.722062853020615592e+01
2.212311588813673779e+01
4.222657407878532609e+01
4.871340932817113867e+01
3.585110975976381553e+01
8.789868494291782497e+01
3.409424525225982450e+01
2.657143456670717896e+01
4.689324816381125771e+01
6.041384641939252020e+01
1.621360915696321925e+01
9.967952094622685166e+00
1.100471669669872483e+02
2.581330227535734778e+01
5.579321516317529017e+01
4.175640855626862447e+01
2.214649209094095639e+01
2.381381526200596355e+01
1.139849925580590018e+01
1.547793424028773579e+01
1.687093010438842100e+01
1.370198073784347059e+01
3.787094469665035490e+01
1.772064999117561257e+01
2.795287943542581743e+01
2.300993699632895684e+01
1.769802633579263684e+01
1.770086293694957291e+01
5.381868503562957073e+01
2.018732298432949506e+02
2.622553441785235151e+01
7.572129964788787504e+01
5.481972753890978112e+01
