1.435533372366854792e+02
2.271980911082943067e+01
9.816774626491134370e+01
3.034900249523973415e+01
1.759608645115827485e+01
1.065978121772236342e+01
1.678806684785382686e+01
3.341240998117886818e+01
1.418999853550294077e+01
1.517431849019307322e+01
1.026917661707301654e+01
1.930574477570652547e+01
4.992965294776963603e+00
3.580116751692580834e+01
3.173124672818673986e+01
1.506258520386771949e+01
9.113553180249459373e+00
7.803601600265284155e+00
5.261828015602581843e+01
4.092795188657398597e+01
2.344124806179625509e+01
2.178239095135316816e+01
8.006853561325613100e+00
1.905316223826074307e+01
9.554509761756936825e+01
1.646700679042686488e+01
1.539944001528670547e+01
3.158140759217413773e+01
2.163434417328400272e+01
2.549311900223153060e+01
5.904534601881056233e+02
6.073017324204084844e+02
3.359954826121293792e+01
8.906650606887355934e+02
9.223766755794196470e+00
7.770867997792993975e+00
9.037691317259918478e+00
9.374679024214728429e+00
1.377048045899887363e+01
2.073195521525714113e+01
9.770665264244945192e+00
1.661740379954735403e+01
6.891733068718107980e+00
1.319657513882612321e+01
1.481265795191419699e+01
1.487375530907962862e+01
1.878037458461155040e+01
1.357846495126470288e+01
9.484882229630855477e+00
7.457036379312701513e+01
1.325507641576857409e+01
1.457110097713896266e+02
2.466219897543257673e+02
4.344475909845567685e+01
2.320900406468476262e+01
8.188822878615354739e+00
4.576190615566083153e+01
1.792444240784123366e+01
8.188761202937568484e+00
1.973102859842048318e+01
1.235616520589423217e+01
1.118577640572374676e+01
3.888823569504397426e+01
1.026389343738714288e+01
9.937925036925939821e+02
7.873089034939152242e+00
1.166804670422408030e+01
1.217510305499557255e+01
5.857002344088620305e+01
2.918075615999746475e+01
3.526931850386296219e+02
1.217498558256768604e+01
9.230438884429723885e+02
2.934578689930427586e+01
1.039192429895209280e+01
5.758134723903152619e+00
5.622891699287823712e+02
6.779283123700247771e+00
2.662667291542410197e+01
1.011812476258387619e+03
9.581814562038811545e+00
1.829238387215647421e+01
1.081839520789135278e+01
3.455537721000453075e+02
2.198236313090745497e+01
1.791463346370373344e+01
1.597804994193926653e+01
1.558372266811627505e+01
6.279320463787966133e+01
1.752836292207291535e+01
2.357091750982590739e+01
4.330465579681204957e+01
4.066715103345877225e+01
1.537007606620771405e+01
1.968392165618685752e+01
1.079353965562931705e+01
1.731998806596459417e+01
1.944564289179163907e+01
6.167384098306556552e+02
8.133478120453225984e+02
1.388082468150441429e+01
1.364055526030991139e+01
1.105159633553495446e+01
7.905343419583713285e+02
7.206771970097696567e+02
1.340994887594368379e+01
2.526644643792503331e+01
1.812120629034006924e+01
1.871885552136859232e+01
1.150496051339394477e+01
8.033040100398030958e+00
1.977483147179082579e+01
4.542711766762714092e+02
4.053329449067542356e+01
3.480882479210250722e+02
1.047746393349982519e+01
1.609824625028854683e+01
1.540160533237019536e+01
4.130726085049273166e+01
1.529946444272917994e+01
1.424059912436140074e+01
2.862740511934530829e+01
1.498004182804555739e+01
3.796567736684941963e+01
6.680210331782009803e+01
1.011793507186808760e+01
1.154584128719806380e+01
1.088617595668075033e+01
1.154427058942774309e+01
5.910937800057390490e+01
3.658117621051343917e+02
4.685668906472308493e+01
1.121645578952558253e+02
3.358516107035685394e+01
9.497157489612131798e+00
1.264202788133252042e+01
3.240021564638713869e+01
1.040848620639501121e+01
1.130359940130398400e+01
1.048185868210306069e+02
1.135564415134186511e+01
2.044234338121789563e+01
6.333530536677578482e+00
5.613335129777874855e+00
1.009650274112456358e+01
6.997274724563777681e+01
8.578148327972748177e+00
5.404328342395344720e+01
1.678645842165865432e+01
2.525441568588324870e+01
5.511152347002320262e+00
7.739679488603577795e+00
1.685631720272530387e+01
2.225944283983047001e+01
4.003462702930286810e+01
2.700213138947709268e+01
8.712561760056132698e+02
5.009082967182634150e+01
4.650676002736679493e+01
1.021059883402171842e+01
6.947056230547166145e+00
2.303965319427898351e+01
9.052943795708316088e+00
2.708699847821818452e+01
6.096588091758840164e+02
2.997422206032716829e+01
3.421234034658489520e+01
9.202228268582347326e+00
2.305871782699465555e+01
4.342788028426429037e+01
1.155100526231708713e+01
7.305848392722882778e+00
1.168140568684540348e+01
2.225901122641198171e+01
9.655072244936698667e+01
9.752189811663059871e+00
9.632269732680228458e+00
3.954504305371376205e+00
1.290144446235727571e+01
2.278666181152410886e+01
6.149341341313760978e+01
1.040926517764575237e+03
5.918327304491691621e+02
8.609609159002685530e+00
2.528056305578359897e+01
2.658733085736713164e+01
8.028875119055852494e+00
2.957258451170600893e+02
1.144003683343572497e+01
4.854303009355862173e+02
2.480514915288865652e+01
1.446839768788362690e+01
1.433651247245819427e+01
3.243937118494962135e+01
9.968895308317769377e+01
5.758626762861518245e+01
5.839030421395567600e+02
9.102662126142631038e+00
3.330120279657625559e+01
3.081337913969526099e+01
1.623815254539720954e+01
3.497967727184016695e+01
1.005122288997869795e+01
2.008848472859336027e+02
4.633301626899391295e+02
8.334783627983085808e+00
3.379369266297942431e+01
7.318185533614613547e+00
5.127522991943615125e+02
4.889451127820144620e+02
1.261280148583280791e+01
1.813983297929690153e+01
1.070457472363697889e+03
2.403330554469685865e+01
2.195386489298655519e+01
8.672494328100015082e+00
1.117321308170883043e+01
2.495605341301423152e+01
8.815670724615403060e+02
1.098109503721866531e+02
9.276505497570580516e+00
2.790496584041768457e+01
1.127834955195201445e+02
8.170015292285059516e+00
2.130854811205940891e+01
1.509389992487880683e+01
5.771266980521275514e+01
3.184939609902734787e+02
1.407969107646825790e+01
2.681052206556674378e+01
1.979181303424563154e+01
9.230175584486447633e+02
2.035457937054334465e+01
3.803717409166354368e+00
1.819932913732360191e+02
3.268493146889268530e+01
9.466375749966427833e+00
2.562029786949850774e+01
1.712895599318647655e+01
2.486989297994060877e+01
1.633691602292238798e+01
1.587118394696869750e+01
2.911178249304482790e+01
7.360168536512899209e+02
6.588175017389576169e+02
2.397459118707476478e+01
3.787709664789451836e+01
1.257631462668295796e+01
9.919373324339899156e+00
2.140733741319958128e+01
1.825420949033722451e+01
6.668303677959218412e+00
4.999296803548095625e+01
3.104543755060518251e+01
1.082327120982958604e+03
7.678958399087963294e+00
2.697507609041542054e+01
1.364461649448971770e+01
2.278002885845204872e+01
1.348764297168709447e+01
1.699622580765751323e+01
1.162367685950814078e+01
6.480796237680949901e+01
3.314335261232278285e+00
2.326940271202675703e+01
2.940496027478944185e+01
7.329225500544349643e+02
3.667548527142503190e+01
1.744072629430056409e+01
1.065065636054872300e+01
1.771526336957458980e+01
6.111087281668737887e+02
1.020503954247687695e+01
1.850166749851008063e+01
7.244439703462609792e+00
7.761610332255463618e+01
5.937204245505649958e+00
1.227962476472042042e+01
8.056253273823084271e+01
1.850530403859464812e+01
4.345619409965120781e+02
1.083619678366849257e+02
1.686094993446955925e+01
3.544774486748381719e+02
9.648671037448526278e+00
5.746872885171643475e+02
5.128899265617615555e+01
5.225777404515271840e+00
1.586938769011758055e+01
3.242871399801619248e+01
1.980562718942035971e+01
1.647256228747204148e+02
2.446923086754194969e+02
3.859204871671314550e+02
2.836192070081764527e+01
5.638454756051935135e+00
9.473519093565400340e+00
3.559579896927941434e+01
2.119304206263028334e+01
4.727226263470790890e+00
8.879565120983492932e+00
6.130235425284278250e+01
1.952115188853237626e+01
1.361937696397478881e+01
1.072385441235230097e+01
3.433897799606343426e+01
1.395415649796429847e+01
2.727489806974878306e+01
1.235793285720061441e+01
1.817275846863320510e+01
4.530492653330205144e+02
3.866753732244603725e+01
1.178620674946553493e+01
2.242537298162621795e+01
8.486322411630665030e+00
6.330440042109974463e+00
4.360107842733136607e+01
1.420271111788294149e+01
1.850522971241965919e+01
3.064142676434666868e+01
3.017029581485500245e+01
7.438134010248875256e+02
6.729611700225420918e+02
6.054000465458947247e+02
2.628626222718691707e+01
8.946482094473592994e+00
1.071147254879018185e+01
9.673071724434715080e+00
2.395337702498555643e+01
8.095787861519902151e+01
8.264538935473462189e+00
1.422969874658628342e+01
4.462205414549134019e+01
2.721782794339864040e+02
5.850428570211770420e+02
1.517832075019466309e+01
2.273310322846889164e+01
1.565816509208560170e+01
1.934428615347993485e+01
4.265175367754586055e+00
8.428373136159979850e+00
2.468586297005201402e+01
4.481866953124590225e+01
1.059186139838292107e+01
1.490791064070541871e+01
2.327739383809140250e+01
2.434838657503439663e+01
4.325086728187728546e+00
1.094317893763376901e+02
6.735518055577739638e+00
1.491947132158994371e+01
5.244523440277145454e+01
2.281599209764847203e+01
6.987265770872335580e+00
4.282043557603277009e+02
2.599958045759067318e+02
4.384868859675563613e+02
2.821004055028989654e+01
1.735256314148382373e+01
3.216094862038342228e+01
7.199582065430397506e+02
8.613044636135612109e+00
2.104485928122575729e+02
1.507141640720032605e+01
2.859467291114426857e+01
1.213072493880329361e+01
1.298038965965920255e+01
1.154829081502928290e+01
1.473847350507632648e+01
4.257318178724492697e+01
4.100161275624947166e+01
9.079830656425938784e+00
4.222118366652134824e+01
2.406361991128314415e+01
6.945742078561901280e+02
6.620112798037509947e+02
7.256906722084666228e+01
1.750501648728846860e+01
6.730688893266820294e+00
1.413174182801154899e+01
1.628363543318504369e+01
1.664138024729963661e+01
3.513980790603524724e+02
3.818190885266709529e+02
6.215897153780876039e+01
2.143237995204679791e+01
3.362683364091032558e+02
2.325407215214112000e+01
1.282661965311276830e+01
2.994469777049000569e+01
5.088326479913953371e+00
1.641184778936277411e+01
2.778317838105178339e+02
2.536755098953280552e+01
9.971435522702909893e+00
8.142133578007905044e+02
2.265865598703679140e+01
4.734344654604568632e+02
2.472559203289787604e+02
5.778397022734036170e+01
1.057036641760247221e+03
2.712549025199344754e+01
7.384180507034652230e+00
9.916189865049389596e+00
1.825524872854846237e+01
1.806168298367124336e+01
8.915488205633375074e+00
6.279538918123600766e+00
2.530342801119091689e+01
1.334812634850225344e+01
2.173637401079182041e+01
1.224822421657498595e+01
2.204277770114665032e+02
1.568434607922586821e+01
1.896234421206801102e+01
1.753860433274823905e+01
1.541019486066433331e+01
6.005925300823975022e+00
1.022340667907798739e+01
7.360798263623948969e+02
1.948936153933228965e+01
1.218372001079785960e+01
1.456987413230730688e+01
5.540798116308433663e+00
7.544790017365128776e+00
5.853769493888078657e+00
5.720179428284375263e+02
6.669465552348387973e+02
2.513264727143664956e+01
3.932786075407594240e+01
6.563806565501502099e+00
2.798055218346683048e+01
9.612599704892964780e+00
1.752981511800311765e+01
2.589438134070154618e+01
6.401983974768038479e+02
2.829302673563850021e+02
4.019120860981352621e+02
7.349105575009984648e+01
3.120287621585589122e+01
8.911987617813370122e+00
8.264267748066513875e+00
5.690252725502741526e+01
4.017222304239187025e+01
2.433629148400501663e+01
8.390600963256626699e+01
3.970270638419592757e+01
1.655645819876167124e+01
1.260528057616533459e+01
1.368670756465995275e+01
3.339334358956352133e+01
1.004214402214566171e+01
6.872502916565514397e+01
2.891097539137159700e+01
1.110442714541842690e+01
1.088763574308039672e+01
1.957948769661757638e+01
1.064835128817097853e+01
3.118937728133784617e+02
1.728632972065120654e+01
4.157853938078579148e+01
1.511869515507667039e+01
1.795855301664526849e+01
4.991115795117971174e+02
2.070374987493175567e+01
1.843122068941132596e+01
3.522167311100728426e+01
5.994543436415342512e+02
1.651973495193801256e+01
2.852315805590948017e+01
3.745865580512410133e+02
7.986344598943519486e+02
1.437263074978960908e+01
1.882813370146066489e+01
1.436965940568583733e+01
1.749031707975055383e+01
1.339661547335483505e+01
2.370268279172692871e+02
7.003692619233855794e+02
3.034545936317481107e+01
3.839751582063268387e+01
8.431679278777102127e+02
3.487238158891739914e+01
2.601219107105353956e+01
2.242283194375088939e+01
5.648759346112201207e+00
1.782185290664623523e+01
1.334295397815611395e+01
1.461559079314863041e+01
1.027140805533708701e+01
1.189835866584723689e+01
2.256329000190600098e+01
2.117166741220143678e+01
4.094707644022420254e+02
2.539833536240604772e+01
1.801436284197907511e+01
3.019029414572894154e+01
2.124479612943188300e+01
2.097328274937565240e+01
3.914761194834048297e+01
7.607990048265209637e+00
