1.346125778927366667e+01
6.528764501639455098e+00
1.622161870145489360e+01
2.067365619783200970e+01
1.686591206487039329e+01
1.764924138999942471e+01
2.534838382434193349e+01
2.690456345010484185e+01
1.849666550172724655e+01
6.809137420314451461e+00
2.277017094330358304e+01
8.468033442609010919e+00
1.677968091997243860e+01
2.405233158654246850e+01
5.272871769436000733e+01
4.417433520483366749e+01
1.491140153693917725e+01
2.734199170544522772e+01
8.765518853879610717e+00
1.514611086407066409e+01
1.893593590773935276e+01
3.885901178714597393e+01
7.451123156398260505e+01
2.023329475803050315e+01
3.377830888493591033e+01
1.409448998563259359e+01
3.178660028863396292e+01
9.338492169690614730e+01
4.479156488279125625e+01
3.804646292807994712e+01
2.308337137895614077e+01
1.032009373381711157e+02
1.790394150301938936e+01
1.294434755848972962e+01
1.599325569372824596e+01
2.329184987042086519e+01
9.782803184240947303e+00
2.325317978309330158e+01
1.575738243873888145e+01
1.625535486508272598e+01
5.266847316860706840e+00
4.573465414939327189e+01
3.483401800449649244e+01
1.340948637428817847e+01
2.156687798568121650e+01
1.409732470825139039e+01
1.884619172707794377e+01
1.890839531308168375e+01
2.753478604152581255e+01
4.015102065940839537e+01
1.315621955603733184e+01
9.585017857838352029e+00
2.267180438589636893e+01
3.818802597481194994e+01
3.565364258360506966e+01
1.246870296947315282e+01
2.451066541831669809e+01
2.648213206711356449e+01
2.654359451436980777e+01
2.708734786474852285e+01
3.336984393944835858e+01
3.314235358399373865e+01
1.560980914418443533e+01
1.048820824209789215e+01
1.729137649191201120e+01
1.005273716892906890e+02
5.519760805105663337e+01
2.332822821020523918e+01
3.401928182062044215e+01
3.765180412996947013e+01
2.774032450358614810e+01
6.295235626189583655e+00
5.426029136856149293e+00
2.806457244127454231e+01
3.119874579698393546e+01
2.209908216643087897e+01
1.464255277109621112e+01
1.707197309613195202e+01
2.309672162808869089e+01
4.187842231903814394e+01
2.459599083374038742e+01
3.207854839885919773e+01
1.954194534445478126e+01
2.019052978718791636e+01
1.645767795472355388e+01
1.142918368115523720e+01
1.664601912304560472e+01
3.469451304870194264e+01
1.463600523333332504e+01
1.636255262517797604e+01
4.609744897331351154e+01
1.527638610096200900e+01
1.649831827451242106e+01
1.707036433490631566e+01
2.142197522001903565e+01
1.210055988468440091e+01
1.608574117401823500e+01
1.498042328925311928e+01
3.170015151985474589e+01
4.792601876427608687e+01
1.624672909807135923e+01
1.491836753992132181e+01
1.832347447399531859e+01
6.445402459305842058e+01
9.443683047357087190e+00
5.716734621232507862e+00
2.016918183019653199e+01
2.300537008942231054e+01
2.506181561348762443e+01
1.371412655520423840e+01
1.895384222711305000e+01
4.126362920517786392e+01
2.292901961825703339e+01
2.055143352509975685e+01
9.671204489405100801e+00
1.528774416972853523e+01
1.400899067239534190e+01
1.844665028206594215e+01
1.662079557274944719e+01
2.044598553655956508e+01
4.093179202070008671e+01
1.268135967945653242e+01
2.607071787971360521e+01
2.592041568460640732e+01
3.073356412674963067e+01
1.187763779496570393e+01
3.254880175945716303e+01
2.867162844138895750e+01
3.091686754642775625e+01
2.748097591213333146e+01
8.446264769913968351e+00
9.158975278813414889e+00
1.417125976103003282e+01
2.285117712781663357e+01
1.512629445045861942e+01
8.279082818299164259e+00
4.900300483738416801e+01
3.197989952491213117e+01
3.666386108876056227e+01
3.174012288358215272e+01
1.282413470883949991e+01
1.301912168124973412e+01
2.976433231717984640e+01
1.442187705111935436e+01
3.325618536853782103e+01
2.091012056209220304e+01
1.807247711784640387e+01
1.868461678605018150e+01
3.070547265959317329e+01
1.772573793260872677e+01
1.167281565104081054e+01
2.859024500884962094e+01
1.939768366383186304e+01
1.113219646773161386e+01
1.547222045856657680e+01
2.354643435337936808e+01
3.099025569528390278e+01
1.813803970766353046e+01
2.423066603708580047e+01
6.182785599633346152e+01
2.267049963837025217e+01
1.439901527063176623e+01
2.123416222030620659e+01
1.729620808969323065e+01
3.334908822350465840e+01
3.286047468566741969e+01
6.243880268868650063e+01
5.788291925104236668e+01
1.956639930948216133e+01
1.109676701329435389e+01
1.348907545841891675e+01
2.615826453470090129e+01
9.461653332669238026e+00
1.427914813283231688e+01
1.771548289463897063e+01
2.942807866386659654e+01
9.001817104151747628e+00
2.132700644389394995e+01
1.220160319760779011e+01
1.102053343393185436e+01
1.541087256603627509e+01
2.651967635944756196e+01
2.092202364080855403e+01
2.268293419168700353e+01
1.890239106812473580e+01
2.285752246892297990e+01
1.671493003437731062e+01
2.021260091256331393e+01
2.892020416837149099e+01
8.283933577167823614e+01
2.807226842583051862e+01
6.353394607204906919e+01
1.320750908631680076e+01
1.852062357238661150e+01
4.906007301362537021e+01
2.585814805399451899e+01
2.276492987488832398e+01
1.465149119697628599e+01
1.380350063322195098e+01
3.251888984767276014e+01
1.348105366392687721e+01
2.372062111203442925e+01
5.869948370006000893e+00
3.257679273257261343e+01
3.178353669224406630e+01
1.622954348119479917e+01
3.884710138095600485e+01
3.023458885981982291e+01
2.064461868866781202e+01
7.307536100505727106e+00
1.954636513207164938e+01
1.807681297836215251e+01
5.519488695806543177e+01
2.394308353275046741e+01
3.018334660137465164e+01
5.519977242569753884e+01
2.264963111004647800e+01
2.559176458340371596e+01
9.328155072083776034e+00
1.186123028016351100e+01
1.964344161405491462e+01
3.131360832865930277e+01
1.565862337528636417e+01
1.286194115858887521e+01
2.656057898416059970e+01
1.598999955171960430e+01
3.431516338519427478e+01
7.474773640862407476e+00
1.174584825683186651e+01
4.364370259291561638e+01
1.278736944983634949e+01
1.982709218224410108e+01
4.390210803521112126e+01
2.822314576851490031e+01
1.246596188100777525e+01
6.664818029863883453e+01
3.342039960350376759e+01
1.996792961214195472e+01
2.415777992019332387e+01
2.998067165673218426e+01
7.120398758615444912e+00
2.998384670012573849e+01
3.392052853834490378e+01
2.196735255038865731e+01
1.941262915163374814e+01
1.997903739124544842e+01
4.961210627327061218e+01
1.355920435051064565e+01
2.638782787816301578e+01
2.579318932716199697e+01
2.591204833320859890e+01
1.058795857345883640e+01
2.911979335428332760e+01
1.190624436883946657e+01
1.068490434775616116e+01
4.699408826393694483e+01
4.589955179920331574e+01
2.931548646445834905e+01
1.556245574450473512e+01
4.194928356292009397e+01
3.347049570211251535e+01
1.681861747192350620e+01
2.913295874614454206e+01
1.051769946180315962e+01
2.319981952870325159e+01
1.265520247785009289e+01
1.641363282246409128e+01
2.104926221718891099e+01
1.134604006980487512e+01
3.265282987020909644e+01
1.094292199524386966e+01
1.945058621965984003e+01
1.461172038503987203e+01
1.607501000805095259e+01
2.530770840911196373e+01
2.468364356905280133e+01
1.229886785326360510e+01
2.692450919853592950e+01
1.546852467900616013e+01
3.099315805488422981e+01
1.479453853020678267e+01
1.202572486306376121e+01
1.159774439701672222e+01
1.642987546579037783e+01
1.168757012940555384e+01
1.659762086347828358e+01
1.603080922228680905e+01
2.818775361475105612e+01
2.004480871476191695e+01
1.986589524433163234e+01
3.597383487296685889e+00
1.356085311270571658e+01
1.624182279054526035e+01
6.735125708503274211e+01
3.164745467532673473e+01
6.116035604495690059e+00
7.860201929744501825e+00
1.834660149769612758e+01
4.196565448752799199e+01
2.897002482175034643e+01
2.241740444069688110e+01
2.054764189953787579e+01
2.540459820760026588e+01
2.128734890232624721e+01
1.068753742470891588e+01
3.976433082476408742e+01
2.700660447684610688e+01
3.380998662190115311e+01
2.326838590882059776e+01
1.505159646556573705e+01
2.695129480433556068e+01
1.918140758274123314e+01
2.383494191177388899e+01
1.111031428797387299e+01
1.922417652286925005e+01
9.991904145067117327e+00
9.653597638801283409e+00
1.622929255808042726e+01
1.310354286057982343e+01
2.371594874967260580e+01
1.513255184074068005e+01
9.485052400831158081e+00
9.838824530628041742e+00
6.823292605493632834e+01
1.280642796256447902e+01
5.618542179907750267e+01
3.953414616949496008e+01
2.611287903893027718e+01
9.346580508880776961e+00
5.891010135411849546e+01
1.585942669116430892e+01
1.561959170350964321e+01
6.019108604009871755e+01
2.858318012402165920e+01
1.289203934990683109e+01
2.380634487725586368e+01
2.032186605070733876e+01
1.891789332121955169e+01
2.661013742289588535e+01
7.067694036204898111e+00
1.166426531456025018e+01
2.627142641291936798e+01
2.782509851716933724e+01
1.923143570671278724e+01
3.837704642094048069e+01
8.157613596027580627e+00
3.144329539162564657e+01
1.942613364849864155e+01
2.405025661258935799e+01
3.640460546717402934e+01
2.062915695484588596e+01
5.851339629952225607e+01
1.422948165180581981e+01
2.698172985614724340e+01
1.998455889784133177e+01
1.544443682222626713e+01
2.158212015316869525e+01
1.857589729920075783e+01
1.067413718135574072e+02
1.618026634669465835e+01
1.306621648016205839e+01
2.250853563832193416e+01
1.231933998601560276e+01
1.660361875251736308e+01
5.183599211757118042e+01
1.747420533052154212e+01
1.312922655685547824e+01
1.607614186213364960e+01
2.239534231959160948e+01
1.528085922558754106e+01
2.826797466521318825e+01
3.123586724793668878e+01
3.837580829316896036e+00
2.358888893160922606e+01
2.185507393423560529e+01
9.349115850069059874e+00
4.873703059565227136e+01
3.231578765601763337e+01
6.766500229827931889e+01
2.392816778810256295e+01
7.441771014997485167e+00
1.867830335247855800e+01
1.117004321772874675e+01
1.610830433915155524e+01
2.504696071120526923e+01
1.021191165895340447e+01
8.743568544265958309e+00
1.174516713024655878e+01
2.106522989410104074e+01
6.360223980722729209e+01
3.481206572031669566e+01
1.632243990524219157e+01
1.054746528758918345e+01
1.828420468012911115e+01
2.544773460530987919e+01
2.035805844433325262e+01
1.268694055583967639e+01
1.299697767639392687e+01
1.269272575433240391e+01
2.485118241801799499e+01
4.492563314606145752e+01
2.761018744362593935e+01
1.274602793435994386e+01
2.414433771622858416e+01
1.050667197011983767e+01
1.046414061646444793e+01
2.614447645385522634e+01
1.524590263608719631e+01
1.034904436656752864e+02
1.187423606578050261e+01
1.330120497434722893e+01
2.114070799399125278e+01
1.316837627364991725e+01
2.569219302250434467e+01
2.214714948810867412e+01
1.681647846118540812e+01
9.665835847654626889e+00
1.979216239689587198e+01
9.962028593109405250e+00
1.371953790477022395e+01
2.234553140701092033e+01
6.566808591231485970e+00
4.480251987763050181e+01
2.870814906251085219e+01
1.677753650504277516e+01
5.410381101822993344e+01
1.264536941954257010e+01
2.270023935560161377e+01
1.521812036768404255e+02
4.349695608365956900e+01
3.444367767694249238e+01
6.618590493268563080e+01
9.173492111485975542e+00
3.013848846642220991e+01
1.097978151337177799e+01
4.359819039680752439e+01
7.428879490783907080e+00
9.581376876126013187e+00
1.663795904545201765e+01
2.861862366846661843e+01
1.090646697338061166e+01
1.819071204554718335e+01
1.490031377522447897e+01
3.366546604658740449e+01
2.057913718029585226e+01
2.549996913532618237e+01
2.437550611944586620e+01
1.599900410014740082e+01
1.184115605135579941e+01
1.538845026824133733e+01
1.178235923054920065e+01
2.795508422774595658e+01
4.068396274463118090e+01
3.054848805698084746e+01
4.720759089136516451e+01
2.471832960274987201e+01
1.635266830275207894e+01
1.736205474123675074e+01
3.797316842641787105e+01
1.679819377653662471e+01
2.508616131401550575e+01
1.696187141216346816e+01
1.206483855363892488e+01
5.674070950826598292e+00
2.818329254905111725e+01
3.426730711514706229e+01
2.155690797731282160e+01
2.930662971399870287e+01
5.104746916942295343e+01
2.648535368126280787e+01
4.049029774550419347e+01
2.179816047383079081e+01
2.751379663250791907e+01
1.649768455182636018e+01
1.250318909275716095e+01
2.799444212048946312e+01
8.265821068541375993e+00
9.568944828946200687e+00
1.358804682574917244e+01
2.414828579317423518e+01
2.097623233483299643e+01
4.285424285556893409e+01
1.993520536975857738e+01
1.910000398451272119e+01
1.053937222468285455e+02
1.939057842315683899e+01
3.837991143755640167e+01
2.351097842137521710e+01
1.759612866826158495e+01
1.352581719377730352e+01
5.001780372160791188e+01
2.313000412032458186e+01
1.153989285703680068e+01
3.718149693209057460e+01
1.898543047128136152e+01
3.326514542848802591e+01
1.579432885791706731e+01
5.880468458612963190e+00
8.805545986372207423e+00
9.745305074303388437e+00
1.534089099025447744e+01
