1.511862063157152924e+01
1.098538876587534752e+01
1.600976166731658523e+01
3.302015861157742904e+01
1.564204798820681397e+01
1.903002682511658250e+01
6.299412773720019842e+00
8.184033970986225981e+00
1.394594748552368735e+01
1.361572733683481928e+01
6.995733449362626288e+01
2.723504600693154742e+01
2.343691814751263536e+01
1.000695503750669602e+01
2.503390073934231808e+01
1.741242551737562394e+01
4.113847633118713532e+01
1.965002221838520668e+01
3.005794264279979089e+01
2.530032840386501647e+01
5.153880755159412530e+01
1.732119800580640145e+01
5.204415331832739078e+00
1.917010507616228310e+01
2.368128221323009441e+01
1.328204422458228429e+01
2.398705740995748670e+01
1.292011893848330217e+01
2.845267232588442496e+01
1.041060459945036243e+01
1.879981691618691642e+01
1.838422345407605718e+01
4.150292822822172667e+01
1.865213412562744466e+01
1.210171681361411444e+01
1.612357292505165773e+01
1.534167817599506911e+01
2.288180908401580282e+01
3.904685859591710084e+01
1.814053868324698371e+01
2.815113208623883523e+01
4.587681494619218370e+01
4.244478684149549252e+01
1.140817133098555658e+01
4.545111310319478548e+01
2.575713870333089162e+01
4.042527136334422266e+01
3.672309010642976546e+01
3.298715694832927880e+01
1.890263104079325984e+01
2.204786851612203691e+01
6.083445532728156735e+01
2.793025720290567548e+01
1.258002990432135171e+01
1.277851230899648982e+01
2.108706790635334016e+01
2.828860433056791379e+01
8.302717989051059178e+00
1.503800902600296752e+01
1.429097916611382857e+01
2.104965810320002362e+01
1.985120014558932056e+01
1.688523237869049964e+01
1.164819186912294846e+01
2.737172572217623667e+01
2.409519432868241395e+01
2.032671557115625660e+01
2.565318007809525014e+01
1.139055771209344670e+01
1.018021753502203275e+01
7.958128762857498373e+00
2.650409126717685027e+01
1.176474364260602101e+01
1.695823950021875248e+01
2.821454420895998894e+01
7.082464803679994425e+00
1.685890520329846254e+01
4.321148529524477766e+01
6.064383092757774563e+01
1.426796790941613224e+01
5.595836545804954909e+01
2.776690972442009553e+01
2.362392010282286137e+01
5.248675391561299364e+01
4.278116848655004389e+01
1.337870160705320366e+01
2.264357705073605231e+01
2.137435229694482786e+01
2.627589110196339206e+01
9.432191910313418859e+00
5.054203323685530336e+01
3.227447343515627409e+01
3.828055131428889268e+01
1.710085236372707485e+01
2.149042936927894232e+01
1.411115413634378690e+01
9.723483584027540871e+00
2.506240312357686051e+01
6.843616556055781075e+01
8.742049523131456112e+00
3.434954079131012605e+01
1.351669701521273836e+01
2.464697594693370775e+01
1.148669147965618009e+01
1.047400504247264053e+01
2.444716371427758261e+01
3.243722949221904628e+01
8.359986396449240686e+00
3.352314425599934111e+01
2.535898000959349119e+01
2.411897232291959270e+01
2.771233230069679365e+01
2.196548001375662551e+01
2.290197158716074100e+01
1.580266895069529376e+01
1.788433141530177650e+01
4.307074916439658097e+01
1.825583950941549460e+01
4.004523843816109263e+01
2.527774580961312267e+01
1.607059355485577612e+01
1.455313948150860170e+01
1.914568945653548226e+01
2.174803929527533342e+01
2.831760022977494629e+01
1.026135896713921092e+01
1.797953518005834894e+01
2.123796379704454296e+01
8.563760014310260260e+01
2.359368879630025617e+01
1.120932208392527052e+01
5.491724727261427574e+01
1.389339295109268413e+01
7.730312184055771141e+00
1.669551303429718558e+01
1.700847308152507154e+01
8.236823699092086670e+00
1.926687986206281522e+01
3.632256594408607242e+01
3.378562907752072419e+01
3.621857241023845830e+01
2.544578261458339696e+01
4.868907982644392263e+01
2.506597614257958995e+01
7.569045694650340295e+01
1.168761379622891461e+01
2.562306219353061820e+01
3.971166418146339794e+01
2.166578151437505895e+01
2.609835244004289834e+01
4.933535843511339891e+01
1.109472732930419347e+01
1.448566141717358136e+01
8.745388895425172393e+00
2.487558291672863575e+01
3.111404512913756903e+01
1.384447652732093204e+01
2.070140937460772435e+01
8.033609710063288389e+00
1.429480660978150830e+01
4.849372790395427302e+01
1.636908135337591474e+01
3.632049729857016729e+01
5.187542338755585547e+01
1.242699293906406055e+01
2.097099773779397935e+01
1.113030808486715095e+01
9.106101136344376457e+00
1.397229280151614716e+01
4.528082691944764093e+01
4.591227271548090982e+01
6.571040286971175703e+01
1.271484015149133029e+01
2.495291929154159050e+01
9.875517829650334534e+00
1.880397552224071234e+01
6.694678750723286953e+01
5.374597720479563634e+01
1.232486032324349168e+01
1.131921424472924116e+02
2.175819867102547178e+01
1.490976285983282956e+01
2.251374511918540833e+01
1.015400854546230924e+01
1.770919649790378614e+01
2.850333716749547008e+01
3.127541950025633355e+01
1.575753255083970039e+01
7.839708046811773023e+00
4.276678711474905725e+01
1.932729067660712374e+01
1.033170411062429572e+01
3.458720887882153505e+01
4.369842843821508893e+01
1.149014046299937242e+01
3.616949087689778253e+01
1.662756105434673870e+01
3.495152300265336187e+00
3.659098682446467166e+01
1.944684749114759725e+01
2.377532360679272472e+01
1.773010512298901276e+01
1.939618103057555487e+01
3.284971038370562724e+01
2.682800080476438964e+01
1.961171727633010065e+01
1.954293646226802039e+01
1.673579845207831696e+01
2.644477747922342203e+01
1.139335160251777523e+01
1.522033987616294581e+01
2.567266687039443340e+01
1.399725245743886681e+01
1.356118916195053892e+01
1.223756538558991025e+01
1.355567960183769571e+01
2.271605090405414629e+01
5.073706364349070697e+01
1.996965648298142071e+01
8.924431604961558406e+00
1.999910447619719989e+01
8.090434986498864944e+00
3.693621872663008787e+01
3.901867057841141673e+01
3.398626580423695742e+01
6.686434308883914923e+01
1.185603833933613238e+01
2.050863366412590238e+01
3.480611961675130317e+01
1.354458800926193440e+01
1.819292343802632317e+01
2.093478071320397405e+01
3.484207857768047489e+01
1.365452686274746874e+01
2.950827441472205592e+01
5.780767557575862270e+01
2.168476710049150569e+01
1.313085244730766732e+01
4.350265026426994552e+01
2.178477571166506976e+01
3.644140165029277512e+01
2.373043076042550226e+01
2.252400770482229575e+01
4.446361351869202139e+01
1.682869833558645212e+01
1.994682909270745341e+01
6.350637087803099234e+01
2.641926769117944929e+01
1.410196685148927109e+01
4.688251716760219523e+01
2.200314624315561929e+01
2.315173701241621984e+01
4.470280510989156397e+01
4.718327481924742983e+01
3.572584653492635454e+01
1.966912971439585434e+01
1.927139045935719963e+01
2.547976993482397390e+01
9.222282718098091436e+01
3.763532426191398628e+01
2.349597981777737132e+01
1.360145753283801717e+01
1.356701309487048412e+01
1.508190481483503120e+01
2.536208084174026922e+01
1.860401237658852125e+01
9.470074475860579710e+00
1.397790567172988219e+01
1.554330533946692405e+01
4.445603001671336330e+01
9.499371383463154928e+01
3.610509033030108839e+01
2.003473403164990785e+01
4.554621284120489833e+01
1.816167885643325164e+01
2.090619984161218170e+01
2.596961298301911469e+01
3.306768467991743421e+01
2.575251900238289693e+01
2.168966508455026343e+01
2.369047701756295865e+01
2.041618807978912287e+01
1.606788360520442893e+01
1.702149505514782390e+01
9.931139988787528239e+00
2.256623163721928549e+01
2.617700490161119475e+01
2.567325980779300565e+01
1.461919461016190169e+01
2.296086635733757575e+01
3.418440631072032687e+01
5.692495289169405481e+01
1.379280585695412320e+01
1.557752809237359415e+01
6.326589237719504411e+01
1.770076918535415800e+01
1.839513290193185568e+01
3.635581779044374429e+01
3.130002651566180916e+01
1.049496239049822321e+01
1.517214871557825617e+01
2.353979622596155252e+01
2.217577356622631513e+01
1.113241631881353655e+01
2.321249948409975516e+01
2.392261342192848161e+01
1.724544656847125879e+01
3.639064635106591084e+01
3.123736486307862847e+01
2.608792376000224422e+01
2.237499867766942074e+01
2.915987842070997615e+01
2.597932630137092502e+01
1.684715431996168178e+01
8.312337575820659907e+00
1.668269993938929119e+01
2.525003644096432254e+01
9.786430904725351709e+00
1.423338632016830019e+01
2.062738297454405156e+01
3.317108221153723235e+01
2.272509847858939480e+01
2.586418527296439152e+01
3.606291230276796966e+01
1.436745954947926052e+01
1.620418681149296347e+01
2.317122285952655858e+01
1.388606293664119562e+01
2.144007603387086291e+01
3.888611851482119164e+01
1.403515868774692699e+01
2.941153978760138443e+01
1.355006293149173935e+01
7.198138403228357518e+00
2.833032370472195538e+01
1.639963716419736883e+01
1.910236746565914601e+01
1.326648564331625302e+01
4.135598206616833750e+01
2.697299161958740399e+01
4.421258622713948938e+01
2.846874876796395526e+01
2.310251815104066608e+01
3.207479708552416753e+01
3.595579815835081128e+00
5.971647654018140017e+00
2.024664334291740886e+01
2.126787417558199067e+01
9.424064800021350052e+00
4.590753973928745069e+01
4.889477071924142138e+01
1.907000053455791289e+01
2.836334711089113014e+01
2.580737646409264485e+01
1.094083966334055980e+01
2.827349285527891709e+01
2.750015639683458346e+01
2.951330024038357891e+01
2.270567955051792808e+01
1.887929329072190399e+01
1.381511437627508698e+01
1.505207118979506475e+01
1.202006461593704323e+01
1.059500046355010028e+02
3.613873864615081288e+01
2.237157934448558194e+01
2.750062515101308946e+01
2.376105302721772361e+01
1.561609837541105605e+01
1.710597305681874758e+01
1.101683633489513880e+01
2.670689031705000360e+01
4.271261152589480758e+01
4.175378282839092492e+01
3.160473004227232607e+01
1.277236609345880503e+01
5.420200967759249266e+01
9.768626884060761739e+00
2.600651200598972679e+01
8.987393656201014380e+00
3.710709307815366031e+01
1.454879200385259708e+01
1.078529389219906776e+01
8.388412837406485778e+01
2.483222675597092888e+01
3.493748421254254310e+01
5.179168558537422484e+01
3.975876243301173929e+01
1.913597018555201856e+01
1.040700366243375363e+01
1.894608176591588489e+01
6.081039753829970351e+01
3.301100613332671685e+01
2.103024970102427105e+01
1.616026182170543279e+01
6.963594866687075502e+00
2.476145724851243912e+01
2.351141510146206315e+01
2.073822198616722901e+01
4.114595745435893548e+01
1.042848441992992825e+01
2.281546249653176517e+01
2.407044154293809157e+01
2.294659918560112999e+01
1.998056609424410013e+01
2.996439638989091847e+01
1.775523525818939419e+01
3.205080173973495050e+01
2.879464033744951124e+01
2.900487656257320523e+01
1.947167843720551161e+01
6.349927922093039356e+00
6.571779522448178312e+00
1.633509300190451796e+01
3.052803582949996297e+01
2.396667867183878897e+01
2.668567336923283762e+01
1.002422362495264885e+01
2.343612083358707920e+01
1.893537595352437464e+01
3.448193024314633703e+01
4.089925565550026398e+00
1.221513881388037959e+01
3.521080406748433944e+01
2.476995807551468687e+01
4.210179950629011358e+01
1.637401474039634408e+01
5.127446996141276969e+01
1.456729705028793909e+01
2.600089955158497190e+01
6.150974173433981917e+01
1.814962649468841249e+01
2.339804268251219810e+01
2.154311113932493527e+01
5.107629956914668590e+00
2.150336359852149215e+01
7.951901800826449929e+00
1.390126580315210170e+01
3.936855488979838924e+01
1.581912077501373659e+01
2.009545672365057456e+01
4.458604947091181714e+01
3.528998781088938586e+01
7.269460381413101580e+00
4.921846383959407234e+01
1.422037348604176543e+01
2.681375076893930753e+01
4.357523087344612378e+01
1.135816266219259596e+01
5.569256951566875813e+01
1.367684616121020902e+01
2.444149443196922533e+01
2.427318898336666209e+01
7.302229217001786310e+01
4.458841641356303853e+01
1.741974530990968262e+01
4.991207009884240620e+01
2.427342008014108643e+01
1.181180443990858286e+01
1.960478419830356955e+01
1.467491157173087402e+01
1.158806438525530424e+01
3.388709482662471117e+01
1.328986423095224190e+01
1.360336067853164721e+01
2.171826298916841580e+01
3.495520519324087161e+01
2.326854053125346056e+01
1.224973764215742200e+01
2.376820749839788505e+01
2.544795740669439255e+01
2.768798185158600234e+01
1.260169349028746488e+01
3.059882677929808992e+01
1.923153302690094435e+01
2.667275248796244824e+01
7.683519207843957588e+00
1.666369726726835765e+01
2.908847292051855149e+01
2.174920584711317062e+01
1.690439058780303583e+01
1.655804304806664362e+01
3.421125424906838219e+01
5.205772129731680309e+01
1.024153934178989012e+01
1.684655411422060212e+01
4.978691716273274892e+01
1.323529601298601222e+01
1.848136400003637903e+01
2.068807402400081585e+01
1.487378948752700936e+01
2.139501668052089300e+01
2.009559860659224739e+01
1.920070962487445243e+01
1.503135733089001214e+01
1.915523415123603357e+01
2.050960002984049524e+01
3.055793107807813414e+01
1.551171867404169191e+01
1.416472479240093740e+01
6.686650579798795846e+00
