4.185838769817514304e+01
1.112713859416754758e+01
2.971453480154814741e+01
1.909746130381940077e+02
9.921012613665366686e+00
1.556854937121414650e+01
2.527114878266041842e+01
1.106898228038309817e+01
7.988063682444139779e+00
3.161790865840082621e+00
7.802697441538473555e+00
6.546635581794383540e+01
1.630626414119858225e+01
1.291111430151461548e+01
2.936098765683355793e+01
1.350998995259688584e+01
7.161325769184026413e+00
1.149358446038007386e+01
2.922062776068127832e+01
9.082262160237613458e+00
1.754887811274991805e+01
1.183607350436759909e+01
1.269532424569831264e+01
7.909610037229808377e+00
6.604515674077568121e+00
4.587534634574613790e+01
1.239314441725221911e+02
2.030669100765789636e+01
2.533093413320997200e+01
9.734170172437569590e+01
9.427645968864844406e+00
9.250665067755853954e+00
2.256185929434833426e+01
1.761642770884056119e+01
4.992031717113042077e+01
1.011969555064089832e+01
1.889122687488800878e+01
1.406982067269822956e+01
6.423930782483586199e+01
1.236848837599669082e+01
4.648852915930968166e+00
2.849887758772213076e+01
9.192042551667071848e+00
1.870751584591398853e+01
2.421496100960107611e+01
7.053151159451891417e+00
4.545977896418682107e+00
8.396142208759226122e+00
2.184309543643943741e+01
3.670094270455449248e+01
2.508782253736978163e+01
2.387412697143205165e+01
2.309419040151971814e+01
1.862986371082095971e+01
1.724553075044126516e+01
4.211489568564642383e+01
1.702368389542159832e+01
2.320018138681697906e+01
1.555301295657466909e+01
7.286593466578717759e+00
4.464813541468389246e+01
1.805584758424813430e+01
1.060320100005658794e+01
1.590514108796076798e+01
2.979889723762327947e+01
2.261297397165949974e+01
4.487107399554350451e+01
9.083604738387219157e+00
7.530922346392221023e+00
2.047295929983511797e+01
1.109078650491398221e+01
1.889765227886710974e+01
1.355287932405472162e+01
3.231060597957349501e+01
1.084743181527141864e+01
1.138833132052651997e+01
1.697417049943223333e+01
6.708080435370297323e+01
2.287136132608408445e+01
8.521254661567745359e+00
5.526140240466512310e+00
9.383494237639585123e+00
1.055106932910974749e+01
3.940552662696826758e+01
2.246880674881476381e+01
1.902478639165803997e+01
7.382930701831732279e+00
9.106411439529928487e+00
1.379699424631919236e+01
7.137033861326393946e+00
4.468721803092577716e+01
3.888766976978530465e+01
3.061150476257625996e+01
4.571180421154231510e+01
6.306820733209643493e+01
1.025689695719527883e+01
2.615105654565605420e+01
2.913555951864459814e+01
1.077929696147558616e+02
1.041765041638466194e+01
1.217674810924067508e+01
5.693090528003069473e+00
3.729179962529092762e+01
2.892541656452752363e+01
2.155962505435937970e+01
9.063402786586998161e+00
2.336250406331821949e+01
2.886928299262811493e+01
5.097801176023104119e+00
2.432812584385661481e+01
6.638087048757080311e+01
4.623747219654664775e+01
9.613077325506289128e+00
8.499432377369995351e+00
2.791783144192693911e+01
1.153222804285422676e+01
3.490091369670652455e+01
3.301903077942354514e+01
1.972186163780192913e+01
4.683779892431268621e+01
1.009951011667848420e+01
5.253352582482669675e+00
2.376154542725867813e+01
9.383744654017272424e+00
6.986656881323506596e+00
1.340876691025796674e+01
2.353305549748153425e+01
8.962871668528052282e+01
2.079350601502611795e+01
1.920407085937811331e+01
1.173553438897707579e+01
6.907836178843422203e+01
8.993402239082433525e+00
7.988259164762133935e+00
7.714512085465536018e+01
2.517821359143552939e+01
8.879908696135958124e+00
2.399800857300219903e+01
2.778527591113527606e+01
8.016188234513982991e+00
1.005840837496891638e+01
7.301961016173674324e+00
8.820381490003924796e+00
1.842774647163103552e+01
3.952411534215185185e+01
6.089634769138300818e+00
2.016570757142665826e+01
1.757834960619401272e+02
8.330450937357046115e+00
1.937856875552149916e+01
1.235595711586879020e+01
1.918230324978373247e+01
3.943984604151934192e+00
6.198172253177093083e+00
5.969221213786794067e+01
8.348367261440102993e+00
3.150734007357252153e+01
8.565941264062193738e+01
1.993611323977424732e+01
1.945131959202651473e+01
1.988777561496287660e+01
1.806376818515328608e+01
5.946232488854068521e+00
1.257638697277216622e+01
7.894817893686513344e+01
4.348357771805882521e+01
1.005748178118788694e+01
1.918346503217830445e+01
1.083471975692097899e+01
1.192508184365076218e+01
1.249063383054227927e+01
7.361696980482301811e+00
3.311099118566967547e+01
2.291938513352951645e+01
1.200227024639218953e+01
9.667843591789466728e+00
5.053405615261152839e+00
3.200060583501834799e+01
2.561815710372633337e+00
3.819901065271018581e+01
2.713698923418050413e+01
2.330001374077377818e+01
3.080492076801128576e+01
1.524202385771874901e+01
1.504630034739752098e+01
4.478412891296339637e+01
4.511556909214469613e+01
1.516290679013286535e+02
2.139734918191361857e+01
1.221368954920740535e+01
7.085272653616435434e+00
3.766662412479828959e+01
1.455656173298398137e+01
7.451626193701251566e+00
3.834556049128221389e+01
3.101593037120045082e+01
8.913783737261432805e+00
1.035173012867498983e+02
2.746392401518374626e+01
6.256986777445996850e+00
6.886778932952830168e+00
1.654115099007552203e+01
7.868164447649098747e+01
8.750116631691684077e+00
2.927262039598831933e+01
1.534368662812919659e+01
1.468875475517118190e+01
9.337744567697463083e+00
2.542469754251680314e+01
2.180454221871494269e+01
1.119478236807063709e+01
1.230592776266300170e+01
1.442935531139828065e+01
9.608494801641661809e+00
8.926054051145449364e+00
3.284641845420311768e+01
2.387740620533127966e+01
1.687399018434861020e+01
5.824545674915550109e+01
5.122538716061759700e+00
5.540815858170432762e+00
1.281264081357706530e+01
4.716486950265344547e+01
1.397107828751962089e+01
8.000051493801500158e+00
1.698930769707715882e+01
2.412807425156422880e+01
7.405388550709789186e+00
2.291252425704372442e+01
8.549734936272206198e+01
1.865087595226417605e+01
5.470993398117784068e+00
1.337954370394273695e+01
1.653475811878560364e+01
1.177703493287279990e+01
4.391250548255610653e+01
5.109451962108838785e+01
1.855468826326938370e+01
1.114175354020912678e+01
1.251524085677929143e+01
5.305889301461796492e+00
2.324877246521097618e+01
4.262822719797768656e+01
1.494278310682906152e+01
2.131562655038909782e+01
6.296381389520750105e+00
1.379046602094510376e+01
2.051431096822580713e+01
2.040497162637522877e+01
1.209162433484946320e+01
2.713934719232548218e+02
8.019088065813942734e+00
8.129693454510601214e+00
5.586066051837521229e+01
1.672536911020911177e+01
7.809824588726339556e+00
2.384428360474466047e+01
1.515469538230242819e+01
1.596488646023144753e+01
3.586042468520659554e+01
5.393345508587822934e+01
7.757720531645506234e+00
1.124404004530179613e+01
7.012071107554139360e+01
1.440729716121000337e+01
1.148478945651332594e+01
1.865992037473715115e+01
1.571548269015386268e+01
1.647888901870544487e+01
4.483510213796277100e+01
2.508171435466100974e+01
1.504753308500188069e+01
4.943076221640460233e+00
7.656927938744989781e+00
3.658499869877547894e+01
1.307885627817582908e+01
4.613096582496523723e+01
1.596713616013573045e+01
4.054027884813217497e+01
1.364549894626198778e+01
1.209926688961264674e+01
9.207434199753754100e+00
1.377521769463682055e+01
1.088453171472053214e+02
3.496782107613235269e+01
2.520645015104375730e+01
1.054741762097772551e+01
1.264154698673856814e+01
2.074893742177030376e+01
1.192519775638067614e+01
1.249234331267382458e+01
5.856327532807670622e+01
1.762049480526329859e+01
1.455872768968932540e+01
1.783369482159934805e+01
4.411692791265932279e+00
4.133002896012813210e+01
9.110108025263428999e+00
7.373095077345032777e+00
4.616254958839220990e+01
6.878004373405463667e+00
3.731581192173067052e+01
2.072568582264505466e+01
1.820232951029294810e+01
6.440529467183705670e+00
4.318931158970086415e+01
6.841091241518475030e+00
4.453983137402411252e+00
4.317434220499244191e+00
8.632021501947413356e+00
1.375577831485190217e+01
1.767013367100866361e+01
4.540508724703437693e+00
1.277738632862233459e+01
1.489815124560821680e+01
1.035473904039945481e+01
3.931574463419201138e+00
5.741563051494217973e+00
5.599894597096005810e+01
7.004755482888519680e+00
3.621730345206401580e+01
8.741324959524212090e+01
2.924709266135850072e+01
1.540637640166622546e+01
1.228287951477820705e+01
5.046359785414369803e+00
9.232977394414202621e+00
6.689329039222220885e+00
1.185690758828071978e+01
1.327619937890821511e+01
1.621766983480143409e+01
3.618600958341207985e+01
1.146032670646240526e+01
6.790799755784039604e+00
2.464960769310349420e+01
2.601600181960828806e+01
2.429498626619422197e+01
1.325973475953716374e+01
1.791316671457180476e+01
7.956267202589615728e+00
3.357838704976876087e+00
1.826783492300481626e+01
2.291456072318915815e+01
1.364404308070852068e+01
3.325947386986351262e+01
1.606338544614847308e+01
9.633301966108096082e+00
4.491931947115205048e+01
1.556813285019919313e+01
1.447151900199239449e+01
3.099220670538243461e+00
4.284993607821831318e+01
4.603217798913100012e+01
8.959608753195956510e+00
4.089177895395768481e+00
2.935106604540614672e+00
7.524755836352608185e+01
5.371445074612545945e+00
2.358939685858900859e+01
1.085217705266246391e+01
1.257794231664573381e+01
1.752406963636332904e+01
3.530112396516521045e+01
9.249059699494255327e+00
2.755538009008099110e+01
3.078600005025896991e+01
1.038860437559777772e+01
8.857843604132147775e+00
2.096611316755176802e+01
3.172593757812780524e+01
9.102511165179722141e+00
4.266366847379059379e+01
1.075093542728698637e+01
3.369345290271586890e+01
3.106386227306619574e+01
1.141443293615994392e+01
4.941753571410649215e+01
5.087125122774694752e+00
1.077807766187321370e+01
1.132852411715511032e+01
3.896148455429099755e+01
7.184698528825013142e+00
8.981537020917730985e+00
1.967998666997693391e+01
1.122611755973767167e+01
6.674199050090430241e+00
7.408208427445951827e+01
7.073304541098012876e+00
2.606196346510677131e+01
2.023251760675278277e+01
1.629689083861152099e+01
5.740386758205998774e+01
1.734713875047773968e+01
8.242538685846252378e+00
1.296824093998072058e+01
6.286297612184977623e+00
1.499249550309052559e+01
8.837905758895548303e+00
4.143586657396487283e+01
7.659091410925738330e+01
3.847722526425410905e+01
2.478965404695441066e+02
2.075801681878055405e+01
1.771957669839553162e+01
7.415543459873902066e+01
6.351656592824701519e+00
6.105893657595065349e+01
2.416974920243804803e+01
3.870392330185510588e+01
5.213285749205820707e+01
8.364681127267296290e+00
7.983048126786028931e+00
2.395099492164734301e+01
1.058221634789742538e+01
8.822087784333248806e+01
1.884367888644949574e+01
2.295253091723496652e+01
1.767364074566940957e+01
4.629236700275364313e+01
8.760874265358131296e+00
8.235634787747585506e+00
5.249091582189043947e+01
1.518223728325502542e+01
1.800830942765992404e+01
1.164960474804685475e+01
1.822188408306963936e+01
6.155332308961988019e+01
4.930582701055750583e+00
2.276636393856565022e+01
2.171529356669802979e+01
1.831932705474686074e+01
2.110258722420868693e+01
1.425216455841109564e+02
1.966373732822538756e+01
9.655742022295138227e+00
2.369080455247931738e+01
7.804863617181331392e+01
2.070168688420270797e+01
9.965541416593602264e+00
1.345848328751499068e+01
6.870302848072376456e+00
4.073828763444122814e+01
3.428452011547462064e+01
8.979335779424335584e+00
1.833528126002970637e+01
2.986662180349008366e+01
2.337728431465403034e+01
2.080350140174306972e+01
2.103990850901691090e+01
1.926152652524450559e+01
2.767670575725648519e+01
2.321277480770985946e+01
3.517096865073094136e+01
2.879397806782943192e+01
1.432914612548871958e+01
1.642831305548352461e+01
1.459739493722488568e+01
8.382125165761060259e+00
2.532495028290017558e+01
8.808009031042264070e+00
1.814578802858650874e+01
1.091676540078566049e+01
8.978867065468119080e+00
1.505297810350464083e+01
2.690242688464408616e+01
1.635429846350196215e+01
3.562108294023855137e+01
1.037259980871449159e+02
3.328583154412243061e+01
2.934333222542418440e+01
8.794472885604665890e+00
1.932521953989188290e+01
1.346900564623425822e+01
4.657740902423078921e+01
3.328259308974930164e+00
8.886310989641014402e+00
1.146561547037183004e+01
7.257511418808078929e+01
2.865634144491667712e+01
2.285925556733636910e+01
1.589031722944598712e+01
1.264490343719390353e+01
1.126375260551491309e+01
1.131528933011596472e+01
1.143847716241729984e+01
6.738634493211388587e+01
5.018341842474130488e+01
3.757300441200523267e+01
3.522311567640110042e+01
9.895977157935138990e+00
2.814715315372652071e+01
6.106740281166656814e+01
9.645301494160918310e+00
1.173287977368220147e+01
3.512484595749592842e+01
3.480292693850737606e+01
1.320484057343068152e+01
9.283215695767253806e+00
1.142564156668531616e+01
4.939722191828812470e+01
1.873179088627390598e+01
