3.386535761426750923e+01
2.387068147660117390e+01
2.280917897250301962e+01
8.919052897358422882e+00
4.423462912665682012e+01
2.852610665458115236e+01
1.364996205479610580e+01
5.544102751082211000e+01
1.378407432110088493e+01
1.438824429458568943e+01
3.433379478346545000e+01
4.973444015256366413e+01
3.537558629799951859e+01
1.762235464909470650e+01
1.501421792795181709e+01
8.739779689227644255e+00
9.896375003384616065e+00
1.120500880017603862e+01
9.047002195195853247e+00
8.061211715932309119e+01
1.076723035075164248e+01
3.305020647329268257e+01
4.025942777963427943e+01
2.092454433956742577e+01
7.954735044330617733e+00
2.161812059774798200e+01
3.388680656403633407e+01
5.259805015667187433e+01
3.826357765203773909e+01
1.713122118497244628e+01
2.077237846205904503e+01
3.540417431404816284e+01
2.413091595571076908e+01
2.734811593595946988e+01
2.370629776634679331e+01
3.217864881660395326e+01
3.566665899445667520e+01
7.631993059457284900e+00
1.467191122529182223e+01
1.807289676295970438e+01
2.310184409910042547e+01
2.891823039855448130e+01
1.574051085900362423e+01
7.183144015356973000e+01
8.211916977539612361e+00
2.526693743907876311e+01
1.117807151836125357e+01
1.091622737154569300e+01
2.528027422784703759e+01
2.818287201617761895e+01
4.904697170055727895e+01
1.606016782147600352e+01
3.277888161736123607e+01
9.833006397123790876e+00
1.129444793167262340e+01
1.766772426505549021e+01
2.389522998393578490e+01
1.517410614237705957e+01
1.778035931369415934e+01
2.059323435243507561e+01
7.759624309028534128e+01
2.390336637680329090e+01
2.547342593363198304e+01
1.734159862796547102e+01
1.562747092317735920e+01
1.364011078378293362e+01
4.824451771363091979e+01
2.836806412649502462e+01
1.735934988433690052e+01
1.125966847773619506e+01
3.159950952312798833e+01
5.908877417599186543e+01
4.616844212800967284e+01
6.815461210862919472e+01
2.132315868510240975e+01
2.122941263960250780e+01
1.583943543906691787e+01
1.398310845950005188e+01
3.309282066330109728e+01
3.283904926987212747e+01
1.495524394198504226e+01
2.747761520012226555e+01
2.498544773663367735e+01
1.956313487190119815e+01
3.318199286838233064e+01
3.122337207549556481e+01
7.673780187159486843e+01
3.203899098461042172e+01
5.618173761846654912e+01
1.951074331112562632e+01
5.293384718755390850e+01
2.953350356846761571e+01
1.652028435030120335e+01
3.072957074296866509e+01
3.386898182819439285e+01
2.179252517375092779e+01
1.080475184685843004e+01
1.756452189718149981e+01
1.381464207743636763e+01
1.777370105793126243e+01
3.413303870759520464e+01
3.298906365498990567e+01
3.877079800057231296e+01
3.018668386992727548e+01
1.292499838924669930e+01
8.946049069345022531e+00
9.010262046739715203e+00
5.976628217654585029e+01
2.390623312150728452e+01
4.454255709988842682e+01
1.988709907130893839e+01
3.656463463764913513e+01
1.458649769562617848e+01
4.909050336277676507e+01
1.070169650115477822e+01
1.073857239212634695e+01
2.658113084804642057e+01
1.185928023225219334e+02
2.683376616301811879e+01
1.425127699608770726e+01
2.834408017945574798e+01
4.771169990401283201e+01
7.570366877782882398e+01
2.963181772723582696e+01
2.216524683372135840e+01
3.968230354514760450e+01
1.988215382779333851e+01
5.048719912302603774e+01
1.136802811506716182e+01
2.214007346671811760e+01
1.737465915220126789e+01
1.572633823501185191e+01
5.113726117580479524e+01
1.814765449107082418e+01
1.608319335934381300e+01
1.512098592976997580e+01
1.019106025452466291e+01
1.558144867206353013e+01
2.096467628050235277e+01
3.745644370265868872e+01
9.504942787565752838e+00
3.115825054268657368e+01
4.613018263909528116e+01
1.249660910089192214e+02
2.247617968942501321e+01
1.899211654691586659e+01
2.806023394771435164e+01
1.632694543000103593e+01
4.529301471248996336e+01
4.247580568751040175e+01
2.152161376067355647e+01
1.708762711715698757e+01
1.059096909582715895e+01
1.400712226450377074e+01
9.406341568630065098e+00
4.505710466698585748e+01
2.976855037622246059e+01
6.001886407920729027e+01
1.509821658747317841e+01
1.957120304454182502e+01
3.049180786727588099e+01
2.559818334764437964e+01
1.503668427677977704e+01
3.915281876584682408e+01
3.593070954707128095e+01
2.397080694408539969e+01
1.661730769600437441e+01
5.786259040286064526e+00
1.348235394223009642e+01
1.665875284716194571e+01
1.179552531248626224e+01
1.534728938770332185e+01
2.288034741384297277e+01
2.161804606869329248e+01
1.981855366868503410e+01
7.085583937308943980e+00
3.602106486888193615e+01
1.993197469413742695e+01
3.421891578832750724e+01
5.042721538454872388e+01
1.719453131943033242e+01
6.892425208688353067e+00
3.225166141087556326e+01
2.937672162066655801e+01
3.149800742144353194e+01
1.755422101530909984e+01
8.612307892674728294e+00
5.349102192830727631e+01
2.024670965444344262e+01
9.152972432893971444e+00
1.455289899271490306e+01
2.486579475535377881e+01
2.451946208325115606e+01
7.096765413816944701e+00
2.084644408803418258e+01
2.048667897814321748e+01
2.831994785735989595e+01
7.815763553960542254e+01
6.823441950255067923e+01
2.487640304609210773e+01
3.703619062325041966e+01
2.908190437830680963e+01
1.344779730199696566e+01
6.830675282963467509e+01
3.500589124175591138e+01
8.229375415394164506e+00
4.576147960045587126e+01
3.401012900536595396e+01
2.272002983281530319e+01
2.439464010274118877e+01
4.017468791880342138e+01
8.545252932013252689e+01
2.273098484169555178e+01
2.195939175117523945e+01
2.716767082864768668e+01
2.098302411414861979e+01
3.005758000641798589e+01
2.078420234386916832e+01
1.884759201053371669e+01
3.303935415250654728e+01
4.246794699016734143e+01
7.416375122931901487e+00
9.790401180543103266e+00
4.071338866394211919e+01
3.446958696367998698e+01
3.303025898712716923e+01
1.826130374880449381e+01
5.412536796285478147e+01
7.452102954032167759e+01
2.838292642215765937e+01
9.179398003071725043e+00
1.484483596271535610e+01
4.342551297212968109e+01
7.117525008741225179e+00
1.375890311073663064e+01
2.234337665771911219e+01
2.428989422425489053e+01
7.833376556714805261e+00
1.323623818744305147e+01
4.614050238513252111e+01
2.181434907513589749e+01
3.876647197339753603e+01
1.365147226163378491e+01
5.361683079158044052e+01
3.307294999974483574e+01
4.591663817878459497e+01
3.005645509963681405e+01
1.075654551126364566e+01
2.082029695180036555e+01
1.779423397006826946e+01
2.475476554845596411e+01
2.779872046883184566e+01
5.497027334972369061e+01
1.350597735474074845e+01
1.444492453071080362e+01
2.346211672314164076e+01
4.642367695630426283e+01
1.839375655184255720e+01
2.157234677338379925e+01
6.572285878400283821e+01
8.329665698192963319e+00
9.110366334556422530e+00
8.191654445990579347e+01
1.918358208147859756e+01
2.178605825241977811e+01
1.248958512775600127e+01
2.990682341402322919e+01
1.015179398127331112e+01
2.032918562391493822e+01
3.216187986711501878e+01
4.850860371677234184e+01
2.958850788157477041e+01
2.623238707962112670e+01
5.346230470686395897e+00
1.433786771156416862e+01
2.284422608801871846e+01
3.287600987105471972e+01
3.596686654688009810e+01
2.070482281262696134e+01
1.280007641311858535e+01
2.371939753407557561e+01
2.603512186328205047e+01
1.377937040128155743e+01
1.378033073179570422e+01
9.409486694535321050e+00
2.252064903459053014e+01
1.758962924044731579e+01
8.647068368294293350e+01
3.722037670775046792e+01
1.919832337079783713e+01
2.645948061314618371e+01
4.354310474651936858e+01
1.342060481651458304e+01
2.926550801011722314e+01
2.722717408278318629e+01
2.550448593064116665e+01
1.511000139489772032e+01
3.001489330448421811e+01
2.057389417687790001e+01
3.547638590119017721e+01
1.474417861161635734e+01
1.938647753724730904e+01
2.279423025466815744e+01
2.302190065150931986e+01
2.928311786297776464e+01
2.189743426693181405e+01
2.987572411306574693e+01
5.596605967346651056e+01
1.761086410684549008e+01
7.148075238437208156e+00
2.633487311020732591e+01
2.119841914083487922e+01
1.908422753898536683e+01
1.307515433946497296e+01
2.424004886414049764e+01
2.915236428647749989e+01
2.528424851990145683e+01
3.089312450576347402e+01
1.569012126001661755e+01
1.801532893109946087e+01
2.488526051780674209e+01
4.955118232118548605e+01
9.519687637842352501e+00
2.552883590494607091e+01
1.592258085856391503e+01
2.002902212824254846e+01
2.879098793560304870e+01
4.270689169489080683e+01
2.258013608057321875e+01
2.031477646142081994e+01
6.068814638331252098e+01
2.242391045988616582e+01
3.608444501145663708e+01
2.176788759648183458e+01
2.750887209475557071e+01
1.334951862687806567e+01
2.187130643769507188e+01
1.887969497367650362e+01
3.039111910951401896e+01
2.913097534963764446e+01
2.540451779493696449e+01
3.927732220134975449e+01
2.913379108073539214e+01
1.036195721048435381e+01
2.166445447216597131e+01
4.438576861146911767e+01
2.545016233809759498e+01
2.932995259544858158e+01
5.159532142525023346e+01
1.870009306334236854e+01
1.173972450529442746e+01
1.137874935729180592e+01
1.861576425420470215e+01
2.897996373973368023e+01
4.759952001798858134e+01
3.517311382777475615e+01
9.748485935867691410e+00
3.334434969844651420e+01
9.698665194332386719e+00
2.231110333775323795e+01
1.921530534976583837e+01
5.273174097352332979e+01
5.177291911347461451e+01
3.088077304734478190e+01
1.080304781782828627e+01
3.129182614652273742e+01
1.956286209164359136e+01
3.172003802220563884e+01
1.860506284604092642e+01
1.358178419634846890e+01
3.191233488844817501e+01
7.153869579301652237e+00
1.699932887584331453e+01
5.345184664758713566e+00
1.666265356378293205e+01
3.882330510635806320e+01
1.019201066752461848e+01
2.374882456320183977e+01
1.876057116928436130e+01
4.006187486411182874e+01
1.113253722000602863e+02
5.049881340389410411e+01
1.516967796834252269e+01
2.657291968416297223e+01
3.100001923703777607e+01
2.242376625827313319e+01
1.435256314364180241e+01
3.799213547189633289e+01
2.021529633046874608e+01
8.083548440986099592e+00
7.280136424146154361e+00
9.214457555995818439e+01
5.883512677475292385e+00
2.037495852232741456e+01
1.864287908969749452e+01
4.063027131452437857e+01
3.866394013718325251e+00
4.331271630020126651e+01
3.200924326866700653e+01
2.164037363534403013e+01
2.008331864938765676e+01
1.722816825182316336e+01
9.132246643330823588e+00
1.787610321755883191e+01
9.802953846953793970e+01
2.153816702672337158e+01
5.668603858545510121e+01
1.900817298938209632e+01
2.641024843690317425e+01
2.491802430656378675e+01
2.503085405439913558e+01
4.043062589226371273e+01
2.948442327753161862e+01
8.022691714551129394e+00
2.062455152866091623e+01
2.164700050399858711e+01
3.957523666972399923e+01
1.138721058228226468e+01
1.022947217827609023e+01
1.463543852208134233e+01
2.116044487540148822e+01
6.591546335658766509e+01
2.477125533209397190e+01
1.872795201069022752e+01
3.967348478860282057e+01
5.263057702905125979e+01
2.445513391233895817e+01
1.423949246995396578e+01
3.110400772977072492e+01
1.874797018823147710e+01
1.594995879077498913e+01
1.468527943842235040e+01
2.486986984085142183e+01
2.747960743964824815e+01
3.055619554145683736e+01
2.271833357916339580e+01
4.456459843308103785e+01
3.550629866403625101e+01
2.070761239493879202e+01
5.194030699154912156e+01
7.410324322623451110e+01
2.918308755303783997e+01
5.901195069017141037e+01
3.508685616821858844e+01
1.667196000443717097e+01
4.140320465307637221e+01
3.025161819640272398e+01
3.032497319577250039e+01
1.840612107462341029e+01
4.970246167769215617e+01
1.982792170065766513e+01
4.249277771069660048e+01
7.047669658908236556e+01
2.731388455285251382e+01
1.460327526363500539e+01
2.729306550831139688e+01
2.979990879598168618e+01
4.285848909314040611e+01
1.326492079072123254e+01
2.133991655932723575e+01
3.576029773289928926e+01
2.057363973371280252e+01
2.410048780732728346e+01
1.259357391173394625e+01
3.246854077484294265e+01
4.100784423123305089e+01
7.195739096099359244e+00
3.535543629074619787e+01
6.907745173295650432e+01
4.068449481610358021e+01
1.709313335594085004e+01
6.558696327898782386e+01
4.068005800061492749e+01
3.572278314570427682e+01
1.842312770688116430e+01
1.353657086731576342e+01
3.492426206690788604e+01
4.269564207740162942e+01
3.629732050869179716e+01
1.157316398046275907e+01
2.346649796808411637e+01
2.111879014718869385e+01
5.366042561521552301e+01
1.860358784645731589e+01
2.101665155586050915e+01
3.071570274604618689e+01
2.137071649785309901e+01
4.963370390202255322e+01
2.330483742828322846e+01
6.906641508004906882e+01
2.479098281218407607e+01
1.384317577891117068e+01
4.152414447239324602e+01
2.504236267255160442e+01
2.675423547363298837e+01
2.959187457585289494e+01
2.070843731010901934e+01
1.051951346622305294e+01
5.975591664653566681e+01
1.412233567311341886e+01
1.046715629369295009e+01
