1.049681830779637792e+01
2.732772952224371110e+01
4.279968551386756559e+01
3.902103076641179769e+01
2.916024381967348944e+01
3.810704710319927813e+01
1.861336288750451118e+01
2.336199379731570502e+01
1.340974740618086436e+01
1.764092148848268948e+01
2.217305292101144687e+01
1.617162589299110564e+01
1.818216510816558440e+01
2.276860575606685089e+01
3.376552322205939305e+01
1.242042044019703617e+01
1.458679144074749878e+01
2.068007129672827915e+01
3.153540321597044027e+01
5.877356383324855216e+01
3.041885569776995624e+01
1.617438463194614684e+01
8.570204566773691468e+00
4.914323855813263009e+01
4.896494837591411908e+01
1.541695178183308812e+01
2.321810254335643720e+01
3.515431682758212872e+01
4.815391375173319943e+01
2.802138553291398537e+01
2.822507718589257308e+01
2.699630157987687085e+01
4.649551950560844915e+01
2.658987071924376977e+01
1.508147461725384630e+01
2.855564581619524844e+01
2.130888945488365849e+01
2.651331660552344616e+01
2.295276495241207471e+01
1.211346692589580520e+01
1.393380810351342980e+01
1.122513562029159928e+01
2.187720102246945331e+01
1.223515066851977906e+01
1.571564147241669573e+01
2.907178008336407871e+01
4.773594954913282606e+01
3.915512444773982992e+01
3.392961279328365265e+01
1.131619303663428333e+01
3.864208916371001123e+01
3.017847617299449681e+01
2.256817721987841097e+01
1.575905034739690080e+01
9.698255999100387825e+00
2.880569967029073197e+01
1.713061538151657359e+01
2.638852560636830802e+01
6.016972086200188130e+01
2.434196880124262208e+01
1.897846498076818733e+01
1.181164298519865952e+01
2.397182164461463572e+01
1.788096232412974018e+01
2.100974006688594642e+01
2.758606136634130479e+01
2.198004117245080735e+01
4.583062416186543686e+01
1.088074809940927565e+02
1.334157245579658024e+01
1.591902670537772480e+01
3.780062454885565870e+01
1.463634104141952719e+01
1.453912913439102894e+01
3.287338332783387784e+01
1.390047427065112373e+01
3.360370294806947555e+01
1.218637902855862976e+01
1.479213697275601014e+01
3.329699122546480794e+01
1.669023493614123055e+01
1.102592702653273804e+01
1.698922003523817281e+01
1.859653373269347654e+01
3.029616360696075006e+01
2.980173298282512206e+01
1.091309672006004305e+01
2.553850355546059347e+01
2.389000077913612330e+01
3.454778679245391260e+01
5.964947035742893888e+01
1.473792715341976844e+01
2.207235779078805038e+01
1.015999001390818712e+01
1.777161637023490925e+01
5.016479294866329752e+01
3.728185064692707584e+01
1.782986228888929858e+01
1.279368041327634486e+01
5.093287490027810094e+01
1.313550870544025528e+01
1.115720342691994382e+01
1.038573319290946841e+02
2.881308978753469319e+01
1.351050695590400963e+01
2.428691286102682767e+01
4.239450483262238123e+01
2.147016085421389064e+01
1.203816166052222414e+01
2.300619730339476021e+01
9.404601682375147931e+00
1.546280826899609195e+01
1.870283865099253617e+01
2.248169478513827713e+01
3.940349373700544788e+01
1.311965558592559589e+01
2.955258052953253056e+01
1.403204549993663797e+01
3.874154203592945578e+01
2.978030306767085733e+01
1.838536280269845591e+01
3.215782948338402036e+01
2.456532487614060400e+01
1.821402151907489753e+01
7.134733804203153618e+00
1.082183624554711443e+01
8.209481189706080784e+01
1.592109262548798121e+01
1.964310650812591774e+01
1.775330898026158266e+01
1.702888114203697256e+01
3.342767049820967173e+01
2.171492423915309189e+01
1.397798163575880892e+01
2.623384778473614887e+01
3.099914161106324784e+01
3.036274924471396019e+01
3.112005617596291884e+01
1.221828517665528935e+01
1.320365025279500593e+01
1.807671722223963329e+01
2.721772936730181769e+01
1.473717544962131676e+01
2.317306499492917027e+01
1.979375962163193137e+01
5.889551711037089632e+00
1.424487402688507309e+01
2.849926552368030386e+01
1.819376788987759852e+01
3.698232040954672328e+01
1.093268132698899109e+01
1.524610993838172490e+01
1.363208039778875857e+01
1.521837878826203507e+02
8.489978264496233606e+00
1.921464830652460165e+01
2.056659056076156844e+01
1.904767159215522554e+01
7.467563469577797264e+00
1.247232108771724590e+01
2.195693556892958398e+01
2.546250037002840827e+01
3.200598639898804976e+01
1.828216553122367927e+01
2.024856780199346673e+01
3.411450541836897088e+01
2.510626975081871848e+01
2.171063458723014961e+01
2.646953454913678172e+01
3.010636143660057229e+01
1.446383286246780742e+01
1.730717398579436050e+01
1.439354658143871291e+01
4.574333524672596241e+01
2.507777868723005454e+01
2.916340145367700742e+01
2.546841715858401045e+01
2.857308350927849361e+01
3.582461115206222502e+01
1.243047629608645899e+01
5.145617926888883886e+01
7.456380370971527505e+00
2.428300813480777975e+01
4.764530774005238811e+01
2.863970881732646490e+01
5.977984095449795632e+01
3.354792896153938386e+01
3.253196848383289108e+01
5.239863735251939403e+01
1.573090843408069439e+01
9.510275276767814034e+00
1.029007728615999184e+01
2.295165843967118491e+01
1.783503396414675635e+01
2.144047675043414358e+01
2.711066285971875800e+01
1.671670552587169922e+01
2.090759402448380300e+01
6.533102069228435482e+01
2.882755130029539359e+01
2.732642203634892297e+01
1.440254938213420566e+01
2.113928262547813830e+01
4.614852150575853074e+00
1.533287801516304327e+01
3.390748072303569227e+00
2.785770439437672508e+01
3.181447771698041649e+01
4.072715700056963328e+01
9.105485723868383729e+00
3.011458370412088215e+01
2.889367571326662087e+01
5.728894596448451892e+01
1.689464419856408739e+01
1.703143260687465599e+01
3.175357391927140682e+01
3.931244833177238007e+01
9.784020130141165339e+00
1.522413360968076468e+01
9.951259965025867515e+00
2.713057645180553834e+01
4.270874806289170067e+01
1.158521230175835903e+01
2.125879285007765773e+01
1.864974203253030538e+01
4.009139105919774693e+01
1.943178144890427106e+01
1.463777219587379008e+01
1.273057714572116339e+01
5.346342710862895586e+01
1.735771006119056281e+01
4.733863368313632947e+01
1.676451595579566956e+01
1.387236173406055961e+01
5.943135310106536195e+01
3.790077537479129433e+01
5.837144467556419158e+01
1.760713442786804350e+01
1.574646764722540837e+01
1.847946539175110203e+01
2.187704692758169145e+01
2.937203819403819338e+01
1.081927392168390867e+01
4.267636831575471490e+01
1.673874694839595989e+01
1.696493463581656158e+01
2.134281532747580457e+01
1.322404932910690789e+01
1.299911276996157916e+01
3.493112326652768473e+01
1.535518170904530244e+01
4.941424577538475660e+01
8.624177626900969784e+00
3.046628495840744222e+01
3.733748905537895268e+01
1.738020273891586243e+01
3.255271169916681373e+01
2.485707700332176984e+01
2.226787813429756469e+01
2.480824233110767807e+01
1.185630523317238882e+01
3.895689001489511583e+01
1.546529965282003971e+01
1.242699042922521002e+01
2.665793064891197162e+01
1.861230608312697044e+01
1.203822169258499919e+01
1.815424396692586484e+01
1.212118779695384951e+01
2.067718128205287087e+01
3.238290966318790964e+01
1.798619615472286171e+01
3.741784933475082564e+00
2.054917032138038024e+01
1.797676069387532749e+01
2.241563586119227125e+01
3.706576720367066713e+01
1.603845651032512265e+01
2.183974011756233224e+01
4.618729312650371810e+01
1.320910238248498558e+01
1.181077669106670847e+01
3.093076406513908694e+01
3.501733935792477581e+01
2.594452519098271637e+01
2.231347371921741995e+01
2.032172385761648670e+01
1.830737238844779569e+01
3.257298498964275524e+01
1.356186684101744966e+01
7.075727435658994580e+01
2.376751553239502357e+01
3.712458773021966607e+01
8.524690487467093902e+00
2.953975339446065362e+01
3.041595822250644332e+01
1.729481369320297190e+01
2.413276803789663205e+01
6.207862202702917642e+01
1.534957003603256709e+01
2.595640234485673048e+01
1.237042449021558710e+01
7.940802129965727651e+00
1.319246627945045880e+01
2.385679476441303493e+01
6.080620207747860384e+00
4.120749607734441611e+01
1.523147670288924260e+01
4.016702053079071533e+01
8.232438440814274827e+01
2.372364377510178812e+01
4.037900325939511248e+01
1.216653226601627935e+01
1.532824653872684451e+01
1.496833639133422622e+01
7.212965793083208155e+01
1.295162867719951016e+01
4.884448619910759248e+01
1.783624518939753045e+01
1.971952363524300011e+01
2.143429986627998929e+01
2.404342256062192362e+01
1.003827933667518657e+01
1.906569267200032769e+01
8.240382238644474455e+01
2.247435919671130122e+01
1.575757866104208738e+01
2.885071887922806155e+01
1.020871648349454652e+01
3.928201216652358596e+01
2.677153391900670343e+01
1.615299326325722973e+01
3.029172773475038127e+01
5.078741255844942515e+01
3.654832764016134661e+01
7.140306235366415422e+01
1.083039106685699977e+02
1.088445725409746423e+01
1.482874260309760750e+01
3.133399167622382109e+01
3.538394118452652037e+01
1.696920590619743763e+01
9.040049476676527362e+00
4.489156135147513993e+01
2.435420039754743016e+01
3.113766631416640251e+01
1.479703168506138589e+01
1.996027962667188760e+01
3.714604113069955815e+01
2.296888339954486469e+01
1.783723123102888408e+01
1.060956093672307077e+01
1.038208629990677778e+01
2.986799818844040644e+01
1.605327313605394579e+01
1.402356534527854670e+01
4.802816244932080281e+01
1.921822521460023836e+01
1.188235168001284414e+01
1.377795879698948767e+01
4.534753111249294477e+01
2.434165420804320945e+01
2.698553366330196113e+01
1.811213142182144509e+01
2.490915690243991065e+01
3.725387568696069707e+01
5.055876130204708829e+01
1.051550549470569784e+01
4.875946305285011562e+01
1.880634899230191337e+01
3.981163944135286670e+01
2.156397830421185091e+01
1.160641761789281112e+01
1.804598084389522228e+01
4.193386476540796792e+01
2.305062248999029251e+01
1.000207648286058237e+01
1.507575599180188952e+01
1.535782339956410603e+01
4.532498971647493846e+01
3.854000602300406086e+01
1.675467906827725173e+01
6.721252383688120347e+01
2.883933413067984475e+01
1.417771952697064819e+01
2.059006893838075314e+01
1.425700889987166420e+01
8.840446442238910407e+00
1.020218662075542682e+01
2.179440324047555677e+01
2.210775506823344116e+01
2.838414875788368974e+01
3.184920356413999443e+01
3.739040131624462759e+01
1.278613906071781514e+01
5.446732145048693496e+01
1.409871672656288943e+01
2.207891847286439102e+01
3.980729908855660426e+01
1.879116459945777251e+01
2.171088411474874391e+01
2.034172357465769210e+01
2.098300657771786959e+01
8.852681854766605341e+01
4.169552858282092700e+01
2.112276160629853194e+01
2.047403587409665704e+01
1.408711690181454124e+01
1.694007504933397001e+01
2.985838733105356013e+01
2.882874276721320328e+01
4.565985083541814049e+01
1.159626318792093258e+01
7.376626391686304629e+00
1.657663290936858047e+01
1.539627235614174161e+01
6.872706450198688088e+00
4.263782444166810848e+01
6.405963872456487707e+01
1.086256184530497571e+01
1.883436805466583763e+01
1.437342103868841114e+01
1.878139635261790019e+01
2.872652458694288669e+01
1.792802879772212776e+01
7.531038081290857633e+01
4.242576864510657231e+01
2.378730286673662775e+01
5.247770924504432344e+01
1.900105990112458088e+01
2.191574936284703412e+01
1.153991521643054909e+02
1.521450639683057382e+01
2.474351639621006882e+01
6.439723252563704925e+00
3.376545960117931600e+01
3.072206987275476209e+01
1.720981011647172565e+01
2.331670573407367186e+01
1.795509821120161575e+01
2.334628397705251501e+01
1.714327139873070749e+01
4.266022407192752830e+00
2.392148683789075037e+01
2.730110926949576111e+01
8.768660606959803872e+00
1.922700171667106872e+01
5.029295137231933666e+01
2.124197386379930563e+01
5.315452734586927619e+01
2.693662621198772911e+01
1.532570786815469788e+01
2.766261091203832834e+01
2.252283163640551678e+01
5.603820959487904929e+00
2.443279131729137177e+01
1.289996223913555085e+01
4.374949777660317807e+01
3.628512715289836876e+01
3.188552342188164701e+01
8.980713900577349307e+00
3.417296210045981297e+01
2.027073531882772883e+01
1.055948452717608461e+02
2.653233091388782583e+01
1.582179654555033110e+01
1.982014898526210445e+01
2.870560629680527853e+01
4.715243105937663870e+01
1.115353474754682139e+01
3.257791941741704278e+01
1.554541561554995965e+01
3.243019765034519253e+01
1.839396797801792616e+01
9.666372267350380909e+00
4.375012797371061168e+01
2.090464853234727727e+01
1.049831635943055730e+01
2.150339264493610969e+01
1.805163638384395242e+01
6.151975899282593474e+01
1.896248796062621977e+01
1.172619375210899761e+01
2.901294004539412796e+01
1.786146816604286869e+01
3.613091756175293057e+01
2.503849142022831842e+01
3.807683303540419217e+01
1.676374430996225229e+01
1.144528080375385137e+01
3.608102882651671450e+01
1.221640005142712049e+01
7.513661063498164872e+00
1.824154415598596302e+01
2.074064476685080294e+01
1.470995488837065679e+01
1.195100309086966917e+01
2.280452554050422265e+01
3.540239381493583437e+01
1.367304782369386373e+01
2.909884734718899679e+01
