1.524292705863068775e+01
3.358715796716339952e+01
8.810365398699696371e+00
8.316355573818114522e+00
1.996269835548865146e+01
1.064712688672117658e+01
5.713908777602146927e+01
3.916010454486411163e+01
9.427262020392554120e+00
9.770691462428187535e+00
1.104482506611577541e+01
8.894964996829560988e+00
1.169457842945929116e+01
1.319180633465003893e+01
1.284072824187172657e+01
2.226978675146317599e+01
1.270064664527433962e+01
5.479052273533115525e+00
3.272365507874599189e+01
2.579309873760933769e+01
5.452676614246288800e+00
1.253642889814370953e+01
1.446379438451429245e+01
2.495719702053698086e+01
2.868970479886267100e+01
6.869308851829954321e+00
1.138152829892258566e+01
5.998960592461877894e+01
3.366202045218800976e+01
1.497479202135670384e+01
7.081387973403470149e+00
1.901119054026604260e+01
2.984557466817570770e+01
5.928112426174237726e+00
1.771794860648041237e+01
9.045441294256193032e+00
1.231619503397748616e+01
2.449999098438056677e+01
1.539735026000562890e+01
1.218268808887052579e+01
8.739102380750875199e+00
6.843621303933822730e+00
1.445941039913067705e+01
1.571277360954533897e+01
2.900724522109065262e+01
2.275353746713884462e+01
2.071582883808419240e+01
6.084130955344988934e+00
2.458632659036030077e+01
1.588023260072599108e+01
5.285808611494100973e+01
3.126196513662244669e+01
1.503348843714467975e+01
2.072639211745426380e+01
3.163682000939538597e+01
2.704975111961025291e+01
9.711423172232215961e+00
2.136535661342714221e+01
1.991386330463744159e+01
2.016861718446313745e+01
3.088047190955453516e+02
1.465178137153851701e+01
1.781413786926244214e+01
7.800004254446988305e+00
1.000430374464226801e+01
1.679665432615522747e+01
2.956570508775195449e+01
1.077453756160658216e+01
4.853243424030625164e+01
1.469139497444020748e+01
1.739482559190415500e+01
2.647131734886177057e+01
2.058558888275001664e+01
6.589554692618111886e+00
9.111066450893094526e+00
2.775937800672322542e+00
4.043982570497593088e+01
1.424429473614496189e+01
1.353376460607122311e+01
1.584384366409627098e+01
4.876477420670612517e+00
1.368214736909724039e+01
1.046479608928521827e+02
1.027529737466943516e+01
2.313871648084309740e+01
5.752198723332985963e+01
9.608194719414520080e+00
2.767269335716055423e+01
2.793077164081607933e+01
2.170469184102850946e+01
1.961488372668528868e+01
2.306361142629589267e+01
1.526895206677319905e+01
1.952877172069817391e+01
1.468909350291775873e+01
6.629954984920921390e+00
3.299409491518134274e+01
2.581253723650315735e+01
4.936503153558597923e+00
9.389543029154197029e+01
2.214475429474155987e+01
4.107040881374690144e+01
2.690315522598293185e+01
1.086144700157393572e+01
1.093426466611906811e+01
9.944117917828990016e+00
1.443363675021174686e+01
6.465227170637876775e+00
2.686424695301384347e+01
2.284278961573352618e+01
2.170929512446505072e+01
2.021762767874771072e+01
1.774745988125794227e+01
2.523367527832356316e+01
2.262260617520977490e+01
1.508256989997643061e+01
1.969496623019866277e+01
2.666660045847515548e+01
2.473313587170386540e+01
1.219792205154241671e+01
1.125823923091755674e+01
2.008089890514651188e+01
4.432659135564311725e+01
2.113930541216849690e+01
1.958571156531666091e+01
7.340763895401954287e+00
2.371794610751729948e+01
1.190491419290110819e+01
2.839135382387977202e+01
2.779594147283696159e+01
1.973520811903775041e+01
1.927014616668986946e+01
1.168191288122831573e+01
2.068465119077019665e+01
2.928046725358984759e+01
9.227467413752920677e+00
2.558148741127722658e+01
1.232261797131593717e+01
1.760099435971166670e+01
1.160747021373976828e+01
1.163256683622221566e+01
2.980058108237759384e+01
4.578036567187220740e+00
3.753669637420536276e+01
9.311157625920062131e+00
2.514172201320961975e+01
2.597807294848317738e+01
1.765352105943344796e+01
2.637462536261319102e+01
1.974682647042254402e+01
1.810496106662910876e+01
1.362511991983009274e+01
1.033285353445159771e+01
1.862200772919531744e+01
3.484560731961385471e+01
2.186415652369512941e+01
3.105290027878897874e+01
2.364640409445121705e+01
4.034030572104427392e+00
4.489140906499537209e+01
4.012331328191900326e+01
1.392747921278744094e+01
5.756492609468415367e+01
3.538962021107505507e+01
9.201452780321512037e+00
1.168557561690262681e+01
1.827714894803203549e+01
8.490769235293170070e+00
1.639443489565104173e+01
1.345815671924473911e+01
1.395842314713672572e+01
3.125551338669997037e+01
7.948167466635688072e+00
1.247901627206963937e+01
3.006682044976116686e+01
2.554535704142706365e+01
1.838679250804996812e+01
8.730427276804056191e+01
2.288179708168894422e+01
9.390581457775050822e+00
2.039802734152379315e+01
9.435469689407067762e+00
2.066102207000664492e+01
1.393065909917308787e+01
1.497799755719709403e+01
2.990684874371466506e+01
2.918051192956091455e+01
8.509705554096742119e+00
4.722042446978163888e+00
3.111729483650593053e+01
5.786489854579323833e+01
9.010736173432789542e+00
1.823999817653746192e+01
1.461651962124976478e+01
2.677330403416854310e+01
3.750777419456713346e+01
2.564507439177418036e+01
1.416159074005270568e+01
1.742757189157754993e+01
1.624585473834096305e+01
1.663938457063420628e+01
4.503486316508171683e+01
8.721428547333140102e+01
6.319744027285514676e+01
2.181248140035756222e+01
6.684742313261693880e+00
1.298562370485647754e+01
2.798336843252360140e+01
2.207410983122590054e+01
1.170153143838067500e+01
1.164427913790671099e+01
8.582401196878862493e+00
1.803312385688472119e+01
2.884995326159837248e+01
2.492276392696468790e+01
1.643337468092090603e+01
2.618570094205477616e+01
2.304371172792149025e+01
6.890481301383391610e+01
4.713098023957012828e+00
1.768631585182884791e+01
4.183900201986994460e+01
1.257455960827712893e+01
1.508458503544759566e+01
1.027679442591003145e+01
1.506143607550313668e+01
9.642284966013994207e+00
2.079232381405087438e+01
7.531479144342824839e+00
1.397628489733158297e+01
3.371490317810558679e+01
9.247657996726166729e+00
4.247180166348873342e+01
2.181363778880128734e+01
1.069385292489890560e+01
1.605244704358054264e+01
8.566039087242216965e+00
3.666825961803471046e+01
8.494516454936853478e+00
3.910274428509262634e+01
7.363734500730621413e+00
1.498186883184184381e+01
1.720900249486487610e+01
1.415837718903819287e+01
6.405840554267959064e+00
1.555560097118067553e+01
1.033521707074248930e+01
7.964360328509589237e+01
3.810837652140001808e+01
4.071145826073281171e+01
1.714809265478568889e+01
7.503054289789038656e+00
2.802412266852925526e+01
2.044771460766518345e+01
5.556926195891684017e+01
5.075048838146084762e+00
5.597820713886054733e+00
8.266371737843888567e+00
1.127513140452250795e+01
2.460094018931254567e+01
6.696013612058248299e+00
2.329671073803756087e+01
1.036417373104177742e+01
6.647156770147494953e+00
5.221135050147007739e+00
2.740828043176191287e+01
1.634075006550167330e+01
3.390350680409859052e+01
2.684049804392174465e+01
9.875015975824918968e+00
2.587484589037314819e+01
1.720670317984133391e+01
7.599818588314088075e+00
2.047177445276158991e+01
1.841657936449655253e+01
3.411444800469367067e+01
1.477317449289015627e+01
1.151033029918533224e+01
2.032587853568871594e+01
1.226502995776383820e+01
5.576848203241754121e+00
1.610877806335197349e+01
2.764589961351642700e+01
5.869190799452442597e+00
1.227811579302975709e+01
5.481019477875190660e+01
2.102029668216007963e+01
8.602076627774541961e+00
1.917362976966386867e+01
2.108239885469171782e+01
3.433955249101334317e+01
3.094234586644644480e+01
2.316905251639704133e+01
3.002935464998975590e+01
1.398044574112582872e+01
2.532983977536859399e+01
1.989937329913726316e+01
1.671107512128591210e+01
3.587890985933433541e+01
2.664592709661260983e+01
1.941367717565453788e+01
3.643934295959632408e+01
1.777399592836826869e+01
1.474161011661865395e+01
2.152495616889146746e+01
3.303474164068603613e+01
1.749389559320502130e+01
1.054672203172190237e+01
6.116151140494657135e+00
1.925262884202765790e+01
8.913086888301613442e+00
3.218010398195287536e+01
7.051963265057441532e+00
5.797764865634079001e+01
1.229517863879133266e+01
7.345657427066888623e+00
2.707284850271813426e+01
1.875500725325123597e+01
1.811904569435482415e+01
4.596207657618260356e+01
3.049515870832952302e+01
4.512456768983419408e+01
2.621400853964874766e+00
1.485436189473063706e+01
5.055887116564562689e+01
8.512977531426258793e+00
1.998212803813256500e+01
1.066131248761533072e+02
1.564284292848193303e+01
1.379699958915656488e+01
1.464418637308940241e+01
1.482795857766400616e+01
2.909683225485033020e+01
4.970295976824330353e+01
3.058371958340928387e+01
3.181876934671967305e+01
1.081029567092213739e+01
4.810963742127666976e+00
7.710139986827590164e+00
1.917566443700235368e+01
1.208911640775801288e+01
1.171495084853032154e+01
2.177523767394404430e+01
9.745419334549760393e+00
3.322262440932589556e+01
8.504061916499637164e+01
2.380839142064528602e+01
5.138986650692820568e+00
1.804666424707519568e+01
4.990000339092705417e+01
1.449106897107480663e+01
1.479439250211782486e+01
1.844948384744856540e+01
1.300611710083532557e+01
3.759225535749052938e+01
6.086893261953805734e+01
3.166084179066750082e+01
1.058347416693591825e+01
8.620113264485286919e+00
3.911610836005520753e+01
1.918856293012075298e+01
3.066756921147209880e+01
5.134919154791178997e+00
2.318962608774248579e+01
1.514780918807437970e+01
9.067166053626884548e+01
1.970090339500060495e+01
2.357722770490584807e+01
1.101865972919518555e+01
1.865708886306011749e+01
8.610672946718052501e+00
8.527687841303810856e+00
3.779015452800613417e+01
9.635325226393714360e+00
3.080153139513973670e+01
2.260393898259404466e+01
3.657988885239586807e+01
1.005612938499030484e+01
9.115338841592521391e+00
1.311838432583720149e+01
2.348544524148772084e+01
7.521611027898074120e+00
2.262445691925152147e+01
7.924830149902339471e+00
9.982734577773758389e+00
2.751002156352982198e+01
1.939886387219709718e+01
1.379223650282655100e+01
2.663553253938178145e+01
2.851436445813601139e+01
5.832946939357023020e+00
1.100416129547288335e+01
1.416441375186225926e+01
4.152821011887655800e+01
1.677368529355612736e+01
3.112518972713599652e+01
9.123541594797716314e+00
9.755658954584744080e+00
2.771064466529948334e+01
2.429354459106467345e+01
1.254500678659573154e+01
2.566702139563797758e+01
4.387750595382370022e+01
3.139570889425147016e+01
1.349739050980128674e+01
9.434478128386434292e+00
6.152577807587388037e+00
2.581231599364165064e+01
1.963431200130982646e+01
1.753880375953207960e+01
9.039086592517440621e+00
6.175838927368547893e+00
5.522096713705041182e+00
1.298121637232397596e+01
3.894217947367756949e+01
3.659982945260282605e+01
8.253735036603258024e+00
2.208729779017092554e+01
2.989017298544043300e+01
2.149552283164303645e+01
1.772170913096388034e+01
3.256280425711587156e+01
1.174566565322692391e+01
9.610684825176731394e+00
2.721434033721943280e+01
1.856396807793081294e+01
2.300239743984016272e+01
3.337856148905127185e+01
1.674009145984481250e+01
2.648300002106906348e+01
7.918106157323097527e+00
1.462697261020241335e+01
1.549696609020757698e+01
9.930974140321108479e+00
3.613623898556745218e+01
3.649841142801545857e+01
4.025011338310400077e+01
9.482344353177655449e+00
2.552142822303136427e+01
1.578643656163306197e+01
3.618134987978151429e+01
3.168647505947202347e+01
9.446412662918492131e+00
2.451967829977923685e+01
9.852330009061650173e+01
5.144608032756946869e+01
8.379546544413511100e+00
7.857670384493212090e+00
2.323472100203668234e+01
2.730844039754196118e+01
7.945126671525599704e+01
4.638622467629271284e+01
1.004569377667499275e+01
2.858164422573119268e+01
7.801018244610196994e+00
1.846919149149293915e+01
1.800470546070192768e+01
2.812149240346020207e+01
2.504099991894838695e+01
1.412644832602385137e+01
2.449699951932916875e+01
9.794219723576233605e+00
2.843213003356859403e+01
1.719934599859130131e+01
1.740397059866759122e+01
1.529506454282360473e+01
1.195212850031650831e+01
1.914914474325762939e+01
5.453262861679677798e+01
1.550341790114767626e+01
4.382607121614010737e+01
2.937225080738124916e+01
3.679120477855647664e+01
9.669263712863328308e+00
3.490114967764036891e+01
3.142947790633365823e+00
7.610361690579702021e+00
1.848978468827376176e+01
8.881919925738591459e+00
1.546437730698825952e+01
3.999987274217849631e+01
1.184668962926811275e+01
8.568917566010304299e+00
2.922199068699192992e+01
8.025621715261710420e+00
2.467952754773090618e+01
4.624743245234634514e+01
1.610721323552089501e+01
2.594383968998420542e+01
1.259656741424116611e+01
2.024542383764685738e+01
1.206952552469148188e+01
4.441927308877946956e+00
8.693298015539851065e+01
1.252204628418129317e+01
1.773751419746567137e+01
1.602052846307063305e+01
3.037123701961933264e+01
2.170630440706212028e+00
1.363076237790691714e+01
1.936408438527922371e+01
