1.217645136303652365e+01
3.137732568652410947e+01
1.819567834299072473e+01
4.257739306071582064e+01
2.145130926302829621e+01
1.892564294134875524e+01
2.266667338432250745e+01
1.691195193856011869e+01
2.641239554678541879e+01
2.821838210447217321e+01
1.160142912852062480e+01
1.199646677622688351e+01
4.628261013422324766e+00
4.836254887998294549e+01
3.273942814698911974e+01
1.865008094957829243e+01
7.779395535457707922e+01
2.148283016271559021e+01
1.548947561466545508e+01
3.565054923242182383e+01
1.030282446715404987e+01
2.652114879169364414e+01
1.368407387082767102e+01
4.676174243758289606e+01
2.173497142639837421e+01
2.146103883610758700e+01
6.010018162750313309e+01
1.999190161235034680e+01
8.952625504916237986e+00
3.453081740503988328e+01
3.240380671107011779e+01
2.319654981624470125e+01
1.094355055195373261e+01
1.557019887677835079e+01
3.127478092023109824e+01
3.499364846790332706e+01
3.758555191463550926e+01
2.161324973748497413e+01
7.714374283420242762e+01
1.685119475737500920e+02
2.780654975576510424e+01
1.660037097413623286e+01
3.939998726005568130e+01
2.177312714759744239e+01
2.898031665860510486e+01
5.837772680424782124e+01
3.114497935640713777e+01
2.226121250396976237e+01
2.662730877879043589e+01
7.465633767621680761e+01
1.528308386516261841e+01
2.339508247276881647e+01
2.042547570492414621e+01
2.097057511837958899e+01
1.163129237852223596e+01
9.485663135015668601e+00
3.330208972236575704e+01
2.572989684397020227e+01
2.660317700670925589e+01
1.948608637706492885e+01
8.318322373400047098e+00
1.888686979164720725e+01
1.944025118692356102e+01
2.565201729782976159e+01
2.681657568041587680e+01
7.748617171229604139e+00
1.323098617402368937e+01
3.474421743051905764e+01
2.331392936691726447e+01
3.481187278984319988e+01
2.939738879689020123e+01
2.320585597669123956e+01
2.905448805558976844e+01
2.219296895343964593e+01
2.553405184190781441e+01
3.155916202527214764e+01
2.826467633852239203e+01
1.301068694807829473e+01
1.851550771488368241e+01
3.506165409293019053e+01
1.287931166039996533e+01
1.805898964731110468e+01
2.997423507320472069e+01
5.095501041170511058e+01
2.164069981635488915e+01
6.247785199915855969e+01
3.009950514845994718e+01
2.770060616635131723e+01
2.360359794238645392e+01
9.945082671039218170e+00
2.752611834554802783e+01
9.410668566066647145e+01
7.000716771571961772e+01
3.017741282323574126e+01
4.860558121118059205e+01
1.208116697463578149e+01
1.494615484913687453e+01
2.110200370570213479e+01
1.568348821589121833e+01
1.508993962242030307e+01
1.496816622359752103e+02
1.224119994124384192e+01
2.011715197536235067e+01
3.094199410848426623e+01
6.811230637880323968e+01
2.347566781253122414e+01
4.819548075800936004e+01
2.050916220879718210e+01
3.873396588901032089e+01
1.527732382658858157e+01
4.937540173026050638e+01
5.703370683073857350e+01
3.492998644210990022e+01
3.094365988059446337e+01
1.932337939437509533e+01
3.165060094252616452e+01
3.759847476894381657e+01
2.458384089968080133e+01
1.238170644521274077e+01
4.659337497720469656e+01
9.520224047616341778e+00
1.669433238824833055e+01
2.303093761441065013e+01
2.150949054963412266e+01
3.166686903536313835e+01
8.294665982981541674e+00
1.266885243478765588e+01
1.047245633742330817e+01
2.176415754919397472e+01
9.179069360387021703e+00
4.766689424881388248e+01
3.978176118545142259e+01
2.622860964791025040e+01
9.518515860249047833e+00
1.590640027049921628e+02
2.427507872890442542e+01
1.283616730031342357e+01
4.014292845446790636e+01
1.976306212271720852e+01
4.238826318861747922e+01
3.188492150882412091e+01
2.823997919154329139e+01
1.567211029594777116e+01
1.055820720643347599e+01
3.175776399187948584e+01
1.425078755297425559e+01
3.450789388495465460e+01
1.986372737529855570e+01
2.437850871272543074e+01
7.320448848649567708e+01
4.536127873083849948e+01
1.139483813703442507e+02
1.498242758344825099e+01
1.358422133166928703e+01
1.676633386557769967e+01
6.039982153302545953e+01
2.586901218883910047e+01
4.907660433217581186e+01
2.557442659341591451e+01
3.692148560040062932e+01
1.263706023961258218e+01
1.469317709327255272e+01
2.009102357599248023e+01
3.885456819633223802e+01
4.092598367185527763e+01
2.809903896866270756e+01
1.982179151759572378e+01
1.384506656307812378e+01
6.326678022664469658e+00
2.124404286916337981e+01
2.504675529036358839e+01
2.064186385707521509e+01
4.913125907309980533e+01
4.483657526884366717e+01
3.515105746606959514e+01
2.551187219918136506e+01
1.648210390713627049e+01
7.447532182522630606e+00
1.171661106195559121e+01
1.984549412723069395e+01
2.239350776639536633e+01
4.302665209041908412e+01
6.972827334562872181e+01
1.219686784429239523e+01
3.722534671010624407e+01
3.768546101650542823e+01
2.398656274034808789e+01
1.521492695984099441e+01
1.572923649348751951e+01
7.962490776269981474e+00
2.360715154401773930e+01
2.349775432267147934e+01
1.199092964446859000e+01
1.418803053565158123e+01
2.295484421684283660e+01
3.945670667687657840e+01
1.671333330548340967e+01
3.102944944379517977e+01
3.193454326977500557e+01
3.587795086326437399e+01
1.933520432301878245e+01
1.957702655337313757e+01
5.469475314734514626e+01
1.948009784030887914e+01
3.816936028067873110e+01
1.850130696198000280e+01
1.766352863052716415e+01
2.272373430040565978e+01
1.739306571411060531e+01
2.626359101664823115e+01
1.563419404457247452e+01
2.610034407717765959e+01
2.096025383017068577e+01
2.773184791071303934e+01
3.851829450245524100e+01
1.885858981625684905e+01
2.144171081647431620e+01
1.340166128903111442e+01
4.991277011667491337e+01
2.829830653633868565e+01
6.206972702864462832e+01
1.324581728057033025e+01
3.954223908447799829e+01
6.495344489056525283e+00
2.263099773938899872e+01
4.941818385006373404e+01
5.464880059396688239e+01
1.415857839332105783e+01
2.148446927849366617e+01
1.421938031675112413e+01
2.706470393317327705e+01
3.392365725037075208e+01
2.884697576567822708e+01
2.266923443849621478e+01
3.546305419702848383e+01
1.822717883077114820e+01
4.082677146626971165e+01
3.509883304157114736e+01
2.493729502229692940e+01
2.704401057896556893e+01
5.077901005794793576e+01
1.770239390997801010e+01
2.793865726604239086e+01
1.322890679308107664e+01
1.944704202888352995e+01
1.615470453210707547e+01
3.245221845918438675e+01
2.399072460137918128e+01
3.649899940809167731e+01
4.640816662808277471e+01
1.025153381167349664e+01
2.124841720841419246e+01
1.628367791179362811e+01
3.392825646198028267e+01
3.328813126746465656e+01
8.501883473573915495e+00
1.431228279227345546e+01
4.642190977270077212e+01
2.931760974107941564e+01
2.593850354770357214e+01
2.963754629078502489e+01
2.141649090777747944e+01
5.220325463428208224e+01
2.760736370599304834e+01
1.483522432946175407e+01
5.683183134419753202e+01
1.709784249415462654e+01
1.159875803112807979e+01
4.065859248018918493e+01
2.588456855837922888e+01
3.139622233052138256e+01
1.829889094521206516e+01
2.148507725414786762e+01
2.352910654070562302e+01
1.349444637796921320e+01
3.120763568643213404e+01
9.672939259189892169e+00
7.950148999482843593e+00
3.074028272678830120e+01
3.566685506312570908e+01
2.358159116494974938e+01
1.546759786134257020e+01
2.214388874459045553e+01
3.359593145344486231e+01
2.752161024581298321e+01
2.498991978548129111e+01
5.993023539891225937e+01
1.715850765399802214e+01
1.922733188510349223e+01
2.801830469522161238e+01
2.825869673342877775e+01
1.437381936653818038e+01
1.986213579420425646e+01
4.279875206263279352e+01
3.092543869591874639e+01
4.123932206326917083e+01
2.321378255127597612e+01
2.519579271224339223e+01
1.228449549531547014e+01
6.206961345587092005e+00
3.194594772048359488e+01
3.683411166772533107e+01
2.337523657501886731e+01
7.544220239003719186e+00
1.813689860950023203e+01
1.560008464086225644e+01
6.732794841393307195e+00
8.040256964987282373e+00
1.641855168497012230e+01
2.797854312617100092e+01
1.965236758575482767e+01
1.120354146025238506e+01
3.337889178520772759e+01
2.366467857379260664e+01
1.928292924991336577e+01
1.759475950215281159e+01
2.327584327274580289e+01
2.030762357672859508e+01
1.094532499326506603e+01
2.774120108172742150e+01
5.829737601703791228e+01
2.143191365289944272e+01
1.407815726033826209e+01
2.316627035695497483e+01
2.474627654165502122e+01
4.366602295777762777e+01
1.619488709051805486e+01
1.432682366471301982e+01
3.629237519514606447e+01
1.994009627024249909e+01
2.598402891341859444e+01
1.404181243056360806e+01
2.036436509180726873e+01
3.372274434374059382e+01
3.310810173380806276e+01
8.014420181883082250e+00
2.208614446580499902e+01
9.183725762659685543e+00
1.665431434379164344e+01
5.588861343123708991e+01
2.587149837062508340e+01
1.883522650218833761e+01
8.594318380484853748e+00
1.077023854886020615e+01
1.946062512134042066e+01
1.771742386345956177e+01
2.743136379882742304e+01
3.634098080561852839e+01
8.927324369159618911e+00
1.777055602662299805e+01
1.501066547156063713e+01
1.103758247412648608e+01
2.524708139439177756e+01
2.565460605029972996e+01
1.580533216331344626e+01
3.470926133941184588e+01
4.228125741537062510e+01
2.733570277750525079e+01
1.854530699161600182e+01
1.541117430230744567e+01
1.479558262965300308e+01
4.008702453247661879e+01
1.761212504020610936e+01
1.953029275609549131e+01
4.890620856665099048e+00
2.083065417117668616e+01
4.359982788282315624e+01
2.260300771736860526e+01
9.241349076660061002e+00
1.708341798068895656e+01
1.974905596553619347e+01
3.094986738313183139e+01
4.942437510213633090e+01
2.621867251780753705e+01
1.482033990129759182e+01
3.839733281645811047e+01
2.313932840874339192e+01
8.186670263162537253e+01
1.169603993129889119e+01
2.917812745049100798e+01
1.820843692347625975e+01
3.971334384836740838e+01
5.941233855159868682e+01
7.881968035738383094e+01
2.057411675378015303e+01
9.165580920185274749e+01
6.558791295388854792e+01
4.516000663644385327e+01
1.434204078390178694e+01
7.605727181066049170e+00
1.713653940894690564e+01
2.090163387175669030e+01
2.985844552041278632e+01
9.714544814145190443e+00
5.938522572204681182e+01
3.531029145924297552e+01
6.302471534707041201e+01
4.350425521013400498e+01
4.071906731561929504e+00
5.023098792122290490e+01
1.892348376509841046e+01
1.976361188951967662e+01
3.107465683262980960e+01
4.048805947092586166e+01
2.123585018090454213e+01
1.901339858617174983e+01
2.891815836492340352e+01
1.896584768158944456e+01
8.901637773886685423e+00
2.442145047290662774e+01
5.592812729770497526e+01
1.815975218306018846e+01
1.710434901294349785e+01
3.571606708611867731e+01
2.136185471156640148e+01
1.996230486353040590e+01
4.370507073502710682e+01
1.712262905782814570e+01
9.703379130715751089e+00
3.895256962899257758e+01
9.952954249829723210e+00
3.599974842607370107e+01
3.185995024236915896e+01
1.407308413092962773e+01
2.600047689655184513e+01
1.976153981096491918e+01
2.604326853227214400e+01
1.837185169442539134e+01
3.814187164866455504e+01
2.124020208999530368e+01
9.487126711251251621e+00
5.377224032762222805e+01
2.416156826909536193e+01
2.989493281677527392e+01
2.197457343228570537e+01
3.137683647690642985e+01
6.564240355521829429e+01
4.182904904891771736e+01
1.737112511798283165e+01
2.188345908295723774e+01
4.458561283222079652e+01
4.312776369846243085e+01
2.534410033705900744e+01
5.610110086633090987e+01
2.974359773902277482e+01
2.148299376428077068e+01
2.309652913048972422e+01
2.151988724129570585e+01
5.845078093921289053e+01
2.339625316044043046e+01
1.813277681126948337e+01
1.375998780938693322e+01
1.366879899842835933e+01
1.667866703570939535e+01
2.358795470576153619e+01
1.553900165580312809e+01
7.808857736728650245e+00
1.124710252086697615e+01
3.498090612463069959e+01
1.531245259749031362e+01
3.589490179860443675e+01
1.588007305637954047e+01
1.901760344930824331e+01
9.688492275558868272e+00
2.526872127977987148e+01
3.300682856706145429e+01
3.627097864078643852e+01
3.074581304824575412e+01
3.286561638805140717e+01
1.630504429955738388e+01
1.932989801026961629e+01
3.133081998987134398e+01
2.084433538753678405e+01
1.589482210991015876e+01
1.525112644883939339e+01
5.866439496582050594e+01
3.925094731437247475e+01
3.728870689008652306e+01
2.229218752453075680e+01
2.130502182517234289e+01
1.637905613468956645e+01
3.812047788952266814e+01
3.687189606329638991e+01
1.983496302713618320e+01
1.184612182932193036e+01
2.743510077652339163e+01
1.849863505360435667e+01
1.248438554007004164e+01
2.886074584744384453e+01
1.607839246137136868e+01
2.972388323578389446e+01
1.735090917066365535e+01
3.581455332240194167e+01
4.429910793470825325e+01
1.182153819857391994e+02
2.533093148537690809e+01
2.936689279114861506e+01
1.586666895021200396e+01
7.985178705784315412e+01
4.439016815063548194e+01
2.291177797977144692e+01
