1.793463536971759709e+01
8.411888014410015657e+00
1.491209850759614497e+01
5.933220775562566729e+01
2.114629967220818330e+01
2.049702255747516233e+01
2.546135407051355060e+01
3.903233476953305114e+01
8.333331024022083255e+00
1.686069996221407408e+01
1.367734222991354542e+01
1.787340842719193645e+01
1.067922528323222409e+01
3.053906503584811816e+01
6.177153318316361208e+01
2.938252961897955373e+01
9.290607439361714626e+00
1.378571302102821328e+01
6.517795175478574343e+00
9.822068249216977165e+01
4.184292192804498001e+01
2.192280035432740704e+01
3.577682627826548867e+01
8.660496978354361275e+00
2.840560148845225186e+01
1.966098447034279673e+01
3.130356912881170217e+01
2.110472191541359521e+01
3.905344458555879328e+01
1.516960668831352699e+01
3.184552680261116464e+01
2.956719021734446073e+01
3.234359750317315729e+01
1.082332502704344179e+01
1.375726136405003075e+01
2.093269698040126059e+01
1.571915998672472092e+01
1.003028139781604722e+01
1.310389628710055199e+01
4.502122034660202843e+01
3.769935203362146581e+01
5.775107493187508112e+01
1.429768955560271237e+01
3.115920320500824303e+01
1.258456296438285982e+01
1.373109618517820252e+01
7.605956799669876922e+00
3.397943121014161960e+01
7.118346210382520667e+01
4.070388683604480207e+01
1.549234645015840783e+01
1.496234357221054623e+01
1.960327983432055632e+01
2.138220868863414381e+01
3.176349364169297829e+01
4.848611936624421048e+01
1.533898704679020142e+01
1.246714097924880527e+01
2.156370241264500365e+01
9.263220319193427699e+00
2.229956965554039172e+01
1.586704325116252257e+01
1.472604853412429726e+01
3.872122370373435984e+01
3.562242398202485560e+01
3.696480873607091411e+01
1.049590965951394423e+02
1.184640397463579298e+01
7.988558386958426460e+00
1.076309862117293115e+01
1.413322972798505184e+01
8.942886819498683693e+00
7.822736092707078370e+00
6.495122213568317093e+00
2.249355804090430055e+01
2.286055759528285236e+01
1.667865095108335893e+01
2.045752122350181068e+01
2.683483843328681928e+01
3.685115018956036437e+01
4.451993278447537250e+01
2.576195017838665535e+01
6.704895912384725420e+01
1.271368941039946243e+01
2.302869180384069736e+01
1.178304758952980258e+01
2.112186234401772822e+01
1.364284062869763758e+01
6.559674176455803263e+01
8.679045646176573925e+00
3.820074004556139613e+01
4.940895267733844243e+00
3.301794051007406949e+01
6.738209652338345279e+01
1.940953269962043493e+01
5.270465791198557071e+00
3.072122076077580033e+01
2.174991526416083332e+01
1.822078765805207823e+01
1.024710838093201914e+01
2.397243316414134284e+01
2.175533040773667182e+01
6.545854194950868177e+00
1.179571240238274932e+01
1.035764298956654628e+01
1.013788226934561010e+01
2.269905105564073367e+01
1.802168743766229042e+01
1.818051336525116213e+01
6.579762392984894959e+00
1.244719209322290254e+01
3.037984097305862363e+01
2.714775667655171176e+01
2.230292684093403821e+01
1.755354328716509542e+02
2.363749936320931866e+01
1.299166372492394217e+01
2.365680992483628486e+01
2.058002154662575833e+01
1.002303171137582716e+01
2.373938223601393815e+01
9.351675136345035000e+00
4.454551049969742849e+01
4.265586986684002824e+01
6.204050261937372568e+01
4.669339631161849979e+01
5.786664209283068239e+00
1.208804342683875532e+01
7.818244792792071962e+01
3.331651183293690366e+01
2.656636629134284178e+01
8.687327945777772342e+00
2.580089034382021040e+01
1.418184857446918379e+01
1.399080852906694794e+01
1.358249171110686149e+01
1.519585438908550756e+01
2.474710420444423065e+01
2.524089076160395706e+01
9.880450205669479402e+00
1.789273290682717388e+01
3.873716526996486920e+01
1.583723617388170268e+01
7.448486300860182929e+00
2.140117020662257374e+01
2.621533677090785375e+01
1.867787156304604679e+01
1.540834137151916217e+01
1.474194680652769485e+01
4.443752544336568633e+01
1.503676957175432349e+01
4.385073505190108989e+01
3.034531762609926986e+01
1.865778031188529695e+01
7.801826626693658007e+00
3.439218318232916261e+01
7.020264220481458928e+00
2.546151018175471137e+01
1.148195755870515633e+01
9.617884454717886555e+00
7.669230261759865641e+01
2.273866596067662016e+01
1.814344321949871741e+01
1.751906907663314428e+01
2.278672747862320946e+01
2.762333253054248061e+01
1.266973461625001107e+01
8.493426961820783561e+01
2.692132549372369965e+01
1.118694829110500244e+01
1.303204214449235288e+01
1.117147620594932889e+01
1.696705349574354571e+01
7.210844664308039498e+00
3.012863738976489714e+01
1.230010120295118412e+02
8.255974903108924678e+00
1.952711630895863948e+01
2.683021240045464140e+01
3.667091393369596375e+01
1.349697202315040911e+01
2.481642900533768170e+01
4.286977063581218061e+01
1.504419196618406929e+01
3.168971484830849406e+01
2.223806875451884935e+01
9.399467791688845608e+00
1.067633715490550195e+01
1.112034804218057893e+01
1.458093950987644405e+01
7.994314764369684667e+01
1.974975350328669776e+01
6.760537377902633871e+00
2.036619263050691941e+01
1.480836963871434619e+01
2.896384761469638391e+01
2.624126525427508483e+01
1.637134984229907531e+01
1.220656582912148380e+01
1.832342381322311908e+01
3.112475223057828799e+01
9.982505440476881375e+00
2.811606086315599740e+01
1.193075236072937528e+01
3.924375696530053581e+00
8.072576561172922993e+00
1.440728659003066170e+01
1.752217980128225605e+01
6.579118198068459833e+01
1.680929075816823115e+01
1.916724647142832083e+01
2.303000500496109026e+01
2.608665779348295999e+01
2.228656374586082833e+01
5.262301890246435931e+01
2.972700296643311546e+01
5.459002731848550383e+01
5.460064618544739545e+01
1.604345702949151331e+01
6.020010790725716987e+00
5.559050622639071548e+01
1.793813385879382949e+01
2.620000127724230055e+01
1.116251066547038207e+01
2.268124779626716858e+01
3.142096186526054780e+01
9.240582717614142183e+00
9.330924737115262602e+00
3.429483009151074668e+01
3.810175655222982982e+01
4.034417224453662953e+01
1.553915930438949644e+01
2.997644059261586236e+01
2.274915930020585364e+01
5.428027053528288626e+00
2.048049873798552056e+01
1.884422785417182666e+01
4.415101316245372942e+01
6.387889355899145016e+01
2.221212143961075469e+01
2.189732518483381440e+01
1.456741328268534907e+01
4.140102447997781354e+01
2.529388445795343188e+01
2.166715784021608826e+01
4.194007214521786153e+01
2.181770352570111982e+01
1.536077241731097764e+01
5.203476117513936572e+01
7.538745678040987386e+00
2.817446518034154579e+01
7.831673788094423116e+01
1.444238831575859905e+01
1.999386902131065469e+01
8.386026224920478001e+00
1.810168182040056450e+01
2.404346153972971933e+01
1.960852523250606794e+01
2.186774182599397065e+01
2.723242410661231361e+01
1.518426544352222862e+01
9.576857075400823760e+00
5.966644021427625511e+00
1.578803445251665494e+01
3.003482578368796752e+01
3.125472177320895284e+01
6.187898907375988244e+00
1.892474971312830334e+01
2.910180323361431576e+01
1.991110947632509109e+01
9.092806614092337369e+00
1.742733621586753401e+01
1.331692581628022509e+01
7.683767266565780574e+01
3.711463836904913904e+01
1.974496141301896657e+01
1.132640496587484513e+01
1.199052868039373720e+01
1.232789143663699782e+01
5.504793285269101943e+01
2.014207782392270119e+01
4.051495681369384272e+01
3.429621458333250672e+01
1.999612789088212494e+01
2.192998491005397810e+01
1.511984795710914931e+01
9.365302999008603635e+00
1.438481230924291587e+01
1.593462793217520002e+01
1.157310129346972083e+01
7.940044225256737320e+01
3.593946336080531267e+01
4.963836073337290600e+01
3.454731739896915599e+01
1.749715030516381731e+01
8.769182656150523059e+00
2.678994464747028914e+01
1.372914215820063077e+01
1.840640351915415707e+01
2.431747939106842793e+01
1.419279765316943909e+01
2.133718851815076434e+01
2.404151083918237930e+01
6.471646119668642783e+00
1.258536687282681932e+01
1.508623839514970655e+01
3.256164880323576227e+01
8.855775787102251684e+01
2.554453659646527797e+01
3.750169073793838237e+01
1.190681469620588295e+01
3.284755278167295067e+00
2.121589537906914558e+01
2.585817235976649897e+01
4.334102672696678837e+01
1.321748482522484736e+01
6.758586266982973711e+01
2.693473164254572438e+01
1.991429535785463756e+01
2.547337238331588694e+01
2.186346076507128799e+01
2.859092484262826162e+01
4.224973783876126987e+00
1.687080337394592888e+01
2.116457328513689973e+01
6.340829947534036393e+01
4.137683009344443263e+01
1.000139548354706243e+01
5.965824657508727924e+00
2.020606742860435290e+01
1.076685059417501122e+01
5.580766722544218794e+01
1.244218576620049710e+01
1.567426389790361085e+01
6.716182579131142916e+01
1.624893912297091347e+01
1.947339770347817733e+01
2.042938330884264175e+01
2.228406291928162730e+01
1.201137616782460249e+01
4.285611395308149696e+01
2.086527485353256139e+01
1.739073566857436148e+01
8.751318566679469058e+00
1.815158435546968363e+01
1.815300052593493163e+01
4.843529988158768163e+01
2.047982144554081430e+01
1.179292807420201861e+01
4.694521919744651228e+01
1.158374248124647643e+01
5.362140530084079870e+01
2.373482336480040189e+01
1.439091322032381726e+01
1.519605910887263533e+01
2.407034768431101313e+01
2.844616534624037030e+01
1.447867478742558056e+01
3.569333444062053928e+01
1.713982171222352591e+01
4.104358677747923423e+01
3.201962182026764481e+01
2.104636583191281218e+01
1.403323886888320615e+01
3.014428249433518303e+01
3.717939148122405157e+01
1.912973352537160920e+01
2.143771152052631734e+01
2.895962684742281112e+01
1.027018007287898627e+01
1.111998913961444657e+01
1.134968567285051222e+01
2.226147103107191683e+01
2.736204430889815598e+01
3.269648048067914203e+01
3.190292574092829625e+01
6.826543860630191318e+01
9.286695792196694299e+01
1.851249739071267797e+01
1.409321879371939090e+01
8.010365889500178582e+00
1.291894783918504253e+01
2.607901374825964425e+01
1.419339456553867507e+01
6.949851865452022714e+00
4.572067697913683837e+00
7.027745415343818536e+01
3.998339151647201106e+01
2.612028399493208752e+01
2.243174662890355364e+01
2.008859191846325487e+01
1.580057477849947745e+01
4.458249973001004918e+01
1.417305928167289153e+01
1.048908708255522093e+01
3.602995301574098619e+01
1.461929735460771518e+01
2.702217448700059066e+01
1.662913011882433167e+01
7.586030807864862169e+00
1.050199365472258073e+01
1.511916054269758547e+01
1.504545051530253197e+01
7.382310184551882593e+00
2.367613714219930898e+01
9.267508015159386048e+00
7.211502556353150517e+00
3.280124274480327529e+01
1.974227917370754426e+01
1.096178222882452680e+01
1.854072424512553141e+01
2.151456473974710804e+01
3.010865001773878191e+01
1.433111115189239015e+01
9.795379612301548633e+00
1.757750095664603762e+01
5.514618260411482176e+00
7.416386015962301848e+00
2.271758828667889318e+01
4.612328280454310914e+01
2.367693211481046589e+01
1.361010515011690103e+01
4.514313132060818390e+01
2.128009514639135702e+01
4.775347587403733485e+01
7.970874584741430624e+01
1.771839520056303741e+01
3.445858197828744807e+01
4.304149477222672004e+01
1.063392223087158328e+01
1.389969818082919062e+01
1.057267200564698584e+01
1.364728371645231597e+01
1.724632383350338216e+01
1.290994750598994223e+01
1.772886364340136112e+01
4.278539321315812316e+01
4.463831183309342521e+01
3.300918699056892081e+01
2.205955586374014032e+01
1.517504458007452328e+01
2.971404053284695124e+01
3.339899210711949706e+01
2.482088819021434034e+01
2.044390736848504986e+01
3.284793227385888770e+01
2.063556997861788034e+01
1.884315265258521777e+01
5.522285084445360148e+00
9.246546497386987085e+00
3.483551609382992353e+01
5.531718616407965250e+00
6.799322390240212144e+01
1.656960999550056357e+01
2.369827924224768623e+01
2.020031363419170134e+01
1.077800378861488610e+02
3.838563477193616080e+01
4.144924551754314024e+01
2.758071636467415999e+01
6.695456356920885810e+01
6.182151332755814366e+01
9.992677184244612931e+00
2.451110586427377669e+01
2.985180030901564763e+01
1.224754660037126364e+01
1.105047629366859674e+01
2.983875022845644764e+01
1.427299134895854138e+01
8.748872437745053787e+01
3.219381675472703108e+01
2.465897221418697072e+01
1.122223850343125129e+01
4.451991818612597029e+01
1.615654745365940670e+01
1.162646388101983952e+01
5.243439583929893644e+01
2.080531926332196946e+01
4.922055985022155511e+01
1.429773916546411705e+01
2.952372914197223963e+01
3.261937627744398327e+01
1.079644071855556042e+01
5.845981499300992823e+01
1.598658259866287068e+01
2.303088810571590983e+01
6.984423765390474159e+01
7.098849166838641622e+01
2.440663877455448016e+01
1.615208133903836796e+01
5.223338910414555158e+01
5.138648895469542310e+01
8.255099469943802504e+00
4.571834776834942460e+01
9.043090926120656903e+00
3.986735901893908363e+01
1.827720022485928908e+01
1.191220778208451136e+01
1.915865923130617077e+01
2.635169772814624878e+01
2.414460635309682601e+01
