3.594844075456735766e+01
2.108848055777966479e+01
2.972848157350877329e+01
4.169748173898955201e+01
2.496292499688440003e+01
2.829528698402343423e+01
2.790998707362506082e+01
4.173779425969470935e+01
2.117407603348101475e+01
4.374250350237488050e+01
1.898086151582145220e+01
4.096010643193230294e+01
1.483727813622255987e+01
4.557839305662091789e+01
3.290331603302579566e+01
8.202563939423132666e+00
5.505668917478102387e+00
1.283050489758485391e+01
1.769381467674123698e+01
3.946288772973426973e+01
1.306087345619545559e+01
4.463788940738766087e+01
2.072218867972975787e+01
4.371938066741091689e+01
1.139458863026215951e+01
2.103529526041448250e+01
3.287822674965541836e+01
1.444325123684646783e+01
3.075647363390330113e+01
1.441328776978323845e+01
1.319662711562989976e+01
2.983690245788418238e+01
2.087736015084463759e+01
1.728148965320580999e+01
4.973273473195486361e+01
3.404888871548719464e+01
2.170635733183977223e+01
2.517636076088107444e+01
2.852579031311045554e+01
9.485825249204420118e+01
4.461090377520794448e+01
2.245521445019801021e+01
1.801159926872320227e+01
4.772760696892854781e+01
2.029984876946265970e+01
2.096390172141307318e+01
1.265672727579096346e+01
1.899534398989097639e+01
2.386326880663947847e+01
1.960477342639384091e+01
2.013391221602692127e+01
2.257885488500072313e+01
3.383792389304750259e+01
1.653768181159754391e+01
1.159386427720585289e+01
2.262524347926369472e+01
2.711279875258980709e+01
3.498527578980169039e+01
1.344515080032195797e+01
1.285779440447381106e+01
3.007975422749494498e+01
8.884255426616689988e+00
2.535229728987031095e+01
2.514697762519981694e+01
3.929785175811045406e+01
4.648508746868188268e+01
3.015140533790687982e+01
3.243487274088460026e+01
1.506782378696901219e+02
7.097837116925583700e+01
2.408904130287815093e+01
1.833006382764651931e+01
2.641182429394689990e+01
2.084137609031403571e+01
1.805401493193999585e+01
2.999717748986982713e+01
1.521218819814591328e+01
4.552528599539412824e+01
2.376900079256048315e+01
5.733088352611959237e+01
3.101636348037349222e+01
2.868020628989393828e+01
8.538618404585328392e+00
1.017036915191393298e+01
2.284890468735813585e+01
3.119192117994178659e+01
1.172823122387856998e+01
1.456626156858303744e+01
3.141703415642190578e+01
8.242468981557397711e+00
4.179995578230685993e+01
1.644025953217764169e+01
1.336042832705018135e+01
3.680936057220756652e+01
7.668645011358977115e+01
2.508656475545611642e+01
1.252409801619239715e+01
2.068732142895797921e+01
3.374282385346505464e+01
6.728354747798803714e+01
2.072413361620347061e+01
9.539332034355128442e+00
3.013584010141709513e+01
2.252562971861645025e+01
2.065719894727474326e+01
2.435471510550317475e+01
4.405042476611909308e+01
2.916558738182013855e+01
1.257213865874094516e+01
3.521096388079481443e+01
2.172608103617013953e+01
3.048102373340617532e+01
2.130513966835709283e+01
1.149581473947328902e+01
1.241472412440006678e+01
2.706565345057454408e+01
3.270241853816117583e+01
1.155193798382308223e+01
4.813747167299652574e+01
1.632191219248624137e+01
2.147840517175573183e+01
3.528264231451359478e+01
3.251580098135458030e+01
3.093832729148133254e+01
2.025669117013847398e+01
6.989973702673420064e+01
2.695987569514517546e+01
2.665350779677120130e+01
2.313210606705061068e+01
2.435378493687327861e+01
1.571800297845944883e+01
2.382682764147085308e+01
3.100608640294138141e+01
1.840148536310431382e+01
1.598722187572132647e+01
9.562049664429849827e+00
3.286450791272795868e+01
2.851833451817977760e+01
1.668013194878721350e+01
3.479608713401177056e+01
4.771462733749333296e+01
2.972082494716268286e+01
3.757643275149115425e+01
2.144697925920329595e+01
2.142523953751155119e+01
1.423660967972739577e+01
9.366729846081888411e+00
2.001162515278023335e+01
2.776818183559913678e+01
1.731304920635555789e+01
3.336986303082729677e+01
2.725284267855403186e+01
1.463758211690663913e+01
3.193573080938288200e+01
5.318982910073354731e+01
3.442571344115489751e+01
6.283814110281979737e+01
2.909101381610269854e+01
3.530770885011533267e+01
1.127777107561206549e+01
3.566244328886969583e+01
5.689439790197322111e+01
4.805205884755584123e+01
3.982253378670788635e+01
1.304159097753702312e+01
5.295971987730619190e+01
2.214836194840255246e+01
1.444159827261568196e+01
1.129345139466926540e+01
4.464614919130892190e+01
2.773608069577766599e+01
3.498705096164426465e+01
1.566535315159957165e+01
1.529246136811068624e+01
3.231558201792216778e+01
1.815022725745019727e+01
3.366224348661764765e+01
7.955066077186208950e+00
5.923689941891663757e+00
2.228937137411899272e+01
2.291712785174708955e+01
1.529396986355485311e+01
2.408069451785176440e+01
2.448718861655829215e+01
4.016868652822510199e+01
4.153487483408624570e+01
8.805132184557088237e+00
2.307629327924257012e+01
1.416802920008042044e+01
2.062772011576665676e+01
2.256064184159495056e+01
3.420215324160399462e+01
2.600722630665886470e+01
2.841898491180964825e+01
2.158851091513037801e+01
2.038835902866247807e+01
2.819828193004693162e+01
4.884346838814225578e+01
2.055862086640833652e+01
2.356015865185771574e+01
1.433250032930557616e+01
4.249831486411557080e+01
1.129535535802957824e+01
7.702268321795258998e+00
1.702130685680321420e+01
2.786846749927417832e+01
7.463217805738750599e+01
3.315262038860296911e+01
1.702685521582548844e+01
7.798191827472010118e+01
2.339328628386670772e+01
1.830284431025986436e+01
1.008485424619663995e+01
4.623735014507506946e+01
3.906772502710649064e+01
3.834642666733998340e+01
2.247864899948280026e+01
1.427934774864064238e+01
1.812278332586529217e+01
3.253263445395072750e+01
4.619908596483085716e+01
2.200670867325614211e+01
1.182864018935714867e+01
1.822018244933366304e+01
1.323595759566484986e+01
8.485843730697560261e+00
4.479886410617555015e+01
9.826536085554830890e+01
2.463823588720415003e+01
4.044327534854055273e+01
2.284876803851185656e+01
4.017728540135878745e+01
2.919631966953354052e+01
2.053877592070165647e+01
1.174409496994148050e+01
2.937089954001217862e+01
1.838036797392773991e+01
3.665998655554854224e+01
2.794430338160846006e+01
3.433115039784897249e+01
5.744738145380464545e+01
2.849260382088382215e+01
2.693543135022767032e+01
2.397228850557769775e+01
2.167352986916404234e+01
1.699861547705927478e+01
1.052549939062099682e+01
1.351080205008374335e+01
2.885561263950269151e+01
2.942905131328624080e+01
1.121789070259635679e+01
1.352257975157703029e+01
7.044675587953516072e+01
1.906596161715371807e+01
8.880802544395400844e+00
2.768506452839794818e+01
1.925312924267488413e+01
3.473117831882088069e+01
1.485750362269918767e+01
1.085758501344575961e+02
1.648673944347788733e+01
2.913005076119944903e+01
4.506731256982548928e+01
2.219254276591119179e+01
1.744636502453938220e+01
4.366351824542253723e+01
1.141909351496762781e+01
1.869283713946475700e+01
2.071818630634870573e+01
3.374189515984498655e+01
2.627254140526321180e+01
1.966654015694599167e+01
1.583753094024786812e+01
3.569023382044595394e+01
1.628353805732348860e+02
2.624326441165310086e+01
2.748471354466673233e+01
2.876089211652099564e+01
2.688801667652542449e+01
3.464870065896032969e+01
1.656424769896221960e+01
1.765381402928894516e+01
4.057884335517908880e+01
2.130590020801842144e+01
2.341471026226871999e+01
2.494534090568505391e+01
1.105260929713523765e+01
3.463100481346621962e+01
1.428822053863770947e+01
4.270339423888380992e+01
5.169003147864134462e+01
1.781705120391952590e+01
1.124378396375981737e+01
1.810925525845843254e+01
5.313065711162990112e+01
1.328522766753535791e+02
1.536235421475181795e+01
4.360695427348744602e+01
2.300906378533050400e+01
1.064906536598672915e+01
2.288342921137522978e+01
2.966597335883009379e+01
2.035620509081395468e+01
7.915340583188661583e+01
4.019845559819494696e+01
1.093023494537490947e+01
3.068679913087710531e+01
6.986234943161325361e+01
2.720827874325031814e+01
1.337361131401130265e+01
1.816672659879479568e+01
3.436255757763014174e+01
2.442056240242798637e+01
1.496058977042686777e+01
1.198376627773843239e+01
1.972329930977209500e+01
2.257297533441384019e+01
2.545585741483939302e+01
3.990010973907303082e+01
2.962419397607652982e+01
5.107198804173256690e+01
1.409305694070270931e+01
4.035478973168567052e+01
3.281518875449412320e+01
1.272463580413401196e+01
1.939078011989877126e+01
2.349744755535520824e+01
1.893710202436862033e+01
2.740358984132842579e+01
3.650803032392072822e+01
6.545270961045424940e+01
2.280134238877493402e+01
1.697937602698358361e+01
1.539158981080494470e+01
3.435570706857049572e+01
3.112691535520468733e+01
2.234889336029213069e+01
2.473865163744488882e+01
2.145844329294007480e+01
3.159853200735803824e+01
2.528713404020978572e+01
1.453180199206310697e+01
3.487647629347189593e+01
2.881204412271199899e+01
1.667852811045609585e+01
1.482093771088355538e+01
2.854595648960571452e+01
2.816500615177885436e+01
1.051303888638101647e+01
2.954152031931395328e+01
8.641850959462434645e+00
3.448324486264593247e+01
1.430814146165574385e+01
1.750301784697896323e+01
2.787618957013717136e+01
1.829886060270595038e+01
6.627592588507873472e+01
4.806676464608138133e+01
4.484042788430780035e+01
4.057025951877904646e+01
5.430571994272984426e+01
3.068474998511816665e+01
3.633400732372204089e+01
2.373642116432353077e+01
2.931369609233411921e+01
3.892205430542827571e+01
5.577843465106445464e+00
1.758177759407933394e+01
1.308810622442623561e+01
1.708933646054132893e+01
1.371802867349108013e+01
1.987094424215292676e+01
3.592236896686310388e+01
2.837397827769464698e+01
1.879065371579186561e+01
2.055493822163919759e+01
5.868877509993686203e+01
3.899793369230837925e+01
1.269656264551303693e+01
1.709249788607674958e+01
3.783092326695503971e+01
1.701156253993444523e+01
1.015453005956462640e+01
5.051605628300926298e+01
2.117212185897662735e+01
1.635779396989678247e+01
9.687908229894302892e+00
1.800810752572954598e+01
3.307213478995069522e+01
1.773012773723486646e+01
3.704224790813620416e+01
2.233685079432551035e+01
6.972774552471069143e+00
4.313647970893583050e+01
7.506176990988127784e+01
3.099237549864070118e+01
7.849291362125637761e+01
4.669036288897817144e+01
3.923864940321237782e+01
3.351729180446515954e+01
1.483369272577844100e+01
2.277158638742955787e+01
1.921798736068465274e+01
4.115192532593682273e+01
3.476561146736091246e+01
3.763248205638960542e+01
1.780650968339141116e+01
1.124887781787579222e+01
2.976847093134092503e+01
1.724162251713126182e+01
3.058799559654703870e+01
2.243258821344780074e+01
1.379546264561557578e+01
7.318390148739368328e+01
2.197181305685523256e+01
2.612896394143525569e+01
2.556662763725416809e+01
3.470540936724685821e+01
4.064125621275730538e+01
1.775317952278582823e+01
1.302078400588689533e+01
2.124739099950726029e+01
2.572243390691368603e+01
2.199272345206703250e+01
1.523020470910753410e+01
6.506672139757596085e+01
1.807722580651316235e+01
2.575815055144293808e+01
8.186721793494982080e+00
2.419276203424302807e+01
2.629329873341560386e+01
3.386219753787368347e+01
1.808849956804576919e+01
1.934300518884922582e+01
1.813529959204345232e+01
5.540974450636918647e+01
9.436003556002605208e+00
4.429250312201916273e+01
1.935176900999707783e+01
1.052133258624467338e+01
2.131578050657364543e+01
1.239665579346658930e+01
2.605386445666582773e+01
7.786449228680766055e+01
4.553073433783571033e+01
2.711520485576921402e+01
2.079918906171958781e+01
1.754241519551010242e+01
7.030786575497552704e+00
6.602655251374662271e+01
5.172598523576345997e+01
1.608074744253000432e+01
2.147115712540891153e+01
4.292568210435526055e+01
2.049176372082105502e+01
3.109845717320579084e+01
2.662273477448987080e+01
1.096274854467833819e+02
1.327619005578322486e+01
2.599867385321851998e+01
5.935063720991294645e+01
2.231523373208657546e+01
1.513634839441271751e+01
2.797443260526975095e+01
3.276310176964955190e+01
1.322781856971409553e+01
3.070140415039073645e+01
2.465695064212716403e+01
1.467352591157111519e+01
1.265704010916568834e+01
7.445660305021766234e+00
2.104347520753656653e+01
2.182276678040677353e+01
1.453150793192822476e+01
1.884473179892101768e+01
3.323268364248200868e+01
1.839572935611393589e+01
1.203848623081544247e+02
2.674942997886049767e+01
8.237594456009439625e+00
5.860515770299532790e+01
1.282297735344354450e+01
1.750292493723185316e+01
1.272512012306347984e+01
1.985528631173134073e+01
1.122223357503771268e+01
2.399305844311284730e+01
2.009628840738627176e+01
4.377787009316816125e+01
3.909589898427579868e+01
5.890777773477387314e+01
1.426863785459128309e+01
1.564428131061609939e+01
2.287434694911991073e+01
1.397978742853837275e+01
1.191833120243819266e+01
1.305140312455332285e+01
1.723931424923371480e+01
1.710317332792743628e+01
1.945649962068920757e+01
6.794562181567913228e+01
