3.905115708270550812e+01
2.214715766726325441e+01
1.917997951954580316e+01
2.878254009911868039e+01
1.485289505235755136e+01
2.830412444368880642e+01
4.068603978224651030e+01
2.113349116642701020e+01
2.810153143879195525e+01
2.100874676242115058e+01
1.206255478507265977e+01
1.555352922255820580e+01
3.876770407920929529e+01
2.586783233510883306e+01
8.196052396495550951e+00
2.516692879597336230e+01
1.940027216859951054e+01
1.274311736455492117e+01
1.311643621392996018e+01
9.616434328502062812e+00
8.892202396482522531e+00
4.920049532002744286e+01
1.629939573021932375e+01
2.046854221323674849e+01
1.353125027417903148e+01
1.131435135079203462e+02
1.234671265887390668e+01
1.141847790372098714e+01
2.797713401232633501e+01
1.940887672498892158e+01
1.798842659795485588e+01
7.190586982728481757e+01
3.213575892765562969e+01
9.025032628558001591e+00
4.705811584630659894e+01
1.162204915040140918e+01
2.795043704876034241e+01
2.749845246052154124e+01
3.392163069435926559e+01
2.556069140178774290e+01
1.121811823597847813e+01
2.117452528365441822e+01
5.146220192418385864e+01
5.403589754711563131e+01
1.637133607554959625e+01
2.214146784379528299e+01
1.180726948258332243e+01
3.037815142565050763e+01
2.334244828773888969e+01
1.335853837260243893e+01
6.221900736275163979e+01
2.781366982635026019e+00
1.783646920805392000e+01
3.691865276898541737e+01
8.418322030004539158e+00
2.985369773962725759e+01
1.117608724257227415e+01
7.376568460006328820e+00
5.501346829703994246e+00
3.633061025206117733e+01
7.265484683064947546e+00
1.257924579362003037e+01
9.499403995936184231e+00
3.920236238348770286e+01
3.218697814311448013e+01
2.980100849346196767e+01
3.554730327717923899e+01
1.118005668051900159e+01
1.176704772932344945e+01
3.976732689341280746e+01
8.114474148562132783e+00
1.436709119207447571e+01
8.074400215441005457e+01
1.355543042492601380e+01
5.419962716201771968e+01
6.148494056752729975e+00
1.841528874184667686e+01
1.614396756536920208e+01
1.805305254872978438e+01
1.047921777752640260e+01
5.642579482641703947e+01
9.709288939700355670e+00
4.090412952925943202e+00
2.743780021669116209e+01
1.073107586366188748e+01
1.135816562884562231e+01
4.397888374597577865e+01
9.429589903543103446e+00
1.217725438274846539e+01
3.482932376939547225e+01
2.198439775269109830e+01
4.307983421341173624e+01
6.661692291915500164e+01
2.453366190918876910e+01
1.375691952941910223e+01
1.679734427854389978e+01
2.447044174450773824e+01
1.598753741318392585e+01
4.269303968156337703e+01
1.868548640608763023e+01
1.695348782029053325e+01
2.992455799615173717e+01
1.065405035971037506e+01
2.364754250476392627e+01
4.012866426234128880e+01
1.542060633710485362e+01
1.787690980724384104e+01
7.963195537535628432e+01
1.439341106249283797e+01
4.464150734410198496e+00
1.727790818553357610e+01
5.557592110275797914e+00
2.923541274436905724e+01
6.778948419523805669e+00
1.443149304677298872e+01
1.406621316141142763e+01
3.565106787391647458e+01
2.347929481346398717e+01
3.161430472201147523e+01
9.986539043353650058e+00
1.107874583279878777e+01
2.091008947503340920e+01
1.556897418462590643e+01
1.683908016759459159e+01
9.503408578565165854e+00
1.002520694740838714e+01
2.429947220269504982e+01
1.769997186171719505e+01
5.276172042079707580e+00
2.286563016083481514e+01
4.104806211804635296e+01
2.244971758715468368e+01
2.517272230891537177e+01
2.209740661774666393e+01
8.470965617122857338e+00
1.518717551808774502e+01
3.280883471445540067e+01
3.181048543494086545e+01
1.087698082528641841e+01
2.964611083212713893e+01
2.001132786053539547e+01
7.454629286746799721e+01
3.539299913711889900e+01
6.607968989982575181e+01
3.118811040656746769e+01
1.384920257160403168e+01
1.073971161869701518e+01
8.160801152500255284e+00
4.342567323127370571e+01
1.251643603860001441e+01
1.070202000763309869e+01
7.185838395652822008e+00
6.054900092271619627e+00
7.563954894649585370e+00
1.315676796919384905e+01
1.236674152584655495e+01
1.541704420832789424e+01
1.522828517396668957e+01
3.156103091731212018e+01
1.136035075623684421e+01
1.055989126226749022e+02
9.521438892440295731e+00
3.438072956643825506e+01
1.771095429915446218e+01
1.748232900817439273e+01
7.402346057318867167e+01
3.455883218881314178e+01
4.080256289138088022e+01
6.032658578578001851e+01
1.896078335892602240e+01
2.683743315844059296e+01
5.797582657446459109e+01
8.488909009858893739e+01
6.921243834159421127e+00
1.001047100836833792e+01
1.186283855497613260e+01
2.041150644009487891e+01
1.182268562436300030e+01
1.978927242793485419e+01
4.983238990670192692e+01
1.570178156498415234e+01
6.909170771531897515e+01
2.078450291444514519e+01
9.851904996235144552e+01
3.751603079317363143e+00
1.736602635977919462e+01
2.102130425094816957e+01
1.684727552445108145e+01
7.548426545275843580e+01
1.365408323477771013e+01
1.632238637242113910e+01
1.511054021226647137e+01
4.397339000893448713e+01
1.027924768244366405e+01
3.866803054338370060e+01
1.358500302440997487e+01
2.383637199605769652e+01
7.239630939588534098e+00
3.209468513620318220e+01
5.828823085759708533e+01
3.770690300299324349e+01
1.479291530092197071e+01
1.708106825832807019e+01
2.656576061350060769e+01
2.489144619880276466e+01
5.777369636403276054e+00
6.194833667908816288e+00
8.355914626556987912e+00
1.822830607665362379e+01
2.404812516191978844e+01
1.167389100597651463e+01
5.539021899519136483e+00
2.014445724574663998e+01
3.932007593030837711e+01
2.187221399824758095e+01
1.686233837794446089e+01
8.337957566448675095e+01
6.027733845321718320e+01
6.477420483969856946e+01
9.942695300374438716e+00
1.462368167005625530e+01
2.082887017671026442e+01
3.075160827564750932e+01
1.627655948679367270e+01
1.141328490093250636e+01
1.407231159873759552e+01
9.100109014705827448e+00
6.448641798148669224e+00
4.879871920777572569e+01
1.404842263728349749e+01
1.083806568907728263e+01
4.380157211086103075e+01
2.402222546508436096e+01
8.887400416971523498e+00
1.936953224909022708e+01
3.013588205348219873e+01
4.947602748665288708e+00
1.568801072198864688e+01
1.417520888190963113e+01
7.207970675938583760e+00
6.726425300177349520e+00
2.979086544764271594e+01
2.863261866206565642e+01
8.468759987807429113e+00
1.231658681359008867e+01
4.753637020329049534e+01
6.068239757654109923e+01
8.561691111408038068e+00
1.506879628503173940e+01
2.331068094338576557e+01
3.460935146788249028e+01
3.132732340725126008e+01
8.795731522339721664e+00
4.553919858214828054e+01
2.736054099173932030e+01
3.444014752292235215e+01
9.077124137016106431e+00
1.723571548571720058e+01
9.417088138119995122e+00
4.682976502171936062e+01
1.254493412163570554e+01
1.235578730007325099e+01
2.787689250927966356e+01
1.461226090236368869e+01
1.537742481531490668e+01
2.062406570750440693e+01
9.039771073359432307e+00
3.229838880850211069e+01
1.835680685188225425e+01
2.287234114929949058e+01
8.676772554182273112e+00
1.825727241239212617e+01
1.784699980943837261e+01
5.504087492568216078e+01
5.750332300350998516e+00
2.338302967884279226e+01
2.222014622590299737e+01
1.102995801641615792e+01
1.203884618742382884e+02
7.276438955262231900e+01
1.965410844926782730e+01
2.266849281912028147e+01
2.521467130598415451e+01
4.508203030430745883e+01
1.897004567774684247e+01
1.868917536763738241e+01
4.536520639952193790e+01
1.070869970612541877e+01
1.410206278101208888e+01
9.514140608383673481e+00
2.139548053655877169e+01
2.330932359344689431e+01
1.062249173416538461e+01
2.111727466618195592e+01
2.024988247093553895e+01
1.211131330991923605e+01
1.510589804477592324e+01
1.596716437281330592e+01
1.830308679657116144e+01
8.446008830877386231e+01
2.166522248739907752e+01
6.847371204076778461e+00
9.722742081390592261e+00
1.699079252057861211e+01
1.664024444050449603e+01
5.312265417979774895e+01
2.063967877921399818e+01
5.122380637576758033e+01
9.381512941234475988e+00
3.620648145056584610e+01
1.142354675108535922e+01
1.792754470458862315e+01
1.062448959070709797e+01
4.505601765144765380e+01
1.279504169435211480e+01
1.562924526861510444e+01
1.866064887832341768e+01
1.679366767452648546e+01
2.176092822046230424e+01
4.358229237483904939e+01
6.706298250927309468e+00
1.137756261531830049e+01
8.783012296560822563e+01
5.964351273512135521e+01
7.845205875654232663e+00
2.232850063214348779e+01
2.642975666636157683e+01
3.493813718905925469e+01
5.334109224870502430e+00
1.505854441565418611e+01
3.195331332721419315e+01
5.026890300084426855e+01
2.407587225462745195e+01
1.686436893961342065e+01
1.029701524832746529e+01
7.789248017223668796e+01
1.169239963545766159e+01
3.120912241028626966e+00
3.481416100838294625e+01
7.285434330800455882e+01
1.551977113196736902e+01
1.312087312419245855e+01
3.090995483772625718e+01
1.711067489606269021e+01
3.015615933959047013e+01
2.875857478338193474e+01
7.951352271852549336e+01
1.089553101801782553e+01
7.590817525714671277e+00
2.166481289570475610e+01
1.857416740488597995e+01
2.121701849862341049e+01
3.714407746785479247e+01
1.722713127596093940e+01
1.775037709196975300e+01
5.929059785377897640e+01
1.812779694151648613e+01
2.684372642767732486e+01
1.018943211776597302e+01
1.937060912069999574e+01
6.855650200453483833e+00
3.637069808018835460e+01
7.732346613311420924e+01
5.646649091202759507e+01
1.463474290934833633e+01
1.038101951302187231e+01
1.010855525290532420e+01
5.470106321226815282e+01
1.888961071766440725e+01
7.148817780904908048e+00
1.635567715601276362e+01
2.522598644020258263e+01
1.365333102673778498e+01
1.482087043603602261e+01
7.087210031492578999e+00
3.404137147828340204e+01
1.385103876356388142e+01
2.794920251294637481e+01
1.427259991411251328e+01
2.756983682364737120e+01
3.354991199692116766e+01
8.192193952759435405e+00
1.276602008052659087e+01
2.457446166379178720e+01
3.570819808055099287e+01
8.935644044197692892e+01
1.597718553296907196e+01
1.723445195954603193e+01
2.282885382261642704e+01
1.331274024871645878e+01
9.274817837483778860e+00
5.668670456050055861e+01
3.001890380120128299e+01
4.292373059046620654e+01
1.932142800091635593e+01
4.094886621255880499e+01
1.707524518488423126e+01
2.433338234107706199e+01
1.061476247733734546e+01
1.373954184487214825e+01
9.531044569247654863e+00
2.932081470828151737e+01
8.149567272660846129e+01
1.466738434145610448e+01
2.022154289502039859e+01
1.057385539457795964e+01
3.330350791939654442e+01
1.099275401059667168e+01
1.260563256843530588e+01
4.406756923591471065e+01
2.475597837829018033e+01
2.839783177573894335e+01
1.310308179387844163e+01
3.260507994304408896e+01
6.197443854176283295e+00
2.326739586576043450e+01
2.161302296110036991e+01
2.964424540410941944e+01
4.370002547687405325e+01
2.597838457100223764e+01
3.582703501386064460e+01
1.035288026645041413e+02
1.694571810986201044e+01
6.372776523831320539e+00
1.389835699617378673e+01
2.613504764777512079e+01
2.668728861013257259e+01
8.631337519891429721e+00
1.377203798956452729e+01
1.431816186905500743e+01
1.866688700619650376e+01
3.543931526472668025e+01
2.603553019057181928e+01
1.000822582213553957e+01
1.598907836614651501e+01
2.624077754700983434e+01
5.374185358106984722e+01
2.010914181467606454e+01
3.615032494731774193e+01
2.369991380656160374e+01
9.967649580033207002e+00
7.987006161883416056e+00
2.727518525100931868e+01
1.700268896649148687e+01
1.275292298255441992e+01
5.448040959990943577e+01
1.605021526739272275e+01
1.110656039892491798e+01
1.001127555980525941e+01
1.048612996342770032e+01
5.257945797033131896e+01
2.655349053165871354e+01
8.494629798123099818e+00
5.496546752675602221e+01
1.599638044165242867e+01
6.843011675124783366e+00
5.386742139538721830e+00
1.786364635536531580e+02
8.542538200471966547e+00
3.608612930099836547e+01
1.957086799281735168e+01
3.928375389933228234e+01
2.999978705086874697e+01
1.471701234345978264e+02
4.000965771587275555e+01
7.475338464286608087e+01
9.859651164329694240e+00
2.964374571387423529e+01
8.707377702121409158e+00
2.212112601403926959e+01
3.661447688325173289e+01
7.414150983543527751e+00
1.472243208449667584e+01
1.052403107837215401e+01
1.514569189315252906e+01
2.276701841838692530e+01
1.814416202609699269e+01
1.742692341351090235e+01
1.492967497905367580e+01
1.355067288926956159e+01
2.103095333068829120e+01
3.163880691400426670e+01
2.123579898885975226e+01
8.926487915068619827e+00
1.077912541296269211e+01
2.691992054594869543e+01
1.248629390241965531e+01
3.191606404323808022e+01
2.274507369941773405e+01
1.068319385141863087e+01
1.176486943351279102e+01
3.322245891083127844e+01
4.131082637248997713e+01
2.864382493966410692e+01
2.393386437410097756e+01
1.144053252696868483e+01
1.034601925594782124e+01
4.237948533707641019e+01
3.832870862107354526e+01
1.797084678074746122e+01
1.443025846408916379e+01
