2.397816324929386411e+01
1.204063620273792878e+01
2.466653900410542377e+01
1.177009704382384392e+01
5.226969923955768849e+01
2.005387189216228805e+01
1.142062738999698368e+01
6.753828651000927330e+00
2.210330969165607229e+01
7.841394907303997464e+00
7.572233358344520582e+01
1.138008314408156174e+01
1.144165614265486397e+01
5.083524157268873012e+01
9.223696057519278213e+01
2.573503507388540257e+01
2.600047120727383287e+01
3.785641430893456061e+01
4.596438678246700249e+01
1.902674989052978205e+01
4.274779628131253162e+01
5.160653705402978630e+00
5.426525674950603673e+01
1.668113562562560404e+01
2.936709131934004446e+01
2.619045599816177017e+01
1.313974888133903995e+01
3.342561043752857586e+01
1.147600082934171795e+01
1.140710951510937043e+01
3.008511107440364185e+01
1.689526563759087097e+01
6.409571443479515551e+01
1.223955876406403576e+01
1.326614080938015938e+01
7.623559419027262862e+00
7.018955010609614575e+00
9.070071195221783000e+01
1.422272248636340350e+02
7.283352028054133953e+00
9.794794004921310915e+00
1.926694055677521789e+01
4.107362159662475420e+01
1.473746136240993820e+01
6.587811516027817227e+00
4.036512135985885763e+00
9.189185536916239627e+00
2.263985482898368673e+01
1.851476136314438037e+01
9.242546025954177935e+01
8.593915533644260307e+00
1.815114469459235025e+01
3.111380091998563202e+01
2.188046436302659359e+01
4.164409832748783913e+01
1.812274962826800362e+01
1.406062480368205314e+01
7.353256252551364014e+01
3.997646327899049368e+01
6.044803217960508235e+00
1.704854830357786710e+01
1.937318668630414820e+01
1.231656396493190897e+01
2.539080264701644651e+01
6.207532728111682729e+01
1.884316303382246005e+01
3.177608786878134417e+00
8.592471371486348986e+00
5.113953734426574016e+01
2.190259794938297944e+01
6.230973316420553410e+00
5.563957795725544742e+01
9.384282226031185559e+00
4.360070699862300359e+01
6.359017580304497130e+01
5.977781179724179594e+01
4.916790839468821162e+01
1.831343920814494908e+01
2.719680469503090592e+01
5.578593472561046696e+01
6.347557928227883117e+00
1.077359513651792966e+01
1.052972921762205516e+01
2.751147840858512339e+01
1.288529161854038207e+01
3.832388326042431004e+01
2.693528936136948104e+01
6.892891146173631967e+01
4.154398862368209322e+00
1.410791920974460254e+02
1.264529015528841960e+01
4.105440840332059338e+01
2.954541736804634411e+01
1.626188167330837331e+01
3.680976019568148239e+00
2.086171430152214867e+01
1.319263259323445325e+01
5.462843953985618839e+00
7.798495306126253013e+01
2.142910179380120894e+01
1.177080856269754960e+01
4.255131666973356097e+00
4.230449448121343892e+01
1.876243895506163994e+01
9.447266659660938259e+00
4.924754446007793263e+01
3.410366623614152815e+01
2.803008635432561491e+01
2.393849145574052173e+01
1.839597848002668457e+01
1.406149288951936782e+01
2.490383314152324701e+01
7.683800968056559100e+01
1.639874324760110724e+01
1.720030600385282327e+01
1.464487865036918990e+01
7.724109889719973587e+00
2.246868457830193933e+01
5.431446957775444062e+00
1.201876698454180925e+01
1.767322094702820579e+01
1.160402467444505525e+01
5.603393733670589683e+01
1.133410978950303161e+01
6.691234186048655275e+00
1.743991351121283628e+01
9.099408746620529342e+00
4.185938718726847974e+00
1.419366194150198979e+01
1.804834217721416678e+01
3.388546264830613097e+01
2.497753113479760856e+01
1.370343109210348587e+01
2.657403267466533237e+01
1.064669058184251504e+01
1.237844056040190210e+01
2.789201420038682144e+01
5.440679329043320678e+01
1.708365775863923730e+01
1.679652443898089942e+01
1.575022567214013236e+01
2.160444635113120881e+01
1.105263277443024208e+02
7.766221810502618439e+01
4.838115609374159476e+01
8.473038930102987365e+01
4.489889068060670496e+01
4.401232465558256735e+01
1.923229919501815033e+01
3.912917042465745965e+01
2.688139666947210671e+01
4.066385425774263496e+01
9.194875699345860198e+01
3.167139221235207458e+01
9.524511376412410968e+00
2.262652388813450699e+01
5.662454562868755659e+01
2.952923600228821499e+01
2.256742902300818798e+01
1.779546192132295346e+01
4.233028180535819018e+01
1.216998907560638443e+01
7.014770553629885441e+00
3.243235752954032591e+01
8.237774667721655675e+00
9.290784717204942922e+00
2.487783839136266550e+01
1.656265481392638890e+02
2.708603356537093987e+01
3.027826837682475514e+01
3.583664123711131566e+01
5.814887105623256502e+01
1.091589072312236475e+01
1.966781507788261862e+01
1.808352484668301230e+01
1.006435309444838566e+01
6.270031747041321601e+00
4.719472103813761521e+01
1.343891118334734003e+01
1.720312526848153567e+01
1.687810442446060222e+01
5.219791117470420261e+01
1.865646592483314947e+01
1.108717492735661381e+01
1.080851266722640958e+01
3.228232738389926482e+01
2.407474275639802386e+01
1.790947029032738769e+01
1.105219596748737310e+01
3.666083924350253653e+01
8.032085367127582032e+00
9.818894785465360542e+00
1.781805716914209370e+01
4.185455949925627195e+00
3.778944486910965139e+01
1.960533003424804122e+01
3.652694109109758358e+01
1.727855424157568009e+01
5.883753849495236921e+01
6.845134167062507657e+00
1.651811488435659214e+01
1.416020084932340950e+01
7.622913792732558136e+01
2.143107190422462338e+01
3.518392228435354241e+01
7.606350654701938652e+01
2.742715902833127473e+01
3.543247582866926848e+01
1.317017024164754559e+02
1.032052281072789128e+02
1.791836304592127149e+01
3.999793955968146264e+01
2.173523196452344308e+01
3.724835876722058003e+01
1.308504232188043659e+01
4.595446154727690669e+01
4.644066986807720099e+01
1.618969503108417030e+01
4.913145550340687606e+01
7.976962413831758525e+00
9.605595954682110360e+00
4.037149767014244617e+01
4.163690875267124447e+00
1.129564396850071617e+01
1.012649268666621083e+01
7.127916696589676526e+00
1.116340084051072878e+01
4.769908799262868371e+01
1.565675640402597857e+01
1.416873419332651807e+01
1.822971758684276722e+01
1.263288923442175005e+01
6.025956531702762931e+01
1.754179484450722981e+01
3.290030979768443586e+01
4.101546640694240864e+01
1.823575761975622100e+01
9.169707761012199398e+01
3.790508720117658470e+01
2.716974000587832094e+01
3.455817989981661498e+01
1.577573647867570550e+01
1.532837616037047468e+01
8.376256011792683864e+00
1.394396120492649160e+01
6.737115949478276633e+00
4.638468309054989192e+01
1.183606384049849680e+01
4.827361539970812743e+00
2.540414519866011744e+01
7.864675371481067145e+01
8.416210977541403793e+00
1.598682158131536646e+01
1.954579351500375139e+01
2.320218135565679418e+01
4.893316957668911726e+01
1.477860857675025130e+01
3.399567784438008289e+01
2.740530744908698324e+01
7.860007557199604378e+01
1.913894298845122677e+01
5.035547225239773894e+01
6.717496010807322726e+00
1.460890636369742523e+01
8.940342102311426231e+00
1.001102851794816573e+01
3.084680460840915117e+01
7.230023746442956423e+00
4.952159204883440680e+01
4.140512802059612341e+01
5.619606265388810584e+01
8.533908680466986141e+00
4.300013448031548080e+01
1.641012831431994812e+01
1.791518524404377288e+01
2.352540947932318716e+01
2.371718458514687455e+01
7.807118218695650924e+00
5.075811009505795113e+01
1.011381648169094660e+01
5.313411727601057777e+01
1.390164182476097210e+01
6.046148935272165659e+01
5.036986539175876132e+00
1.736949904002868550e+01
1.404422124094235791e+01
2.005808519306293292e+01
6.583541678719982748e+00
7.198089284819025124e+01
3.183837893036425015e+01
6.916905908997520669e+00
7.214618935072374839e+00
4.272499433661886314e+01
2.614781499912682250e+01
6.573449867165889771e+01
8.227551275518342422e+00
4.480085220069705088e+01
8.853672103668133175e+00
1.138512964572541897e+01
2.483836102234369037e+01
4.988668268006227891e+01
5.920714520062145603e+00
8.685797877936687428e+01
7.794136276380607242e+00
3.297351517201201432e+01
4.053472314211492034e+01
1.021820133035501499e+01
3.588419415734578877e+01
9.334705975438370729e+01
3.663481146867830773e+00
4.271704861475413395e+01
1.074690848494026874e+01
2.566953957686364873e+01
8.436028175110438454e+00
7.693670929942419079e+00
7.014391499984900413e+00
5.412987897363844070e+01
3.950142962720839535e+01
1.274785348217351988e+01
3.545377175242818168e+01
2.396323760187177498e+01
1.063250399677890812e+01
1.792489008760571068e+01
2.307425807661432060e+01
1.020804452827798059e+01
1.304147309752567629e+01
1.591858290803346954e+01
2.527920261334712748e+01
2.401084715578192430e+01
2.395277781531004990e+01
6.317701497272926403e+00
1.657472571695828378e+01
6.372865402937591739e+00
6.906804565314766720e+00
3.419425255946810438e+01
2.199404400442302077e+01
5.068829711684244899e+00
1.592243799699737679e+02
1.068708320725973060e+01
1.353464784146721200e+01
1.458009871342915353e+01
2.338032986714792827e+01
1.731742806809468860e+01
5.960487243202278762e+01
9.561922948688204471e+00
4.418377558825131501e+01
6.823955372191837121e+00
4.251873069637186120e+01
3.485725568260244245e+01
8.713648370794107478e+00
1.040095315137473619e+01
4.230184652418064672e+01
1.980120990097298517e+01
4.388655545914171796e+01
1.914862017921531034e+01
1.385730619169170197e+01
5.380566131554421361e+01
9.048034761162375261e+00
1.569630318925237056e+01
3.652105202126053740e+01
5.997840273249502729e+01
4.330844137170007713e+00
8.404258753473540011e+00
5.579515473967427397e+01
1.630021153395266609e+01
2.573898841777771196e+01
9.519887242994229837e+00
2.156187362177986699e+01
1.812167379653346089e+01
4.258072245415240786e+01
1.964839060882239963e+01
1.383351816604695728e+01
1.588390744933043663e+01
3.344790784215022228e+01
1.416678552262007784e+01
1.645474634680638815e+01
4.013616634138026029e+01
6.469718924705365737e+01
9.121785344731675593e+01
8.604790368882497376e+00
1.412780672899314993e+01
1.322561463444138319e+01
2.708960352297138385e+01
2.437326732242935279e+01
1.332897921240197014e+01
1.354060028690263451e+01
3.507650362363966678e+01
2.603631279342264548e+01
1.187536909736941837e+01
4.914683112077813121e+01
1.177858379479126505e+01
2.823365575949289905e+02
4.796559257248223673e+01
6.465115962493945823e+00
3.295006954700841817e+01
3.366591955660307889e+01
6.308389145848761537e+00
1.563430161882784830e+01
1.986819304441705469e+01
2.420559747313388854e+01
1.952329290324247779e+01
7.410027348274742565e+01
2.016375635384817500e+01
2.711522414173938955e+01
3.753671646596292533e+01
1.281728913018599947e+01
5.612338460196111711e+00
1.041929687578318209e+01
1.743061296171436680e+01
1.166460205596895960e+01
1.461615732452806604e+01
2.159664749797424577e+01
3.720467826838175540e+01
3.477425961585760206e+01
4.509347662939518386e+01
2.081237589537006727e+01
3.410965499208289842e+00
1.290701344963579622e+01
2.013107324285951449e+01
3.641644757860517334e+00
2.396100448888077494e+01
8.915003678284453059e+00
1.499952746837582040e+01
5.196191272219476964e+00
6.632725205876118579e+00
6.522847279600458137e+01
7.664434880951456641e+00
1.707266968515752836e+01
1.171014030854472878e+02
1.403742270838981732e+01
1.269829786953773265e+01
2.554593721114595439e+01
3.578241493463033862e+01
2.105129457488408562e+01
5.539140355522190085e+00
2.323318399315440530e+01
2.449116304344104122e+01
8.862103766004274519e+00
1.608043196522671536e+01
1.910962311120991330e+01
1.255466776333914325e+01
3.392025237831867912e+01
5.421979199377212844e+00
1.192466602197155900e+01
2.772479785773083627e+00
2.562429999908532352e+01
2.090395838723718924e+01
7.308092074793394843e+00
5.382001702807180266e+00
4.092288484393254322e+01
3.965206359941082326e+01
5.126403575249634059e+01
1.754079360034565838e+01
4.755081464038624972e+00
3.941670724645182755e+00
4.219333969078292768e+01
1.318399387081734098e+01
1.923139278348870818e+01
4.003055439192580423e+01
8.860793637273106427e+00
1.249215574794430594e+01
1.592547616356258189e+01
1.080420183027665928e+02
5.988037038682656998e+01
1.462287374682600927e+01
5.893684050493297022e+00
9.204886176293481270e+00
6.324412392317735510e+01
3.281725857291935888e+00
3.310947369214468239e+01
6.484024373040104194e+01
1.896956549150456084e+01
1.860988917079713900e+01
2.784182343277921845e+01
5.981040861405080733e+00
2.652863436193159430e+01
9.258689802658894408e+00
1.353271678344953344e+01
4.391275416514706365e+01
5.087480830077947758e+01
2.073493890111770099e+01
2.025195554966587608e+01
1.257295745951627453e+01
4.001633960110345001e+00
1.955434646122011699e+01
2.426011635659267540e+01
8.096962539455827113e+00
2.246722867874844809e+01
1.322415258192317467e+01
8.894446793832511844e+01
3.888282811594022803e+01
9.970071868354462907e+00
2.788856362217455853e+01
1.660130670026826039e+01
8.063128341370639163e+00
2.030768818394080455e+01
5.690122254366036714e+01
7.646415515161439913e+00
1.665401042066133641e+01
2.259341885536893102e+01
1.275827140107666047e+01
