1.610283763994505790e+01
1.216444430944843802e+01
8.785421422977893258e+01
3.214865810294580228e+01
1.614375550565739914e+01
6.340740355833067277e+00
9.398795504181666161e+01
2.776317536648835826e+01
3.003878693169563974e+01
4.986467735993271333e+01
4.435591057210961452e+01
5.577501754103801090e+01
1.168651300618730104e+01
7.367862807919538071e+00
1.985194778971133545e+01
8.755968760917841820e+00
5.034246001351485233e+01
4.033816459785980157e+01
6.604651671505166632e+00
2.166684715991683774e+01
1.086779590778190219e+01
1.139804035612044970e+02
2.188404322657342860e+01
1.856955376436100380e+01
2.152401231040014196e+01
8.226684573909686549e+00
2.545344575068951798e+01
1.954779030971238640e+01
1.292029945538240554e+01
3.510581662540386816e+01
7.509248463377034000e+00
1.664649565516393181e+01
5.857898467947915577e+00
3.376934695177777002e+01
3.727897023983682345e+01
2.353598476108783544e+01
8.124470608037150043e+00
2.667669287489371044e+01
3.848023414241562534e+01
1.956132572048373675e+01
1.086171945054536181e+01
4.576289151523531018e+01
6.662287227230689268e+01
1.531656474679406799e+01
5.843821708611385901e+01
1.064600706403554753e+01
1.948622435779325457e+01
4.531864996798535117e+01
1.690673763221095527e+01
4.882365942971884465e+01
9.346083268175539160e+01
2.007646240530844040e+01
1.199153307612901287e+01
3.812858746775271612e+01
1.030420317916681405e+01
2.166563360017823570e+01
3.900210548289608425e+01
1.381668762955650109e+01
1.452794039036218976e+01
3.318735698272713819e+01
4.066861067824687836e+01
1.210269016775226802e+01
8.200911752671524368e+01
7.472798783770863906e+01
3.617395008463053330e+01
2.482122900810713872e+01
1.045012778052764268e+01
3.061784977858286538e+01
2.349221414119920937e+01
2.578500735229150465e+01
1.683049768415478908e+01
1.509579845547987453e+01
2.187272208173459376e+01
2.113267577029152733e+01
3.454091504257034018e+01
3.893126669373365445e+01
8.745798911132768083e+00
2.964903516565796338e+01
2.457527740864673760e+01
5.711156119803754905e+01
5.254341723518222551e+01
4.555294160737619791e+01
5.948093381994569029e+01
4.456370535107396336e+01
4.747307941481285098e+01
2.405014343683552980e+01
2.772412166673542444e+01
8.457281930089363797e+00
2.233761897184477618e+01
1.091363876968463131e+01
4.203722332405444462e+01
5.852975822396269123e+00
3.705616244091004319e+01
1.194747854405401277e+01
3.073691786044220109e+01
8.066603944815177840e+00
4.415561616264685796e+01
2.776096073450106871e+01
3.443802610500939920e+01
1.864544664225956794e+01
1.420515862582464983e+01
2.792508246870098532e+01
3.872699090911760322e+01
3.682204181776213403e+01
2.359868032074749067e+01
1.502212915678736849e+01
3.310238002766557486e+01
3.173055795846199700e+01
2.699154641059806181e+01
5.267464598592188452e+01
1.552400880102984182e+01
2.332781344980908500e+01
3.578936464619496860e+01
2.699746539584178606e+01
3.541989985794629092e+01
1.082299939824806323e+01
6.070008670415341356e+01
3.061706354237799133e+01
8.772276274951840591e+00
1.791511885946642479e+01
2.883669738023875695e+01
9.167120399450759294e+00
4.525129220148077991e+01
3.770081048673796431e+01
1.537170543618158902e+01
3.130310427766733739e+01
8.075880960561335087e+00
1.750496411761227478e+01
1.922822191084943100e+01
3.049648407190282740e+01
2.374842487163489579e+01
1.349265887339418590e+01
3.424068059751829907e+01
2.098440443699146130e+01
1.169748341888445964e+01
1.685079820068810008e+01
1.658875525862370282e+01
2.243783224351192729e+01
7.260946933669055525e+00
1.309798773064663457e+01
3.071725318725953713e+01
1.474818502370265172e+01
4.588007886035101279e+01
2.563462957879489679e+01
1.390514494070886187e+01
1.519811849136674198e+01
2.792035764225184380e+01
1.992589919175192392e+01
1.941664200868875412e+01
2.608631887798777171e+01
1.913932573970679130e+01
6.358800005530856225e+00
2.177028226579856351e+01
5.381246949044059136e+01
2.105296006094775052e+01
1.715591996564371158e+01
2.752692676797343552e+01
2.247783830705015262e+01
2.417931530693222442e+01
2.194569907359277749e+01
6.516311261611315331e+01
2.404440963185729174e+01
2.381296524925094005e+01
1.223248034669846263e+01
2.004909355399682624e+01
1.275402664145811471e+01
3.151145884029600452e+01
2.379765847887306407e+01
1.091278834390767472e+01
3.597709522536039373e+01
5.415150771690426268e+01
2.532063005427651703e+01
1.350623787706953749e+01
2.452985214651714685e+01
7.796000749621753378e+00
4.099209885433113243e+01
1.080307907163393466e+01
1.225327008300742726e+01
1.247468203278146248e+01
2.264599138324548377e+01
8.402133487007548140e+00
4.677478423163629628e+01
2.313060444189240528e+01
1.859503839822227889e+01
2.201904362834313389e+01
2.383588396933095765e+01
3.436731476259654983e+01
2.113316714541032226e+01
7.654331376589817637e+01
5.759047891835643185e+01
2.128351090697966796e+01
1.540362042759848649e+01
2.614687531203070137e+01
8.444262268447905839e+00
1.901686655944747173e+01
7.657930376779936488e+00
4.978858700902772938e+00
1.276918693889777501e+01
2.344725240613956530e+01
6.782752265026516625e+00
2.271451697975346207e+01
3.138364716322431036e+01
1.991316244858150952e+01
8.247999446267638035e+00
3.186614449861176723e+01
8.656407403806132095e+01
2.699704836851080358e+01
1.005037690279373486e+01
1.904334208723324195e+01
1.791167336791687958e+01
2.625430406609790168e+01
9.507006753476993310e+00
1.178315540376413395e+01
9.471715415908249724e+00
1.840740304112308934e+01
2.923520506586800138e+01
4.788014271293274504e+01
1.995470785066686759e+01
4.262825749157567401e+01
7.059232605521418691e+01
1.448905271851205256e+01
1.379889604801875009e+02
6.447000609554164541e+00
2.066648229687506344e+01
8.567115860927012605e+00
2.694901523571400404e+01
3.405202090685688177e+01
4.038143839506437871e+01
9.802128158727192897e+00
3.328821472139870963e+01
5.668604714929321631e+01
8.355290806955643745e+00
5.438519109612299474e+01
1.484913528521000714e+01
2.393794355945832919e+01
4.806578046687963734e+01
1.202896094488274912e+02
9.653856007482810142e+00
7.610599275676571907e+00
4.802744918833847976e+01
1.728625956989872492e+01
8.043097828335469046e+00
1.945879389526322711e+01
1.974154724255229354e+01
1.138974304872932919e+01
1.283339243313153410e+01
8.258403157321353660e+00
3.846405060517641061e+01
5.240165949311423788e+01
1.127777791659241480e+01
2.561551442116624600e+01
4.693546480736458193e+01
2.762761246171375262e+01
2.533695865633842459e+01
1.899781517931067398e+01
5.140571786828495249e+01
1.330328902376222544e+01
2.506496839565402013e+01
1.215557836223928945e+01
2.787255197722982913e+01
1.615221268942990918e+01
4.740695971754918503e+01
3.331491145920897878e+01
1.110617518098976220e+01
2.078115904647226131e+01
1.610770932214190054e+01
3.034442395033006079e+01
8.127302945251145161e+00
8.437174671474300780e+00
2.247247548066076561e+01
1.102386461014090102e+01
2.069024215420315898e+02
1.986545424387867698e+01
1.364048036950303455e+01
5.386799361717289969e+01
2.718626652896231377e+01
9.521839359969291650e+00
2.988346492217211647e+01
3.553758589569888926e+01
9.659683282594391684e+00
9.986485774343915267e+00
5.836750129845918345e+00
2.623402111217682986e+01
2.352143411075133628e+01
1.488561199488392184e+01
2.358622647994793908e+01
1.402808935668809731e+01
1.830584077111949171e+01
6.561290072796360562e+00
4.245347662980882575e+01
3.557534326132133629e+01
5.103799669386347659e+00
3.892130361172179143e+00
1.662552397720631348e+01
1.835428178748267669e+01
2.947693568151122534e+01
1.248706693081041408e+01
9.908550389343792730e+00
2.525391293846531227e+01
1.291617702132705148e+01
1.417862371146369327e+01
1.193214507984563078e+01
1.787004702144434987e+01
1.149619401424871867e+01
1.972491851933570217e+01
2.520583717869579132e+01
3.144929529241037613e+01
5.394811991877161717e+01
5.311673893038070915e+00
9.261767508785553105e+00
1.820598467810615517e+01
8.637321780636703750e+00
3.162596998728611908e+01
2.034683125795214664e+01
1.412484177318158629e+01
1.826163427736128853e+01
3.758699847386495918e+01
1.929759997885827261e+01
1.466287854149737768e+01
1.175606866491092717e+01
1.503788639200690547e+01
4.082873987189979204e+01
7.749072909174130608e+00
9.592706820167919091e+00
8.922037072090153842e+00
4.311373922218896837e+01
2.000612182490539226e+01
7.580221682805124317e+00
3.348117438144448954e+01
2.059738117957806125e+01
2.729341021088639962e+01
9.756230913491300782e+00
2.855040514459227907e+01
7.032844318113254189e+01
3.080486394268132955e+01
4.416053362770630031e+01
6.478729730592846181e+01
8.157832227762620292e+00
1.422577864330629183e+01
1.164532838336966947e+01
3.545568202931458046e+01
2.995345291218396255e+01
1.065744041878992121e+01
1.802382077759253320e+01
2.176651898109149386e+01
3.991796737448279231e+01
1.711225082628693173e+01
1.275755429772983973e+01
1.072963902998290564e+01
1.561959540827012916e+01
1.509718365679121632e+01
1.356426177591230697e+01
7.817226846672941321e+00
7.922683889706818583e+00
5.155170699649507071e+01
3.532664607358880460e+01
8.128600344655063736e+01
1.283313726518420950e+01
1.022860268975481013e+01
2.012092592469544883e+01
1.553642275815943563e+01
1.565424887715497704e+01
1.063605876243991943e+01
2.005175259710457070e+01
1.042067522284563452e+01
2.367638120550154923e+01
1.641257617892642529e+01
1.254530225335994942e+01
1.247838556240527552e+01
2.626675548902715107e+01
9.651742883679293783e+00
2.925339081550609066e+01
1.063042180164541151e+01
1.378087023644902409e+01
6.329934265160824580e+00
3.745687356616151931e+01
1.497169043103204267e+01
2.310253418182542617e+01
5.276085932661398914e+01
1.466415129566422770e+01
1.187918311726795473e+01
1.142931901430645780e+01
2.439772187476313903e+01
5.134947700227456835e+01
1.899516937722500742e+01
2.294127046695703598e+01
1.520969949729833459e+01
1.778578580588671088e+01
8.852510619233109779e+00
1.597528107961456456e+01
2.321238639775905810e+01
1.572110898689220804e+01
1.699385700801225596e+01
2.231508164500758085e+01
1.560243388218531635e+01
8.190964941639896324e+01
6.214457635701011284e+00
1.128559453861774386e+02
1.726734684196478753e+01
3.689570221011243945e+01
2.594352031812564974e+01
1.775449678622277006e+01
2.423424589945691920e+01
2.122323941155286420e+01
2.738036701502473136e+01
9.364232273386168259e+00
6.832917123457751707e+00
5.360669971611807227e+01
2.435209286700766995e+01
2.361204489300064324e+01
7.772601824803899717e+00
4.305957169166832443e+01
1.780494476575705676e+01
1.367780018575692793e+02
3.253935107866500687e+01
1.368843270171645976e+01
3.529129617306335831e+01
1.100083093587444125e+02
2.791488172037070825e+01
1.783910242957113468e+01
9.723114112266799225e+00
1.064865329618638690e+01
4.609602182193434317e+01
1.660502343037042650e+01
3.253731617571363444e+01
2.314971228404276360e+01
2.102088630704544414e+01
1.310816486862263446e+02
1.676724725840363561e+01
3.356003306526680063e+01
4.845058418740248385e+01
2.567818631995102763e+01
8.207299113408945246e+00
1.188472006944855508e+01
1.087930513575137503e+01
1.579658951209055431e+02
4.256229997857657565e+01
2.772405846775390970e+01
3.469309802541496879e+01
8.552468544838609432e+01
3.155575727803149988e+01
4.224952752833185343e+01
8.890069326389433257e+00
8.343314277412506641e+00
2.007329599935987119e+01
2.987748746665781141e+01
1.153071226855509757e+01
1.400199786301398674e+01
2.020166907372491494e+01
9.826628429275034549e+00
6.025902245407411151e+00
2.997999835775681987e+01
2.220717405849312343e+01
3.054801128367387264e+01
3.824662780351512303e+00
7.800448093203478983e+00
1.811193140335535645e+01
2.922836340051591719e+01
1.424592651488676509e+01
1.023775365485442279e+01
4.826238556314406480e+01
7.837323985456286835e+00
2.896473139435038036e+01
4.271258394469732877e+01
1.762121027350478997e+01
1.399992470862741456e+01
3.937720183286484854e+01
3.001106280543290694e+01
2.470386398898195068e+01
1.148530475935304551e+01
4.367006360157245837e+01
7.680920433634921096e+01
4.126015769770713604e+01
7.444566578807294377e+01
3.461168786469026060e+01
2.467191715701837040e+01
9.243210336966845020e+00
8.573576970096812744e+00
1.793800277121927422e+01
2.986210836919492095e+01
9.175892912870073914e+00
1.427541132825308523e+01
2.369713087027741949e+01
2.676817769451090712e+01
2.742072775965473852e+01
2.914639107528686157e+00
5.502968252724521392e+01
9.265815108911052533e+00
7.319264100589559519e+01
5.677399728598814477e+01
1.504806705645428799e+01
1.912165909163390154e+01
3.223016116450538959e+01
9.558485951772810907e+00
4.175085804962380109e+01
1.231043852970715236e+01
2.392262965367554983e+01
4.718091996199871829e+01
1.465407143744191742e+01
5.149964765757813367e+00
1.026194033012899212e+02
