1.987713339987534056e+01
9.098184914627912789e+00
1.175012884664468871e+01
2.113028297173247694e+01
2.255229539010988660e+01
8.869272394358850065e+00
6.162664280956960994e+01
7.720824451463107607e+01
1.854677924701969260e+01
2.091681841169324585e+01
4.680778284824640423e+01
1.400509395214633379e+01
2.219074046868147576e+01
1.456142080778489145e+01
2.809795717865285525e+01
4.241591491443433881e+01
2.296191457624492926e+01
7.440043997303810386e+00
7.996043681688677296e+00
1.772197191646514725e+01
1.009956955754608288e+01
1.861393710134999324e+01
1.583428574222664587e+01
3.539564714058101913e+01
7.356087387942423561e+00
2.582543354082556775e+01
4.155974532332490412e+01
7.030088041037551250e+00
2.241006455008982812e+01
2.391553650513094098e+01
4.799301483006586011e+01
1.656859296668648085e+01
1.772315350954831814e+01
2.171213685272068972e+01
1.646355530619948127e+01
3.347778409071759143e+01
1.548670268684374385e+01
1.928756669812842972e+01
1.209152884851792997e+01
5.667104658378063675e+01
1.156563657196049633e+01
2.057416706400565687e+01
1.115500788219517290e+02
1.423844222873544041e+01
2.384504776452746100e+01
1.041086330385172687e+01
6.348147860872330028e+01
5.374263271440886669e+00
4.361250981935605608e+01
4.249438435172383777e+01
2.992614669456234111e+01
1.457292135932144461e+01
3.390934340562780847e+01
2.707128003789872039e+01
4.293701634608758866e+01
2.951157326872213815e+01
5.869689508119621735e+01
2.122429841678223994e+01
1.080190434557572132e+01
2.021564844402065830e+01
2.049355569796887266e+01
4.062039376236089794e+01
4.705924427180893588e+01
5.715797838016897003e+01
3.760968731667657750e+01
1.746928597079153889e+01
3.706300525872467944e+01
8.716612724718782346e+00
9.708390082412378774e+00
6.015432862083506649e+01
6.765051369569599515e+00
9.567985283027445220e+00
3.143398119472227847e+01
1.550947505779401325e+01
2.564348584325423985e+01
5.022143614554494206e+01
2.841306258197467827e+01
2.328524478148739263e+01
1.142394664916257341e+01
4.651567934687376749e+01
3.172637942461463467e+01
1.480868795585370989e+01
1.011996734789756935e+01
5.414192113996932676e+00
1.946190361869572882e+01
1.397175988820010595e+01
1.901478883839216749e+01
1.671328746293308143e+01
1.368998129513097517e+01
7.493700110179858598e+00
1.083943056459132315e+01
2.960494386103885134e+01
3.021537882597824165e+01
1.403037450877972603e+01
1.809986894514850420e+01
1.246185102181167004e+01
2.023030749952767238e+01
2.742874313293915378e+01
1.008399789873801211e+01
1.193193806019130854e+01
2.861774842484174997e+01
2.071907155002341128e+01
2.950390880162013829e+01
3.085144474429357686e+01
2.614800292613079336e+01
3.661427558723030984e+01
2.982360334077900887e+01
3.076269551468022456e+01
3.924935563663203908e+01
1.486859768595948772e+01
1.038320585532977347e+01
2.655919900298625791e+01
9.850166374634717670e+00
8.169353127109610924e+00
1.882813160564140276e+01
1.422298748250366174e+01
1.151497706533244525e+01
3.280826927432521956e+01
3.536805602095098777e+01
1.796162423322081736e+01
1.696940319834159894e+01
4.753301187971284492e+01
3.663059992092358641e+01
2.408849955871398052e+01
4.042826676134900765e+01
1.229892763870822492e+01
2.531756300442827978e+01
8.108246268758749764e+00
1.421214194971262046e+01
9.421299175340918097e+00
2.691940033990105263e+01
7.978711907275894077e+01
2.046153941513553320e+01
5.692491495447461247e+00
1.889557376679840317e+01
1.116508655760219959e+01
4.836533322963674664e+01
1.230373811103559234e+01
9.509294688082725600e+00
2.011227594807884600e+01
2.083345063420089716e+01
5.836770008411397015e+01
2.681342884021517392e+01
3.897037283480531755e+01
2.932548080908473764e+01
6.925380744026377045e+01
2.197844857924847517e+01
2.898330997514603524e+01
4.925902127853467150e+00
4.116652241424349512e+01
2.322539602311334761e+01
1.369907813527371587e+01
1.192958445515251142e+01
3.399123078141568755e+01
6.738556194071984251e+00
2.670592414914582591e+01
1.182364125494993701e+01
3.392684955318280515e+01
2.830720507258712715e+01
5.299638566514833826e+01
3.782997373724732881e+01
4.576015984364258316e+01
3.114992538406145428e+01
6.435559801216632536e+01
2.482509251571582354e+01
5.670482451590011408e+01
6.342152259014739002e+01
6.107679741063017786e+01
6.299889793817438743e+00
3.054244501333309358e+01
5.502795350524471019e+01
5.557269455940088143e+00
1.140590690986124400e+01
3.812295944616882082e+01
9.230241801975772375e+00
1.090214020797730576e+01
3.178781169179758592e+01
1.547490252393858334e+01
1.843357097462044081e+01
3.077336719963809486e+01
1.623804930785154710e+01
1.352059771994932760e+02
3.337719225111014509e+01
1.852846531077643988e+01
1.473842402326494394e+01
1.138926405294564326e+01
2.264955351394853977e+01
1.753305660111518449e+01
3.649663206435701568e+01
1.121527333543171245e+01
3.467702549613724727e+01
2.791233959234611817e+01
1.574205984046794882e+01
2.147833768285630995e+01
1.946072201820359027e+01
8.467972663041603454e+00
1.958360367974204408e+01
2.575978053610038643e+01
1.722685429181605343e+01
8.149777166870865130e+01
1.846622728136553704e+01
2.662708121190744848e+01
3.090781652607098451e+01
6.249579498661628918e+01
4.320984090572387970e+01
9.719195307383698079e+00
3.746405502180837743e+01
2.009860482155258410e+01
1.671324121718555844e+01
1.746399894243472062e+01
2.725312207071437598e+01
6.886959148942736419e+01
2.211405662981388076e+01
2.159200683144923261e+01
6.005678880086335170e+01
4.115477257554195489e+01
4.739790498961271226e+01
2.227475621237455528e+01
3.854554515932976955e+01
2.510173517307160651e+01
2.673443914716325764e+01
3.115960899348656454e+01
1.950253784409861169e+01
1.851767782387222283e+01
6.705042770147989017e+01
2.989097577346320378e+01
3.545909267355519034e+01
3.136315811193472314e+01
2.282928999497421074e+01
4.489760588304621081e+01
1.315879013018563093e+01
2.163717940835528708e+01
2.063996120307290738e+01
1.602440584960557501e+01
3.354866931354891335e+01
1.920055510717762104e+01
2.520908340002451808e+01
1.383831877314879932e+01
3.945708342739810348e+01
1.709862814100842598e+01
5.334411401961194343e+01
3.231665649416044062e+01
2.029946905228559118e+01
1.596207588453838611e+01
5.785683050902470370e+01
1.167065365471575262e+02
4.685791043413223633e+01
1.659262752881762637e+01
3.140491007389353229e+01
9.464997128738247056e+00
1.920164180033325607e+01
1.009070854882183177e+01
6.674801391566158770e+01
1.184095342031711695e+01
2.840752525478099244e+01
1.337792991120837272e+01
3.332276575324571155e+01
1.347806122499953574e+01
6.679105511689432895e+00
1.338117966156636207e+01
1.463395491757736799e+01
1.732091023215849290e+01
3.855564222001271446e+01
1.105305107535856166e+02
1.600484541935834670e+01
4.561514889005955808e+01
3.590841088179261931e+01
6.624241710146199580e+01
3.016282422586565559e+01
2.849256741715696606e+01
1.833910813109378779e+01
1.730216507021747674e+01
3.138322730907012925e+01
1.335678406687513586e+01
1.140532587978181667e+01
2.536960688831267419e+01
3.375124058472825794e+01
4.217709942967752568e+01
6.931313925144749533e+00
1.733493531602555038e+01
1.977595810643454115e+02
1.657063906532821917e+01
9.624343911365096460e+01
9.251350064615664337e+00
5.362553354480207091e+00
2.046716465004484320e+01
1.841197519495506185e+01
1.352695358252731772e+01
2.141311367263389798e+01
4.594390067645453968e+01
1.091743660536288019e+02
4.277147066874003656e+01
1.831683864908539050e+01
2.476199893878040825e+01
1.708255880659289261e+01
2.002704402231552905e+01
5.083202866221145655e+01
2.714174146708823798e+01
3.300770556546748935e+01
1.266144706647450136e+02
1.025978441221558057e+01
2.131586446031469606e+01
1.734495904038487524e+01
3.056953965954666330e+01
1.039081583892392224e+01
6.361441361392348881e+01
2.288625810301951446e+01
7.120253302765428671e+00
1.024701910709281236e+02
1.548103286914919963e+01
1.762207940160832464e+01
1.486322821173203934e+01
1.713808434197389374e+01
1.729234011290664697e+01
4.964216267483948286e+01
1.638999651486649967e+01
1.406314653690456673e+01
3.103688570653952894e+01
3.576313587888783019e+01
2.953699930995424694e+01
3.293659848147052571e+01
1.663549841709417976e+01
5.172413038227418269e+01
4.417027937414945882e+01
1.471476693146219183e+01
1.181605302135342761e+01
3.554199880581717963e+01
2.379379178514560067e+01
3.756006665026697533e+01
4.370521136321906752e+00
3.419971519032955598e+01
1.957771822727815447e+01
8.272574886996333987e+01
2.640128507068389752e+01
2.277426957393376483e+01
5.620491303950296924e+01
1.679554541238458754e+01
1.376509434465071990e+01
2.073290898945998606e+01
3.525043772604869474e+01
2.290843755681061111e+01
1.880967146392224620e+01
5.033099328264268024e+01
1.271716019479709203e+01
4.385822451551751300e+01
4.292710331434679460e+01
2.386801385260685748e+01
2.170071889238622020e+01
4.838882229404629243e+01
1.563115816657399293e+01
2.849922390892833590e+01
1.879154596847818937e+01
1.066397831065162194e+01
2.507603885525696796e+01
2.729461086764648314e+01
1.510973606287408266e+01
2.583277262284602216e+01
1.646675291790871398e+01
7.254276946534591275e+01
1.563769202595599417e+01
3.330078477600122966e+01
1.450670423818794674e+01
3.137261820973784054e+01
1.646467075147921832e+01
4.603237830823439936e+01
8.846435800949231876e+00
2.288032003644029544e+01
8.680020613028823107e+00
2.549397500841667252e+01
4.030013535905656141e+01
2.352964421736572120e+01
8.980372111144959035e+00
1.512236381463886659e+01
9.570945879916941124e+01
3.631972187187290046e+01
2.873791926140521724e+01
1.608669293304273040e+01
4.257124915896653761e+01
3.316693305896249200e+01
3.171235359511508989e+01
1.087060178734434146e+01
1.969558277170377281e+01
2.808452153359068149e+01
2.552460761488643826e+01
6.995430818696458886e+00
1.573551709580324243e+01
1.029652360933279986e+01
2.939590613595959212e+01
1.683327971600014905e+01
6.223139504732652938e+01
2.439286754789687706e+01
3.796330476908450891e+01
1.453101766378193282e+01
2.104800195509099581e+01
8.231611111739024267e+00
2.552479296237636675e+01
1.620454051946515861e+01
1.487941209019120237e+01
2.745906112379936204e+01
3.321650567617741956e+01
2.485977290088812452e+01
1.393393971658305830e+01
1.950389834826622604e+01
3.163156014399663007e+01
2.792752026225089779e+01
3.590185508672168169e+01
1.738174878754665897e+01
7.017410720349701592e+00
1.721603363878845272e+01
2.470051617000884647e+01
3.414241357019965761e+01
1.976099273994294947e+01
6.409326704487635595e+01
1.911109665540380576e+01
5.382645925898637529e+01
2.690065464091983927e+01
2.130988643055265186e+01
1.340465009894011139e+01
1.262385470652540675e+01
3.098797910589255977e+01
4.470745812296532762e+01
1.988412737599199431e+01
1.722093572491107949e+01
1.413615495263482558e+01
1.784552670795862639e+01
1.553199951701531667e+01
2.001325271060176902e+01
3.302831383526121556e+01
1.282275818015423141e+01
1.519258118497781851e+01
1.977874788887432800e+01
1.479354845242881389e+01
2.376976749526532373e+01
3.149191523066226495e+01
2.531029240695385596e+01
2.990114680112621670e+01
2.907267012183410060e+01
4.043904028736965017e+01
6.163574917380896068e+01
1.754487156807777026e+01
2.222674190754860746e+01
3.582741178748532462e+01
4.016299203845532162e+01
1.798291333150471161e+01
4.785452232943421791e+01
7.043160052642136293e+01
1.642944382976386919e+01
5.225591933889086960e+01
7.030535493726685559e+01
1.568567379270810491e+01
1.917370748397437197e+01
2.405000959892372236e+01
2.528135133172029825e+01
2.754275256725630072e+01
1.888081081947029105e+01
6.610687102682815919e+01
4.628289188654317599e+01
1.057586324765100905e+01
2.502890690647102900e+01
2.410525171241988573e+01
1.827783405148419504e+01
1.853134674517541569e+01
9.429466549127436537e+00
1.800060522225660975e+01
4.013631045462625480e+01
8.783772999370876278e+01
9.332538260331920910e+00
9.631730116740550685e+00
3.324233936746284712e+01
4.152396724829802110e+01
1.668865934970560971e+01
1.420625842090851165e+01
3.934146603581219637e+01
2.251283653818310171e+01
2.405504490285125740e+01
4.122178662574858521e+01
3.119937622019376988e+01
1.265171839172424129e+01
2.626926292649960004e+01
1.061085357180323996e+01
8.426759271492093362e+00
2.269384541394416743e+01
8.557520030549310874e+00
1.604821632246336449e+01
1.891322993697954757e+01
7.023115425851854354e+01
3.019422381934820265e+01
1.764162039819394323e+01
2.629997394027513735e+01
6.492891169225895709e+00
8.814112074336753366e+00
2.921770493637060184e+01
9.614116365963347732e+00
1.511273591929054838e+01
2.859626169161205667e+01
3.901427414521005943e+01
1.884781131112751495e+01
1.925018883743886988e+01
1.794991890119015210e+01
3.273180007245542100e+01
4.661021210786610425e+01
