1.353609376273655851e+00
9.615238029988857349e+00
6.416522040246515957e+00
1.644157991226668969e+01
6.009252346032603498e+00
4.741522982765308036e+00
2.000528309868195631e+00
5.537943820515478066e+00
3.578687278853441001e+01
2.422137753201027621e+01
4.133718541528899237e+01
7.273260265459241758e+00
4.450291309568839893e+01
3.087362389362319703e+01
1.464832244616651202e+01
2.486579350162475066e+01
6.610199123683406341e+00
3.446564959028405539e+00
4.307990026842427511e+01
4.962220804459843038e+00
2.320308686000501996e+00
2.189849376599253006e+01
1.022898839636551926e+01
1.173578761254709502e+00
5.780906274685934676e+01
7.367035975754142818e+00
2.536479408496263943e+01
1.468787915573275882e+01
5.539156207371810581e+00
3.658002478301143334e+00
8.710187268158504637e+00
7.209341838136996472e+00
5.986600887711629682e+00
1.778748597919516783e+01
1.084150336833978479e+01
4.750851894952797139e+00
3.328181739776304049e+00
1.085038882350272260e+01
1.991502583315897912e+00
8.953313674155090496e+00
5.768297104032835243e+00
1.092425494107355632e+01
8.788640467110676369e+00
1.458727906520058326e+01
6.750345019854590234e+00
2.661782669972808790e+01
8.658789284158121546e+00
3.233116225142453715e+01
3.024378369615851270e+00
2.377366649030766776e+00
1.810446747055276973e+01
1.584375555026358917e+01
9.585595799839040865e+00
1.404017253223689288e+01
9.745463122313767101e+00
9.035281992074100543e+00
8.376752237775082932e+00
2.014620392477404565e+01
1.952478640314996028e+01
3.056286118684914399e+00
1.691535077987670022e+01
4.651384281726623726e+01
1.425952477060176982e+01
2.535990246798174397e+01
3.699488318808324294e+01
3.256360738294266355e+01
9.034447665424208296e+00
2.176710998358105442e+01
1.359479597000300899e+01
3.404275016282863930e+01
2.136422962756619768e+02
1.114980443772853747e+01
3.656941405980384019e+01
8.126181824188996927e+00
1.310882424864815654e+01
2.814493957904255605e+00
1.294580660416649032e+01
2.901342273478337841e+00
1.543913396581625719e+01
1.020539799491824517e+01
4.336482901721677941e+00
4.028199319961494496e+00
1.792405473651946224e+01
6.401785969993524894e+00
4.965313646171786388e+01
6.069471250812908281e+00
2.377359530092103057e+01
9.487085928819922742e-01
1.080051880025213862e+01
5.173359363157940649e+00
1.794831794056939955e+01
1.287485055049824823e+01
2.911325694238062312e+01
7.778263719305987145e+00
9.683355085747862745e+00
2.083117451013905885e+00
3.931257099430115698e+00
1.269294077490898900e+02
1.542829097574838926e+01
5.096499240138896880e+00
1.258827309621635315e+01
6.443242259194131627e+00
2.328839432381676033e+01
3.353900124887592682e+01
1.198410963021835940e+01
2.269328519087328466e+00
1.825967119615606649e+01
1.456272536360371106e+01
8.330587216447103316e+00
4.736890772665400817e+01
6.787597218494317630e+00
5.736788148638674301e+01
3.949352472451228113e+00
2.020265793860708925e+01
2.630945521134474419e+01
1.068612137322021596e+02
8.015142954182815416e+00
3.314472496235543630e+00
2.089879335122852666e+01
1.895147422246589031e+01
4.495502491425388492e+00
5.013034045806474381e+00
3.301050285995662747e+00
2.535326518241675231e+01
5.358333465173809707e+00
7.802286115068133299e+00
2.651314760595968156e+00
1.539729426564854720e+01
3.996105804985306875e+00
1.765509632528430473e+01
5.160882359623251148e+00
1.829503241925716495e+01
1.297346198295046982e+01
2.409910887847109962e+01
1.929862582757990452e+01
1.583800874978190087e+01
8.271435442387966575e+00
3.917637919930406998e+00
3.109400580961954574e+01
5.615377728842388727e+00
4.980563434625775443e+00
5.506578200912366050e+00
3.821727903496232592e+00
6.548859963817778684e+00
1.760641207928754781e+01
4.168030413493972475e+01
1.053973275913497654e+00
1.076253789981618070e+01
5.638802246587014011e+00
2.104151400800381655e+00
2.996688093749038995e+00
2.160880913830722783e+00
6.736008421237225541e+00
1.642345367498029418e+01
2.124204444231466482e+01
5.142703944761804991e+01
3.026523658824024299e+00
1.998668048283817456e+01
3.501419588340328737e+00
1.333410197530384700e+01
1.344035109063490907e+01
6.900827740922320430e+00
2.683411789960906191e+01
4.956944190272343320e+01
6.663143934216450681e+00
1.103065590372669362e+02
3.191334249251130739e+00
3.487370751883406683e+01
1.890215707931075784e+01
8.609606415003161928e+00
1.996030045276486309e+00
1.364634831783676461e+01
3.557280961349651882e+00
2.997737750003594215e+00
8.052806454045402518e+00
7.600841346347330330e+00
8.378820256566213232e+01
3.125145342184962871e+00
4.225538931517420593e+01
9.410963858829383355e+00
5.333048231700756148e+00
6.010409227174619673e+00
9.646495351799925899e+00
2.206202432518300682e+01
2.975415078074972541e+01
5.008025849222147485e+01
7.687325673487088729e+00
9.299192632413511461e+00
1.797904570375195021e+01
1.505428677738795251e+01
5.153080571794993681e+00
2.297445072171547586e+00
5.624839451106753430e+00
2.128775937313927713e+01
6.482155751840986468e+00
9.218672203396669929e+00
8.845890793075586345e+00
5.489582370575325498e+00
1.414601554420392926e+00
1.770928866465425244e+01
2.998358614589299620e+01
4.590579218811764228e+00
8.709660017192662806e+00
1.558967911993195266e+01
1.775612576886033622e+01
9.723833588957603524e+00
6.873670502348067757e+00
4.635396150994968600e+00
1.151736361886549531e+01
1.226211383931634735e+01
9.164583018920421154e+00
4.941427822148762061e+01
8.485750750268444831e-01
1.881406506220525188e+01
1.004605131699389347e+02
8.518340808603298342e+00
7.782762778889091848e+00
3.628814443822584668e+00
7.677392031775998049e+00
7.482626724806483054e+00
4.934020426980868024e+01
1.311929394619514300e+00
2.854736412848856730e+01
2.076161029549509962e+01
8.930301797338991321e+00
5.404318410796626004e+00
4.050018241435459743e+00
6.240080229084406227e+01
6.268982544495199427e+00
7.256568872750836618e+00
6.877053574513520395e+00
3.579376674616948435e+02
1.430936657725040462e+01
2.796680864612231865e+00
7.438911777604970688e+00
7.863296193224948105e+00
1.325087848467692631e+01
4.291999516440324669e+01
3.715399279298615198e+01
2.771613047752367720e+01
1.319147658657768041e+01
1.611834349999145033e+01
4.067047745877959031e+00
1.416407439217224606e+01
6.957438677443700925e+00
1.845467245436611226e+00
1.016326850159891038e+01
1.131958648980507576e+01
2.630963952686693830e+01
8.391593135039352447e+00
1.332836006261753958e+01
4.894170802202691739e+00
1.284149155733563319e+01
9.512211058130565888e+00
5.624577627625268583e+00
1.489163022781791490e+01
2.418386284686662169e+00
5.491994213153903459e+00
3.730023714256874179e+00
2.047530851304842159e+01
2.154021617063608289e+02
7.768207535152432897e+00
5.689448945455544759e+01
5.351268400686741700e+00
6.229641370441002302e+00
3.441394682683743156e+01
3.021727157163240918e+01
4.843277355740777779e+01
3.339054628710599104e+00
7.002193128191358085e+00
7.369910498754412842e+00
2.127263220500041996e+01
7.515578121241554754e+01
2.712247494618825083e+00
5.583577946341792497e+00
1.065654956880823789e+01
4.021200409715839363e+00
6.361560008680523737e+00
1.012575895849166585e+01
2.736494080320321842e+01
8.786023148173779163e+00
4.434318787254148297e+00
9.292728937965785363e+00
1.589621312992388269e+01
5.339157109786851763e+00
2.705125033034593507e+00
4.633716293803958663e+00
3.020719197425755898e+00
1.778292973696409041e+00
1.511642475016932430e+01
1.357413265722076767e+00
1.643819538357782051e+01
9.485265196855051428e+00
4.598314819816650356e+00
2.055280359092611420e+01
2.174266642049676079e+01
1.085581128720195920e+01
9.535925901220801748e+00
7.365186505860812360e+00
1.116868563459646690e+00
2.023602918569230980e+01
1.487629858262440408e+01
8.041858555084790083e+00
8.815350823298203409e+00
5.211639179232214758e+00
5.120020713674000135e+00
1.450044677474312849e+01
7.162167447603323467e+00
8.048936561410302559e+00
1.302792683716382882e+01
1.098965202187408075e+01
5.616798987991287362e+01
2.215506653192556996e+01
1.804205857979643213e+01
1.549687889892096493e+01
1.257457071554530614e+02
1.611962548291307229e+01
1.294473179704702481e+01
5.012707260196959780e+00
1.237452209700821584e+02
6.085016826567517967e+00
7.038278593877095091e+00
7.936331751884093677e+00
8.895410096986282156e+00
2.540712293740477534e+01
6.665117987570427616e+00
2.374947965328967570e+01
1.264090412945024156e+01
9.988893421378929105e+00
6.808811701151109119e+00
1.626902954914534050e+01
1.062364343042421888e+00
1.519022039680537617e+01
1.712008683945651200e+01
3.416515650192336828e+00
4.378772107242706824e+00
6.229227367137085913e+00
3.814192882022156006e+00
9.985378730824441718e+00
8.125829359827767107e+00
2.750107537093154253e+00
9.739799717103503340e+00
3.440511880357889396e+01
1.038782980522887733e+01
6.381247841143894206e+00
3.862024488976352643e+00
2.340999806386716564e+00
6.910555868154953707e+00
2.133040269255779720e+00
9.955680578060684738e+00
3.759791669059008079e+00
1.506555645503141605e+01
1.938842554048098776e+01
4.311765530850658834e+00
2.623389181425948280e+01
4.080510004872149210e+00
1.139144780307207228e+01
1.821306820601158805e+01
6.395396754125175498e+00
6.546377119981933390e+00
7.230256442997788469e+00
5.085790774757978028e+00
4.980640376193845142e+00
5.296586099362423639e+00
2.871956124377128550e+00
7.400682940705737067e+00
1.993467116447619247e+01
6.718510222411655519e+00
3.937887142964405562e+00
1.250126397108354581e+01
3.096022278785983239e+00
2.108630817751842201e+01
3.747271983916578897e+00
5.840690722404863422e+00
3.851667490479720346e+00
1.388393314087540631e+01
7.262212518707669595e+00
8.325932703523099221e+00
1.368396899810641365e+01
6.860195568471121330e-01
5.533185367052028347e+00
1.773433256280508274e+01
3.147336472674814445e+01
1.980615529674656017e+01
1.303914210433911691e+01
5.443744680298753913e+00
1.798632737944468118e+01
6.456935882355459455e+00
9.884188850316338204e+00
1.477022773909216369e+01
4.155106777972306986e+00
6.118391338502020993e+00
1.704873878603036985e+01
2.026190469853399989e+01
1.686864394770886477e+01
6.167866593954192567e+00
1.494232617140365882e+01
2.943688024457254215e+01
1.727867417608311484e+01
1.206785395676217298e+01
4.481189512196840496e+01
7.762860935629579018e+00
6.395161034391160904e+00
4.406478314094372450e+01
2.256845803241469284e+01
2.699551999259658608e+00
5.447151328712118712e+00
1.814108434633580291e+00
5.682838485790896677e+00
2.476343468795039016e+01
7.367089360981071700e+00
3.363667236796928250e+01
1.732607779240148460e+01
2.126142358456016979e+01
4.193761916924014344e+00
4.850263366198638515e+00
4.257963821902784929e+01
2.140644361768165993e+01
1.536883128508687690e+01
1.002055756311159840e+01
1.685685651689887266e+00
6.455517341530168096e+01
4.357713392900826932e+01
2.372089727095044154e+01
5.368293907430429890e+00
1.024887262392179998e+01
3.080476963024723069e+00
2.601086936947236694e+00
1.589295347790171853e+01
1.975245107100441544e+01
3.688446271800048493e+01
1.147836896143474661e+01
1.474514339824410669e+01
6.734434670425397229e+00
1.629954084322203656e+01
3.495719389130172061e+01
1.242738919759839256e+01
1.346647265748150168e+01
4.580411033820462663e+00
1.257249695744417295e+01
3.678987421552562420e+00
4.969039171931235011e+00
2.711664416712969938e+01
5.708802922403053870e+00
8.592610751099131861e+00
3.110960611245104346e+01
5.688361757848514610e-01
3.026917899367728282e+01
7.064743475390971028e+00
9.500269967304717511e+00
3.324399455688698879e+00
4.371247283820268947e+00
4.094240732921930359e+00
5.713375721254497996e+00
5.793516667003445697e+00
1.289260947754729791e+01
1.789980599385613758e+01
1.959420417597863917e+01
2.886723393447070407e+01
6.745354662965394432e+00
2.182915544694685295e+01
3.076861365577733043e+00
1.643197979335459991e+01
1.367501425714624119e+01
1.711985085516931093e+01
6.829723077097114903e+00
8.880073693123897272e+00
4.333417369729760082e+01
2.078432086786494715e+00
1.272896759582568116e+01
5.412897785210319057e+00
9.398285126183701266e+00
6.209682382342145424e+00
5.293208989337493620e+00
9.637108033090006742e+00
2.341249220446278656e+01
2.983880064273599864e+00
2.489752294701957691e+00
2.523140546997776568e+00
8.490331047369911843e+00
6.462892386285706614e+00
2.342920833116410861e+01
1.394679046065511763e+01
2.805533018767923892e+01
1.024047362243268644e+01
8.871502290025645721e+00
8.270471476592805571e-01
2.781520982730713687e+00
2.628054474955115349e+00
2.430154128165247229e+01
1.001950821268957981e+01
1.500219873276922478e+01
3.584157512964902281e+01
1.036138568627914580e+01
4.617620677242669558e+00
5.175280591852856382e+00
1.569558235461145834e+01
4.871519007647179045e+00
6.617248344001736449e+00
8.961536496246155892e+00
6.450370883034454828e+00
