2.386043384640317733e+00
7.526468583410590441e+00
4.705792922885972729e+01
6.892269519608476003e+00
5.786376624878998065e+00
3.061716678962926608e+01
1.841290938483656703e+01
2.481466662605524576e+01
1.637396379087477527e+01
1.388335810980608187e+01
2.235428878334688463e+01
2.864503507737696353e+01
1.541985211555688018e+01
7.002492209546097079e+00
7.971829701318850603e+00
1.756589193253103787e+01
1.548383928585681879e+01
1.864197868480468401e+01
2.540285823610740223e+01
3.282363433597245717e+01
2.032938311476753412e+01
8.218375996592707011e+00
4.367874344819895782e+00
3.835807112901090221e+00
1.472252998806561131e+01
1.685616938516335495e+01
3.496213440688108420e+01
1.387686399820838368e+01
2.174639420976780002e+01
4.358411849293199936e+01
4.929987537737171799e+00
6.988609829588921230e+01
8.369136343020496582e+00
2.836401776540649067e+01
1.907889070999293324e+01
5.978840501519528061e+00
4.353915741742095946e+00
1.161969438425538499e+02
3.845775090415715969e+00
1.388950757104447931e+01
1.579345444599073467e+01
2.112667749417402163e+01
1.808124830830832419e+00
3.273711432897495399e+01
7.987865783506945760e+00
2.014690728610690229e+01
3.375268750425136943e+01
1.483273112735989763e+01
3.435321048467036675e+00
5.005137562132278894e+00
1.617749188142871830e+01
1.792486836613470302e+01
5.325193755047676447e+00
1.333468487940688618e+01
1.080977864795904075e+01
1.168081673570573429e+02
6.195043396363155708e+00
6.824962978843743144e+00
1.156079173026061113e+01
9.193969226742334300e+00
4.519670557662011134e+01
8.254223881038797117e+01
5.773359836394068800e+00
9.721744091563602197e+00
1.084328562925210981e+01
2.767116514135859262e+01
5.491397219543817654e-01
2.752555981944445840e+00
4.774500836191821307e+00
7.200419423823065657e+00
2.241710759053263402e+01
1.508629650813504952e+01
3.071083690545798994e+00
1.285025835225681234e+01
3.911623146324121336e+00
1.394106404074097227e+01
1.393261314355088842e+01
2.055000576458587958e+01
6.951605678340145289e+01
3.377757711161501675e+01
1.776670454266628241e+01
2.367598286263747021e+00
1.134898422355022163e+01
3.810505520144212710e+01
1.514108339096658185e+01
3.038405477850527614e+00
1.620146541517214800e+01
6.956223770025183661e+00
3.048368632458496208e+00
1.005431807664814947e+01
1.613699133538792552e+01
4.293022793208046473e+00
3.588665649298611982e+00
2.795554722061985409e+00
9.835527164044703952e+00
7.696262827904295278e+00
1.262453448686019897e+01
3.908853518517421577e+00
3.341538369953459409e+01
7.595703293786970178e+00
2.978115934965759237e+01
1.789876832732873169e+01
2.035922026733815926e+01
1.244493524956993014e+01
9.087886483703464080e+00
1.626011165868562003e+01
4.699016118648971840e+00
2.706523182535539718e+01
1.741524843363797359e+01
1.366346319839576040e+01
3.054226645547024788e+01
1.598744109999438123e+01
2.637248331051983641e+01
5.992619252033183130e+00
6.019621882160214099e+00
2.638785755063034699e+00
8.107521793896779627e+00
4.845152735902481744e+00
5.855569823947531916e+01
5.672987856213769930e+01
6.589221232548613472e+00
1.011721106757465627e+01
2.203693924876671062e+01
3.526001862412059040e+01
5.596316912762644336e+01
2.427097179329480880e+01
6.928530022792983800e+00
3.925807068543056388e+00
1.290282128120159655e+01
1.676947346608487166e+01
1.227538732033724145e+01
3.767804122597596717e+01
6.888945000194223844e+00
2.422644513656792498e+01
3.967184824654547359e+00
1.089740198138559357e+01
2.989906728568107042e+01
3.966227038861122711e+00
1.612535800504447181e+01
6.234723957903412384e+00
1.747917646037614148e+01
3.020459412477385897e+01
5.955786616418066615e+00
4.051327126065800144e+00
1.496095083056121311e+01
7.050913825609137930e+00
1.740913109641052259e+01
6.432246015565313613e+00
6.770284171957126063e+00
7.834360072907323946e+00
4.590264021550035523e+01
1.264220390290246954e+01
3.409926894769378691e+01
5.045727980945629021e+00
3.355140178882345392e+00
5.560776362626295821e+00
1.282980299763774568e+01
3.513040979752645399e+01
5.607388790127510347e+00
4.145491815499749322e+01
6.693680914877817578e+00
2.496174294037636443e+01
4.192298949024608312e+00
7.882709832925104187e+00
4.700478231795914397e+00
2.253430418550533076e+01
8.925448062804340665e+00
1.470331995725199725e+01
1.268296973952481821e+01
6.073537365444317437e+00
1.831030683450827823e+01
3.458792529038061225e+00
2.788417266432539066e+00
3.969178272122152862e+01
2.055435370374234694e+01
5.298776140049603178e+00
2.163832955745220588e+01
2.016366113170920116e+01
8.331604838511001532e+00
2.668197817023309160e+00
1.004125129911933989e+01
3.390312875649115654e+01
9.760683037693701181e+01
5.703920093914010891e+00
4.492342312218166001e+01
1.274557808104749057e+01
2.812855573784419505e+01
1.618205500680571340e+00
3.853087888050828269e+01
4.807178684292573223e+00
1.278477141543392293e+01
2.778946839788582590e+00
9.828979214331139858e+00
7.034519498261943227e+00
7.180513740546400570e+00
3.268456742003707838e+00
2.650131146598299736e+01
3.459885773752958027e+00
3.113416331040823337e+01
4.135195121069890511e+00
7.135186507927346433e+00
4.748182683509189594e+00
1.942619487122868094e+01
3.901761872786632779e+01
1.585353779903021021e+01
4.034371183288319784e+00
1.303714695522031164e+01
1.147997698380551768e+01
1.509956602758595601e+01
1.903674638817360432e+01
8.451238488792263581e+00
5.974928696938686556e+00
3.932809172643747964e+00
2.368360721808344138e+01
2.942205579890152745e+00
5.092952238624946837e+00
3.375771303351741892e+01
5.612865055142227888e+00
9.522973837058845703e+00
3.522798927409341729e+01
5.002603389851748794e+00
8.046586208040286792e+00
3.438412346930142860e+01
8.578156118957966925e+00
6.930495932323118780e+00
3.263212409015906257e+00
1.809125290837954481e+01
1.551304438260033969e+01
3.493150975060942187e+01
2.520997289276674636e+01
5.017802839098832735e+00
8.171165481931112140e+00
2.572747103374076971e+01
4.725180009269622339e+00
2.342471543720938598e+01
4.064161249789015073e+01
7.793458678894403135e+00
7.800366121494187510e+00
8.334703295370358589e+00
1.230195551855265457e+01
6.784175492036128574e+00
2.153547960968550612e+01
1.031839546927074878e+02
1.594792322503224646e+01
2.674779456016954882e+01
1.008218573572257171e+01
9.925624121748844786e+00
2.238616075156570773e+01
1.309025334767326498e+01
3.035233393985832695e+00
1.151809380181537890e+01
4.736830702572175866e+00
1.604678923210133590e+01
1.663052316014830012e+01
1.889620173649301904e+01
2.359829898937245218e+01
3.200420430447844744e+00
1.168083872674329449e+01
1.993612959721694367e+01
4.565300609717076519e+00
1.971852128058210596e+01
1.600362141100074354e+01
1.867386042304329052e+01
9.314882159145275509e+00
1.235373185878877322e+01
3.673959008225090805e+00
2.550845802598589884e+01
5.603240377897974867e+01
1.805461642184209126e+01
4.997188413135302909e+01
1.048075647963019819e+01
2.304690615471526982e+01
5.445971758922072858e+00
6.692614183726843180e+01
9.118688381932997800e+00
7.710298326826332982e+01
2.913935544557919144e+01
8.991364933976910834e+00
6.429681791659961121e+00
6.358988044927492922e+00
3.278912601645305624e+00
7.325261353728322433e+00
9.785213320050713648e+00
5.282366023910209485e+00
2.379003968200191466e+01
1.298340563314941143e+01
2.500417118885810197e+01
1.069690110966944552e+01
2.562703350307495143e+01
4.078854511325256560e+00
4.689250921330335942e+00
6.416279085721064313e+00
7.485954675942755543e+00
6.136003669309400266e+01
9.130487966773515041e+00
1.913925609456575572e+01
8.189130044249752771e+00
1.270832050287642900e+01
1.794631982591111097e+01
3.545224076778366484e+00
2.642384305782470477e+01
1.282034910612019907e+01
1.326726848098812184e+01
4.104131122422383093e+00
1.497770778039583561e+01
3.532872000114239963e+00
5.358801900359965176e-01
7.230479568742651963e+00
5.209417710582139982e+00
7.030518484710165161e+00
2.285697172326451323e+02
8.976608009289179790e+00
7.276397644636233508e+00
1.183769756131280459e+01
6.409553924636306022e+00
3.758647988324504308e+00
1.435726632469036979e+01
1.655459646820172281e+01
1.923434293786103311e+01
1.562280232006245306e+01
3.782720694829912578e+00
5.070790300091019276e+00
8.810995899985123003e+00
1.378690859517942124e+00
1.235850801989391812e+01
6.807359179970712049e+00
2.578705878988994282e+00
2.430319901728906373e+01
3.943991020104080292e+01
1.158042168328384136e+01
4.795156263885259307e+01
2.137567785998736980e+00
5.676537463566589281e+00
5.263088666302080831e+00
2.239872932603328426e+00
1.255903250875006627e+01
1.406011944397589275e+01
1.123795834825489415e+01
1.816937868571318049e+01
1.242095683867346878e+01
2.177476320658376263e+00
1.896358931283878491e+01
5.635650616499163768e+00
5.384285020777565656e+00
2.850428492432320837e+01
1.969007542402481192e+01
6.353178751808868441e+01
3.452094158879514207e+00
4.335726953432708974e+00
1.353293410083972148e+01
1.709323775083664643e+01
5.143846682488008071e+01
8.397944774939190893e+00
1.411539991843766373e+01
4.492828652846794313e+01
2.111640443826694025e+01
1.414813103675013828e+01
7.634787081735307623e+00
2.275106578731550755e+01
9.714561381227724723e+00
1.219722994014012407e+01
8.536407016486132093e+00
1.320853967576519183e+00
1.574155579083960887e+01
4.525994358382788363e+01
9.962782329470988074e+00
2.592169012081285029e+00
3.808438262316128586e+00
1.534184266708413524e+01
9.847562806865587604e+00
3.009531132694378286e+01
5.085296252404292616e+00
2.474558717851962086e+01
2.048315412665912216e+00
3.972820099477480937e+00
3.726755761401290101e+01
1.213918958414442884e+01
2.237344992294073620e+01
3.613287806989522455e+00
4.867874650313018137e+00
8.671506037163615233e+00
4.653168968248724724e+01
4.441604662307758744e+00
6.473947397809632243e+00
4.375993884299307268e+01
1.539649822028183657e+01
6.912381054376873557e+00
3.118768037393523151e+00
3.410544230684234890e+01
3.787840198712495443e+00
1.504991227982029400e+01
4.821975968616506236e+00
9.581993240624360197e+00
4.921425230898279324e+00
4.544011850924718487e+00
1.453367346140660032e+01
3.274581032021134064e+01
3.832176559780749336e+00
3.109702686137730154e+01
2.579445869515068601e+00
1.119898539965691064e+01
2.076223967059796394e+00
1.160497135611912078e+01
1.462518026916618830e+01
4.519192459294350428e+00
7.263652205988316624e+00
4.707258804271610586e+01
2.688902708373107231e+01
4.138747658759711179e+00
1.745967308739325219e+01
7.834503156496231746e+00
1.472683216824657748e+01
7.615299341750698225e+00
2.018410289472961239e+01
4.097389956842570236e+00
9.661919535531688918e-01
2.604346356300289500e+01
1.250182960821158851e+01
1.021820562500785101e+01
4.014499581087795477e+00
5.118361792571161750e+00
1.637258294693118899e+01
3.818937643133004212e+00
4.132246078160062730e+00
4.984241104090613561e+01
9.123085393977161672e+00
4.162287834744924808e+00
3.705174207129824371e+00
1.191733379184688069e+01
1.861233635418201970e+01
1.391234899707451689e+01
2.697099953567212438e+01
3.218699660929300421e+01
3.036167246540878217e+00
9.190263168731194199e+00
6.005605487784757557e+00
4.558001148612843778e+00
1.024762111274201715e+01
5.516890606662250285e+00
1.385001791803313331e+01
1.555879964791506964e+01
4.633814273583941379e+00
7.874863131925105009e+00
2.286423511957944044e+01
6.264593218618772497e+00
3.083616719542026985e+00
5.992295014087870797e+00
2.743026195779931342e+00
4.712853850054714400e+01
2.231338948685643686e+01
1.080066825931023100e+00
1.710584327402181515e+01
3.924273036655497293e+01
7.635146413196551407e+00
6.338340444608908442e+00
1.393663402496213877e+01
3.301127974541242338e+01
1.975951612222180742e+01
5.710236809541405734e+01
3.228538258069896916e+00
3.870438093259769730e+00
6.519945794627359348e+00
3.669780688774957156e+01
5.936277743348975733e+00
2.921086468971767491e+00
6.258209886127680477e+01
2.713785790917800611e+01
2.531475137823241184e+00
1.291398567226495686e+01
1.429251799935544298e+01
6.877312893521722259e+00
8.116848419481762278e+00
7.998160212459073826e+00
1.709128012874918312e+01
7.596584275755077442e+00
2.555805954248690171e+00
1.611779117617827239e+01
3.938026931158120192e+01
5.380179476705095887e+00
9.955005432299209644e+00
3.253107667222172950e+01
6.280014756700659007e+00
3.655715079581667304e+00
1.047363858664788161e+01
3.108988921446619358e+01
2.680486716950144199e+01
6.889438683407655617e+01
1.481441992022364751e+01
4.456860919462891424e+00
2.758708405947185582e+01
7.541871315233251494e+00
2.879898250855148945e+00
1.123610501055040345e+01
2.006080027910340124e+00
2.750573168911802924e+00
4.539421739286586188e+01
2.141901833719038706e+01
1.176433403853280169e+01
1.304195979476796019e+01
8.159592037422466859e+00
2.429289862731175020e+01
