1.104630876008325435e+00
9.263736932192712104e+00
4.432475376306065584e+00
2.445324306048630092e+01
3.537363339411502050e+00
1.275630542397662737e+01
1.884098791032059950e+01
1.867284710937541803e+01
9.173445153871458757e+00
7.706105229713178240e+00
2.382577599536647384e+01
1.122078232091958760e+01
2.899777652165567154e+00
1.473506942905289208e+01
2.265872133776233355e+01
1.267924735101862233e+01
9.300447893965807111e+01
7.592511352730414664e+00
4.450750934032949147e+01
3.802579268204136298e+01
1.955283784516652190e+01
2.314360648250847863e+00
3.232683326544208313e+01
8.315455646264444667e+00
3.948252771332378330e+01
1.025512755094028527e+01
8.466434345346455004e+00
9.665104644432192416e+00
3.128822985532560352e+01
2.650359889492615917e+00
8.756895027872960924e+00
1.864741154297828629e+01
3.018228649440250067e+01
2.902891734309713101e+01
1.241784197458578554e+01
9.911149677888749565e+00
1.410713249076323095e+01
1.555730008929771913e+01
2.975473634988168747e+00
7.875896483704358353e+00
3.265864872397762575e+00
1.054625720019272528e+01
2.119656003421351187e+01
8.254505454114852370e+00
7.525154791281087441e+00
3.079401306623174683e+00
3.760248813917149491e+00
7.053807853519760585e+00
1.392581285449064765e+01
3.028376530543630540e+00
1.716137924774773182e+01
1.322225318478774803e+01
8.626887779301695147e+00
1.114073818887119849e+01
1.021931601859778738e+01
4.798811503827666769e+01
3.031123996624035399e+01
4.450953840713084197e+00
3.880219198948391401e+00
1.521370395107223850e+01
3.110708735208343256e+01
7.196615910014386053e+00
1.066957312458961482e+01
5.852908898712497532e+00
6.354260209537261339e+00
1.809949329014473562e+01
6.208688531925246501e+00
2.218425491655437121e+00
1.047177006512677089e+01
5.572166362961424113e+01
3.751504670131712071e+00
1.500659231359439261e+01
3.229008060780576272e+01
4.195008943679216173e+00
9.249317469251586488e+00
1.700122550369552954e+01
5.963471097602781157e+01
1.857332052993490024e+01
1.644995547575917527e+01
6.044330616649751242e+00
7.981218347423623349e+00
1.239302791789378189e+00
1.346732816125734011e+01
1.009902610113081245e+01
9.287017605871459125e+01
1.266620347795536361e+01
1.931483205470820153e+01
9.791051592831093942e+00
1.556584701961132566e+01
4.979494901113046268e+00
7.156817924590512803e+00
2.358813639525778783e+01
4.670988050885423348e+00
5.158954149102143560e+00
8.528069742084477767e+00
9.847214581784641041e+00
6.596683317019911286e+00
7.932021204063659958e+00
6.500247519587475153e+00
7.907908142689439757e+00
3.151802224719804091e+00
3.155503475711006089e+00
7.070751081617536293e+00
1.600476169315189168e+01
8.487000825910429924e+00
8.073378046096095773e+00
1.539282098752383376e+01
9.748381581256158057e+00
8.722383453944795306e+00
5.584981558140101221e+00
8.018904726080281264e+00
2.338338867331504645e+01
1.918139276054342801e+01
9.292252193377837699e+00
1.394032436459956870e+01
1.550122001394365157e+01
7.151925911789961177e+00
8.476965692069825309e+00
5.053627566564951934e+00
1.414058935099595438e+01
9.437871199151443236e+00
4.405527790689115264e+00
7.689580431412844419e+00
4.451201503664682591e+00
2.784307997164648718e+00
2.255257770281938079e+01
2.566686505651071926e+00
2.134493160246644194e+01
2.343597173600386085e+01
1.775722711988069946e+01
5.859256048927674598e+00
1.107399876635499680e+01
9.523466958919881264e+00
9.572754611958265158e+00
2.204218598208375113e+01
1.556419564562136593e+01
1.449034796503158251e+00
5.071816311078481299e+00
6.832290919570808363e+00
2.610664570025495834e+01
3.795372833428542592e+00
1.183011396908736756e+01
1.223202042503368681e+01
1.487484675078450813e+01
2.590240541154481235e+01
1.169310062143898854e+01
9.350442894819362749e+00
1.347690215822523108e+01
9.378033620900652068e+00
4.696217758729229530e+01
1.130816413573736234e+01
6.501339673361817617e+00
4.778386029614772923e+01
3.098827548785188313e+01
7.180137579805874637e+00
7.177386301828355464e+00
7.336376582631374710e+00
6.548626592312844608e+00
1.633374836542245490e+01
2.550594809738298885e+00
1.958529900661127598e+01
5.614429230487585798e+00
5.436903470203153788e+00
1.092078683845878828e+01
1.428381895555398184e+00
4.738625715311624909e+00
1.103132628014024164e+01
1.223951803862907539e+01
9.599891728698530358e+00
2.666752380606976836e+00
7.436666627548011377e+01
1.460695151415896831e+01
2.182972393335457895e+01
1.204393437584643500e+01
1.099346979524267098e+01
1.078456872711042358e+01
4.028535834092104473e+00
8.497297126652538779e+00
4.014369190920082708e+00
1.470873191679188174e+01
2.222350062566003714e+01
2.547172755539904632e+00
1.987638800016942753e+01
1.979777695117863168e+00
3.963588047779536883e+00
6.647449500331005012e+00
4.993982999968861414e+00
1.271228803492221537e+01
9.416894089693515824e+00
1.692711689936109565e+01
2.158565602240012282e+01
8.221836834500626523e+00
1.611726853782463564e+01
6.196649353366633051e+01
1.414095894057557068e+01
1.342818844197528847e+02
1.223083469117436373e+01
2.114628847687971103e+01
4.470330384377959376e+00
4.259661909488137610e+00
3.345366301653354579e+00
4.476984197699691492e+01
3.560569288539095378e+00
9.190022118004414153e+00
1.760631377459466762e+01
8.646442164611674741e+01
1.041494690918214161e+01
3.402683330578819465e+01
6.202490649030918846e+00
2.138944929814377893e+00
2.011438256789075396e+01
2.648457261032160659e+01
1.980413412891176961e+01
6.576006604189595706e+00
3.819267497304021042e+00
2.742368883608234498e+00
1.833238454861774835e+00
5.507375534887999358e+00
4.709798092079257259e+00
1.126395097448019378e+01
3.673292749062751827e+00
5.074114109338403900e+00
4.275387443840203971e+00
2.855301162679040061e+01
3.814341904282169793e+01
4.437864959204804727e+00
3.538270124253971005e+01
5.164211290556742995e+00
3.403242167712744237e+00
1.700843882859658596e+00
2.322907094325923349e+00
7.656444948471741618e+00
2.882300082848935574e+00
2.616499230215041383e+00
7.733942990317891564e+00
1.320099563103850571e+00
4.016207941845637563e+00
5.882908289551926906e+00
5.130179905654070005e+00
5.319449194679998882e+00
4.441056115913401214e+00
1.369009590676525789e+01
7.752854630358458010e+00
1.015544106637416455e+01
7.126062654382931960e+00
1.023239095481217831e+01
6.999078763229626965e+00
4.363711725517188000e+00
2.018842395881568663e+00
2.662637443749987565e+00
2.720583866395645867e+00
3.599175835932203249e+00
2.784717674268999588e+01
4.709759564293529266e+00
9.495838878832127961e+00
1.441536195381004859e+01
1.014381648362842370e+01
2.251998432076586809e+01
3.327509347232701309e+00
7.297188135623854066e+01
1.202523392752067899e+01
2.490247467642180723e+01
3.161152543965600525e+00
1.363418204259809308e+01
6.703034319503228922e+00
1.608973650656025356e+01
1.405812736699967758e+01
3.250335220653803958e+01
1.983273139075663849e+01
7.682773976574425845e+00
2.127627327871901386e+01
3.426366014652901359e+00
8.685686467634130992e+00
4.566233334066643224e+00
2.073596016438591150e+01
2.441684514094115244e+01
4.465217769922533364e+01
5.321689323507927227e+00
5.587709434276966647e+00
2.409594401588951840e+01
2.452845343668031219e+01
8.714654043645056802e+00
4.708675654508142294e+00
3.408527819700508221e+00
5.686887599542808758e+00
4.710275231326142453e+00
1.463178694961962201e+01
2.420830010262700327e+01
1.983278532160327146e+01
1.182518311452369808e+01
1.718064068665061450e+00
1.041143947647414514e+01
1.872514413145722045e+01
2.953298463662720419e+00
2.871056077265824680e+00
6.440996994231911188e+00
1.415780975873476955e+00
8.907256685357906179e+01
3.322615172812726669e+00
9.607048701345824782e+00
2.993636840192987947e+01
2.410354491935517096e+00
6.540363933495434878e+01
9.389488119257877941e+01
7.812695935675217918e+00
3.163601825401325840e+00
5.013214788581035641e+00
4.352410612123697398e+00
9.164760985946795557e+00
1.238717053724858452e+01
4.574850021532361666e+01
2.063110453320503623e+01
2.555460951757352106e+01
5.885437852266329983e+00
2.441364946054846286e+01
3.053963685875081779e+01
7.038329406336903737e+00
1.572533021385162932e+00
1.063961254061830175e+01
3.040483209250067276e+01
1.224875263923328994e+01
1.343329803023275559e+01
3.017516089721373973e+00
1.112963705368748002e+01
1.250821693940047830e+01
3.513403113644721909e+00
1.458121055152104795e+01
4.906585676527321027e+00
2.820794890917047493e+00
6.868240004937532284e+00
1.696046555630724484e+01
1.456140463869677326e+01
9.970783656246020143e+00
2.112967249001439640e+01
1.205979608167861805e+01
1.848777238475289764e+01
1.140892617338307957e+01
1.272854074685631609e+01
1.044296103144651156e+00
6.308036280448150457e+00
5.428049627982962200e+00
8.955867012771641100e+00
1.557282071003354673e+01
7.686331875478543907e+00
1.766365740792287298e+01
1.477044811295497873e+01
6.836324581795456368e+01
5.214820928127625876e+00
6.427454715754104875e+00
4.809796972010083493e+01
5.977836762349615363e+00
1.493904622490326339e+01
2.833000273813062364e+01
6.828505112889221351e+00
1.152136890884253617e+01
6.467663376767920624e+01
3.503962770131907689e+01
6.377518613512568990e+00
3.210090692202048235e+00
2.474406499731183828e+01
3.221894158572783340e+01
3.372824782159885793e+00
4.308555930021237046e+00
5.248751154696722487e+00
1.379395971057551407e+01
7.377500800731667141e+00
4.836317357690357710e+01
1.430185484308102417e+01
7.197485730441634644e+01
4.596398241366636661e+00
1.960899908267466074e+01
2.192332324408615918e+01
8.119172744014163001e+00
3.985692496331014922e+01
2.904918683365717236e+00
8.782145252963990956e+00
1.239304598588962563e+02
2.968571690168131383e+01
1.724339835069471505e+01
7.325410523578987920e+00
1.281254851884044754e+01
1.406553974647943051e+01
1.000653203502009525e+01
4.809729376459798367e+00
7.182404255060539811e+00
6.962460492829941927e+01
1.473284898216797423e+01
2.058568952089711246e+01
2.357872562050387444e+01
2.109728192201314556e+01
9.753977206807036282e+00
1.335045456652416540e+01
1.776468350680191577e+01
8.349630607546650651e+00
2.939686896495007673e+01
3.735955140881739567e+01
8.787946120261885596e+00
2.209641740501088236e+01
5.205123837010763310e+00
1.767649500117962091e+01
5.155499843197423715e+00
1.033097076896255828e+01
1.662610603438189116e+01
2.791881152497157004e+01
7.009222477558769704e+00
3.345142840486003166e+01
7.418866141062283148e+00
2.055939764141560744e+01
1.253037531658037409e+02
4.602103807133210012e+01
1.703969195176358653e+01
8.358186029219732305e+00
6.518846896518528666e+00
4.301481868477885939e+00
9.690508422706054503e+00
6.702553753752179766e+00
6.350884865411692282e+00
1.921536629235930826e+00
2.770119897358473082e+01
2.026272507195031736e+01
9.858526469233202860e+00
2.093623265174269221e+01
4.808562000772201195e+00
2.930584576390693741e+01
2.725194318203078669e+00
4.883285154312822840e+00
5.579851149020632839e+00
9.893165855693911936e+00
1.230255738649076847e+01
1.929702892421843430e+01
1.011163404531643550e+01
1.473457910577782393e+01
1.116149043012077335e+01
7.917033753808795815e+00
4.159670670334472575e+00
9.744725241304287522e+00
2.519389964591670505e+01
1.249950377030985038e+01
8.188214976568517045e+00
2.677842949355336444e+01
6.629314899112925374e+00
6.307885554059046385e+00
6.612041327218873832e+00
1.103709588923752349e+01
1.239418198182129416e+01
1.343268735683124326e+00
8.735185202122769610e+00
5.846158995493540012e+00
6.603056678998452611e+00
3.490712560710148349e+00
1.392372908968831169e+01
3.799441934991973469e+00
7.770519314885086182e+00
3.475028941497380686e+01
1.557292383554621651e+01
9.518040808448983370e+00
1.015489173734568062e+01
8.153665084213318481e-01
2.159585956930128248e+01
7.017150711039735533e+00
9.142304614232225290e+00
2.039252114910991054e+01
8.281655799019793207e+00
5.140754400948047476e+00
2.632908601183034492e+01
8.356640589297278154e+00
1.690122265771137222e+01
1.403774717392960270e+01
6.158235833912588220e+00
9.466454377658006791e+00
5.391808840064518549e+00
8.998701818595556290e+00
2.354626511447014625e+00
9.337545569581987337e+00
1.048549128195570113e+01
1.195350714222953492e+01
8.830498594074803975e+00
6.084896157214011225e+00
8.240509873361698823e+00
1.330683607970189364e+01
2.408023450831297652e+01
7.947617462984940317e+00
3.800300378203767426e+00
3.451619512200519768e+00
1.466468310255843335e+02
3.170528937779401701e+01
1.776519090670971224e+01
9.460497757565059729e+00
3.220212830607484644e+00
3.864546430395261911e+00
1.368937119663731750e+01
7.689925299952859561e+00
2.974501866068410294e+01
2.699946757565441402e+01
3.658318436928147399e+00
5.076703371743126780e+01
8.143872471559612691e+00
1.229552367780046929e+01
2.064218200043301366e+00
3.271956915452066994e+01
1.306370954801760931e+01
