1.211113860483520277e+01
2.588565365652506500e+01
2.414748423499953844e+01
2.046392306412564821e+01
1.744255172538293763e+01
2.443817194801500747e+01
5.070444073935536977e+01
1.678927126377319112e+01
5.719469174169940118e+01
4.068349485259363263e+01
2.214245914882565103e+01
1.183028674857137652e+01
1.422465694916611767e+01
2.425702987648510245e+01
2.139200857909892406e+01
2.697389659863535627e+01
2.738359617409074787e+01
4.182717036288813972e+01
1.299800703003091229e+01
4.288579975686025669e+00
1.938246244408272290e+01
1.776711256244291093e+01
1.507367370588783118e+01
1.960789367738797750e+00
2.440764380457566673e+01
6.419109460562373215e+01
1.219099118223145162e+01
3.499494218168389637e+01
1.933475202708799756e+01
3.436860630694946650e+01
5.415933290423205193e+01
6.603051694497173685e+01
1.676920884099698128e+01
1.806960824647898534e+01
1.488566246754399636e+01
2.066557367321187755e+01
4.831177160563867368e+00
4.957595568885190573e+01
1.607504538734874089e+01
1.853558641588294265e+01
1.213602970322024355e+01
2.560521663678740723e+01
1.537633823446056347e+01
4.939132557542319546e+01
1.782709502212030728e+01
2.309995544824870350e+01
7.060267464005680615e+00
5.906350413950648637e+00
4.786997932687039103e+00
6.934934059852207788e+00
7.913306706933263435e+00
4.553173248807010509e+01
9.063931414198457048e+00
4.041270132627712286e+01
1.695855718382349053e+01
3.225506373859687415e+01
1.597800330291679849e+01
3.633933398311130958e+01
7.931033123126603357e+00
2.366831324793959013e+01
6.837665112468379824e+00
5.253777446806639517e+01
1.515093910353434836e+01
2.694559493387111715e+01
5.062204792609375836e+00
1.316674431299788850e+01
2.544615958203398876e+01
1.402922504279062466e+01
9.914062770010731995e+00
2.074215951639384059e+02
3.862142369338506143e+01
8.167512262788578781e+00
1.990063909035166390e+01
1.496769624605632920e+01
2.047087955159420858e+01
4.765945955217419794e+01
5.163412663658024648e+00
6.751210323592547979e+01
2.200040533894340555e+01
9.644308199545198690e+00
4.000073496784447968e+01
1.463203207683079476e+01
5.527599460111461838e+01
1.844382789339671547e+01
3.084292866894406160e+01
2.433140426132701251e+01
7.022769730876838423e+01
2.926602971592460278e+01
1.640980916999164663e+01
2.194765472690337660e+01
2.762817271092843541e+01
4.008518109251188122e+00
3.348299273138623278e+01
9.612092303174389230e+00
2.856287636571036614e+01
1.227732313840517264e+01
3.015483211434703037e+01
3.182035630153157513e+01
1.034545523099325948e+01
1.246480060417940372e+01
1.407465570216437278e+01
1.457098850424941539e+01
5.127900270729235643e+01
1.333401971932604013e+01
1.157493583718868457e+01
2.122407065211820409e+01
1.297023363850693656e+01
2.054834449838184085e+01
1.998605232377223828e+01
4.159139682146004446e+01
1.622362133382262428e+01
1.653379446174811207e+01
4.376363471245267256e+00
2.839612831537245796e+01
3.023483177813241340e+01
5.765715879464616833e+00
1.014327303811780112e+01
1.050782436194767122e+01
1.176497993770148831e+01
1.531759081553198953e+01
9.544014562197085993e+00
3.572988695703600115e+01
5.412060982566087119e+01
4.211527929665733438e+01
2.845178616881704414e+01
5.090709167004681568e+00
2.446520949118955812e+01
5.076613381081061860e+00
1.000015346220849466e+01
4.433165794484347799e+01
7.368034666835112034e+01
3.036919155344964594e+01
1.349974734884966310e+01
3.845669001490913619e+00
3.073509963890247221e+01
4.649417301484048970e+00
1.231239114122477041e+01
3.154203237812890137e+01
2.288925895624166174e+01
1.296461284326844243e+01
3.818346385377626007e+01
3.317670441858926011e+01
3.714323490450033205e+01
1.021078520500249098e+01
8.571335697203060988e+00
9.249941658773641606e+00
1.438339657344134181e+01
4.101843173185434210e+01
3.444777964259071013e+00
2.038359307459792902e+01
3.623538677060525970e+01
9.085739387521607924e+00
1.328935206142213943e+01
2.765788550842072979e+01
2.671482206182607300e+01
1.853739711310616300e+01
2.117721920372260058e+01
2.441025197731668683e+01
3.989660280273228921e+01
1.039852869610272812e+01
2.409435562530491381e+01
2.601935009892075712e+01
2.119179719845944376e+01
1.038818198085062505e+01
2.487816864051454857e+01
1.242069863874440649e+01
1.539052450623398443e+02
7.184371345687553401e+01
3.461061650294681868e+01
4.409282125318764400e+01
4.043016655222821498e+01
5.054540902684214743e+00
2.025003759232590017e+00
1.250982397313177152e+01
7.682515224462804326e+00
1.922769718808710593e+01
4.314920650004403058e+01
6.925521443321437687e+01
3.341929346377976628e+01
3.070015209849561444e+01
1.518541107097066067e+01
1.370243803229367430e+01
1.251359902722449213e+01
3.444438833686159995e+01
1.628892286622408392e+01
1.883818547566079715e+01
4.401637233913139369e+01
1.221439410327305275e+01
1.886349154574848086e+01
5.800307870302808055e+01
2.329149124925154979e+01
2.529923826113201812e+01
1.703572393131982921e+01
3.229272295654914871e+01
1.897769692328232338e+01
7.827835176186175303e+00
1.335471864334141046e+01
3.408917681616111395e+01
8.166501252337727124e+01
3.170934517550576537e+00
2.846952349640953983e+01
2.919066630894978331e+01
1.270474281351381585e+01
3.857359167016200274e+01
1.223089142961417153e+01
3.024544816244532797e+01
1.968547356374321566e+01
2.331249130259580582e+01
1.663268055583353089e+01
2.690403936834279808e+00
2.000029506526576739e+01
3.280161938842252312e+01
1.242369394538823002e+01
2.066319140693545009e+01
3.657999048706919609e+01
3.702125290612334396e+01
1.353518951667672710e+01
1.490725288413508487e+01
1.925221123300718418e+01
1.104510261532491100e+01
2.392707223566411656e+01
6.745448966574636529e+01
1.492794611171507491e+01
3.365271541643024733e+01
2.649193252131668430e+01
2.291852974147963096e+01
4.170721912114726848e+01
1.755075270020873290e+01
9.367689615470460751e+00
2.266541662955391701e+01
3.934971972275757679e+01
2.450399527641039299e+01
1.373890327017950952e+01
6.801915171995677412e+00
8.088652195402822542e+00
9.745269106634980361e+00
6.961757128644638470e+00
1.514530611444329722e+01
9.851333868873632937e+00
1.304810300924083677e+01
4.411507473811194124e+00
1.291237528991467975e+01
1.952241961873766485e+01
1.383185118795117674e+01
2.802420873317238659e+01
2.511314560516145278e+01
1.716001855918019103e+01
1.742276205328078831e+01
1.797798227180193464e+01
1.922161479523512995e+01
5.799673791130405931e+00
3.412644398575530857e+01
1.292428599002282041e+01
1.755398000791444701e+01
1.998256849232265253e+01
2.280885582117082322e+01
2.113587559458412457e+01
6.610649598173036168e+01
7.211501063599653705e+00
4.659180698053878444e+01
3.440481676203015127e+01
8.770005230345740088e+00
1.746586566983714661e+01
1.077752159892290251e+01
8.059705059899562229e+01
2.102274588037175818e+01
2.669013282678266918e+01
2.149746945196701020e+01
2.579000792507822126e+01
1.381943139293968237e+01
1.193055827780922407e+01
2.519695798577872026e+01
2.401014429470427203e+01
1.942152868971589896e+01
1.049129214349669681e+01
3.750382421384026088e+01
1.692319087403644673e+01
5.271660809460052377e+01
9.430245947812235130e+00
2.789332952045851144e+01
9.946434948444888846e+00
1.843428967627370341e+01
1.779186095213937335e+01
1.454170970410071462e+01
1.272912540129511427e+02
1.808267175393298842e+01
2.735663776374909162e+01
2.760602474546330498e+01
1.145078523560909645e+01
2.447601346501668829e+01
3.110142496961600500e+01
8.422652868602130027e+00
1.462213586216910954e+01
5.185186661660154073e+00
7.908615573363212192e+00
2.973676783968577553e+01
9.855901007568061090e+00
2.431615945251345678e+01
1.538050907057531980e+01
1.636673906249234278e+01
1.178028201731299873e+01
1.984158268278918413e+01
1.110680171284185036e+01
3.935196981279909068e+01
1.851912313213977868e+01
4.103688412566172872e+01
2.700748327693728967e+01
8.019249883351520225e+00
7.746305604687300672e+00
2.108027699997407112e+01
1.710440740376192181e+01
4.907796149839549571e+01
2.326044272112878275e+01
4.129156788027386682e+01
1.306862582883741553e+01
1.635773623136826060e+01
1.266106643769470530e+01
5.112994079169676809e+01
2.606353686906546230e+01
1.864959631514729210e+01
3.527028008955593208e+01
1.503660354780352826e+01
1.772256226031679560e+01
5.312642814626565269e+01
1.715431313446230277e+01
3.638492829415588403e+01
1.613468120378344750e+01
2.884425900451507374e+01
1.606166060301866239e+01
9.975148355706926040e+00
1.233249379147649982e+01
1.818055392324802000e+01
1.112808555439395519e+01
5.230763901259825843e+01
1.831192643070324166e+01
3.218162773519348008e+01
1.188301407165508472e+01
1.006360019461908450e+01
1.338790599824859662e+01
1.711763259124726844e+01
1.467077683914261321e+01
2.196144851732245940e+01
3.520578529089150521e+01
3.664658653009524869e+01
3.645426592070642613e+01
1.499016294240668969e+02
9.479682293683966421e+00
2.357741593841463867e+01
1.471610637056644322e+01
1.076905442636953758e+01
6.085467713751458341e+00
3.070454892225467969e+00
3.889987699079642169e+01
1.463005224119461900e+01
8.574928303256781703e+01
9.204601319929988534e+00
5.559448924036049178e+00
1.299301279175278268e+01
1.042221267542843854e+01
1.570770194552945753e+01
1.491656641295219998e+01
1.148177400493354483e+01
1.256072743974357842e+01
2.029924251078510267e+01
1.182486407333857947e+01
9.470261762385158377e+00
3.527974121323062917e+01
1.205309197583784098e+01
2.474477133438155718e+01
2.592401047899492639e+01
2.409994807635054670e+01
1.963809543787674627e+01
3.277309383474819526e+01
1.118563780608943858e+02
1.260813348250313126e+01
1.155808968700198491e+01
1.140751907696528811e+01
1.892426615756239983e+01
4.042584331246010976e+01
1.947019577426370063e+01
2.618539860171776112e+01
5.972250700045761818e+01
1.670121448247880380e+01
9.555967865701305186e+00
4.295119946818500978e+01
1.206712711581171504e+01
1.668426656127752139e+01
9.248806145636883969e+00
1.439169984927856838e+01
2.117793343251000948e+01
1.469956719585850102e+01
1.444210890441614303e+01
2.536096704316513595e+01
5.828884853295780211e+00
2.516263403198009030e+01
5.790288245146978596e+01
3.088558086616231435e+01
8.341384732389005308e+01
2.764035786658506311e+01
7.954156171435210254e+00
6.591996712930557223e+00
4.505371974800434742e+01
2.522489940617251847e+01
2.548234663743163253e+01
1.507674585999092898e+01
1.086866902721390105e+01
5.607630140829618526e+00
1.343516756433774262e+01
8.235954963656036298e+00
7.848111091205100642e+00
2.641973177364954850e+01
1.616778953561021126e+01
1.336203406469031485e+01
9.767108657598154053e+00
1.036268169495375879e+01
1.134351127774206347e+01
1.298326091054728693e+01
1.232415745624178705e+01
2.359112063053443009e+01
4.653480173376035367e+01
1.147320170989474164e+01
2.948306790504191710e+01
1.026924168954554339e+01
5.034563228520889311e+01
2.259567583702084548e+01
3.116504402391381490e+01
5.287403199770685092e+01
3.064023610348342430e+01
1.645748352023205996e+01
4.124187363987925181e+01
4.308615788708963379e+01
4.195902211641693214e+01
1.526403018464922212e+01
2.262515505215566591e+01
7.755992432219761312e+00
2.290068486260599911e+01
2.568878785057352232e+01
3.916422571721697921e+01
9.503005758954458315e+00
3.579801480308654504e+01
9.392040479021513733e+00
1.943806133623716903e+01
2.084172857302483450e+01
5.082346372570074600e+00
1.897805858892946418e+01
4.153798702818311739e+01
2.066772126062822323e+01
1.451805013080634943e+01
2.279686930706501258e+01
2.252095768733351022e+01
1.148544785927353473e+01
2.522478350464588814e+01
1.646135082089091739e+01
2.700119423740855495e+01
1.561823309167374063e+01
1.947668818555249715e+01
1.338152833920741180e+01
1.953040364675760898e+01
1.495189984594326660e+01
9.971243695128238826e+00
2.367961861882273666e+01
7.511939161750822436e+00
1.319985412649943868e+01
2.296571310401358090e+01
5.919739232928792916e+01
1.313472231076414509e+01
1.925694934404580749e+01
1.221837898579909876e+01
1.289036198329374372e+01
7.830363455205471723e+01
1.988450339482436746e+01
1.170033488661436571e+01
9.284054319430888214e+00
8.078652816363823774e+01
1.238395830836258504e+01
2.524758746205666071e+01
8.431844989204847707e+00
1.603809916144323466e+01
1.450748026448541950e+01
1.722683692923412835e+01
1.484945780743122334e+01
6.907050821314530964e+00
4.084398453231608528e+01
1.642553163695567164e+01
2.782835572813283775e+01
5.024845161362169854e+00
2.294530515798431480e+01
3.360916980916746866e+01
2.776899445871202943e+01
1.421203042536890848e+01
1.372556912058180068e+01
5.601896224254547008e+01
2.553052197733061490e+01
8.564270240386100852e+00
2.259438448835319235e+01
1.765167497411655262e+01
1.623919087660953053e+01
1.760111735640495212e+01
1.095058074499589118e+01
1.179907720899575629e+01
8.974588016746901431e+00
