9.708816833970718818e+00
3.786948332718917243e+01
2.257044298188216302e+01
1.474409001134619146e+01
1.801043897437367391e+01
7.419561853091141757e+01
3.210937002821649955e+00
4.334354760475475388e+01
1.180265324167846863e+01
2.015992043255125310e+01
4.487732667109070661e+01
1.525094432237783870e+01
1.430480236589320953e+01
1.449614069481159184e+01
1.659430282739210583e+01
1.597399551158605213e+01
1.449926962509546158e+01
8.799621810287037604e+00
1.982646700929787542e+01
4.753780761522456544e+01
6.893088176727658833e+01
2.368606128822884571e+01
2.539801997047364068e+01
1.930415681905715886e+01
2.487606910670693949e+00
1.796746039391689820e+01
4.245301310522463467e+01
5.999665079891106423e+00
2.912947328971423744e+01
1.256276717001420451e+01
7.798215596760688584e+01
1.205202411602977364e+01
2.287172310958696642e+01
2.068202990131691266e+01
1.024309955755440171e+01
5.610827405730105077e+00
3.430867971439020891e+01
2.665467456804798374e+01
6.887536937678864213e+00
2.912427663044473292e+01
9.323909895243733104e+01
1.702258181028260609e+01
1.488493654839692226e+01
4.647113164839316113e+01
2.025497693714769909e+01
1.241185148099299695e+01
1.211522035196341918e+01
3.950444451320321093e+01
1.810911032664840192e+01
1.150919881365719455e+01
1.207734261030045175e+01
1.771913917098730451e+01
4.036868309829559109e+01
9.648500617943371438e+00
6.579973743849157586e+01
4.154470703919848518e+01
6.752898368567256782e+00
2.303347186661569523e+01
4.351744589948712161e+00
7.192825372151832930e+00
3.245142567984758841e+01
5.958561221350250570e+00
1.434496249685350477e+01
2.178202689614961329e+01
1.333258740894969385e+01
7.585900150343395154e+00
2.206439370191663940e+01
3.919608057713835336e+01
1.442261648124849494e+01
1.432086287333050123e+01
1.062078482157380854e+01
4.728871777705366597e+00
1.720013738771898559e+01
1.928331239123275154e+01
1.620051674884637194e+01
1.239857815806080765e+01
2.671266945267569781e+01
4.131333542709209183e+01
1.603578466847934436e+01
2.287255122420706499e+01
1.702675723573441857e+01
1.133939419371759527e+01
2.507483631538596214e+01
4.132692786886543956e+01
3.395826200742382639e+01
1.108224101151662744e+01
5.676882603483655920e+00
2.207352266264123273e+02
2.727511477229508685e+01
1.333486459413387308e+02
4.245626198175123100e+00
2.630213249414511623e+01
1.189654862414146130e+01
1.834875452660391915e+01
1.762012140735213350e+01
2.044290716493805249e+01
9.495727936143797621e+00
2.061194659163857423e+01
1.678482609050445262e+01
2.641460670842279868e+01
1.574907820945049863e+01
6.783391026134804491e+00
7.349405913204206442e+00
3.792810775894024289e+01
1.425513063563380456e+01
2.207080002720802270e+01
2.882339728272457791e+01
9.709633520395151152e+00
4.727625182362939427e+01
6.567799686528688063e+00
4.474967783202119165e+01
1.288627524873073327e+01
5.812638408315973670e+00
7.796417688940400659e+00
1.261854701764837294e+01
8.265410735934146658e+00
1.284957089825945609e+01
1.882050465356759972e+01
1.458925865971298563e+01
1.127657597085963914e+01
2.301235308067477092e+01
6.661385307918367360e+00
1.798277122668016048e+01
6.465204357379923827e+00
1.891226072320590390e+01
6.733125469949003516e+00
1.788089073722754918e+01
2.738125430440785024e+01
1.827635773770365901e+01
1.660544294584261849e+01
2.750730280500414437e+01
2.075527964040680828e+01
9.626645428075416788e+00
1.681204038001307310e+01
1.333408108092077349e+01
2.410965219477282062e+01
6.724217879111477281e+00
5.984009110515961183e+00
3.458244145751083209e+01
1.410401025811748710e+01
1.517833833135294164e+01
7.510387296200856433e+00
2.518074074395599027e+01
1.150062479480023647e+01
7.935972008785395992e+00
2.424265373616512775e+01
2.262522843312015652e+01
9.672548649636460993e+00
2.547395571269563419e+01
2.012452191609965624e+01
1.474325197378790797e+01
2.474102227502014273e+01
1.053262046913821059e+01
3.519803872583031534e+01
5.393788119183489727e+01
2.461882476847212686e+01
1.839949994737602523e+01
1.651363060400869287e+01
1.468436490048786069e+01
1.370610080663799835e+01
8.311431693098070284e+00
1.121749537164011024e+01
1.358925209920881549e+01
4.801401647758190450e+00
1.742823942697627260e+01
2.509608818574302802e+01
5.941954080699161089e+00
1.555248543978830789e+01
4.403382582653689781e+01
2.152795226921893246e+01
1.580830005537035809e+01
7.931966985243324331e+00
9.021705938703258099e+00
1.530389616755800652e+01
1.532843245067679305e+01
9.178254366799333042e+00
1.153078253872335601e+01
4.499456985214924742e+01
4.248742199154921906e+00
5.615997663141912000e+01
3.210156285019245814e+01
1.070469793274060066e+01
9.536981339452420769e+00
2.005270221312654044e+01
7.196160727550029002e+00
8.127519814725429725e+00
2.356511944730173269e+01
5.727809635533274601e+00
5.496425420114523952e+00
1.032879948392483627e+01
1.305232008631779550e+01
2.884819176725558876e+01
1.460391716778559967e+01
7.979560596508894932e+00
7.540806191182227280e+00
1.405302336336995062e+01
1.941463351528701153e+01
2.173952951340469042e+01
1.464608705152863521e+01
1.229521265738477354e+01
2.230226363389721200e+01
2.549779057155581441e+01
1.473583368914543534e+01
2.621170219582100458e+01
1.147929655901303292e+01
2.495789405247405313e+01
1.499164113186919245e+01
3.793028919315317715e+00
1.728029710082601866e+01
1.274989626665949949e+01
1.884017563380722038e+01
5.572171829332339144e+01
2.456030255829375264e+01
1.394863642361884892e+01
7.536029017857647005e+00
2.232303209381058551e+01
7.558545324374751573e+00
9.077180330226978455e+00
7.096631929942898864e+01
3.446647167004289258e+01
6.919446449938420507e+00
3.449580812052273160e+01
2.369278501664435410e+01
1.550560587459878548e+01
2.084002912695501664e+01
1.575928671199218556e+01
9.577578661120860204e+00
8.679556779361380592e+00
5.666433872925590975e+01
3.791570054698363634e+01
3.606946717605288910e+01
5.403347587798055685e+01
2.969098019204859895e+01
9.730370710267107981e+00
3.845488140047370962e+01
1.435198505387050716e+02
4.213227768806032003e+01
3.986736166876691634e+00
2.652250191563788917e+01
7.832185855406639696e+00
6.946536677435784846e+00
5.894703460386395477e+00
9.259115308646135745e+00
6.544949315070813789e+00
5.419922588361350080e+01
2.611877422027473727e+01
5.923380528410815415e+00
3.527942497582504444e+01
4.611113373569668106e+00
2.149565793524153889e+01
4.679340539289883338e+01
7.028837336063706864e+00
1.838977315632048004e+01
4.283421200904349746e+00
2.661852255978733339e+01
6.877088264393218076e+00
5.567127738529191561e+01
2.159497728637557046e+01
2.217079685352989316e+01
3.422937142529998056e+01
3.194868314409744059e+01
2.501915597759908394e+01
3.346529521797894091e+01
8.416637237428281182e+00
2.801617961646817889e+01
1.185931591563141474e+01
1.526536006304465865e+01
2.320756249252962178e+01
1.388210299041493911e+01
5.610766060113072662e+00
1.546582340250758847e+01
8.822456642003778882e+00
1.215204005874248061e+01
1.677427574302161517e+01
8.871941976483824988e+00
1.336361540171227702e+01
3.420538686594441824e+00
2.124976858085149800e+01
1.937483253643915049e+01
1.795525087852804802e+01
2.814453011362916612e+01
6.124191841921837742e+00
8.382355629127781427e+00
1.721342239425309728e+01
3.340802042823161599e+01
3.804009130589184906e+01
2.068276446405892699e+01
3.499407462722652440e+01
1.387016401047062253e+01
7.890079362198754609e+00
4.566375647138024618e+01
2.742352032598098432e+01
2.105099626507196220e+01
1.184585073853271275e+01
2.682270320847802481e+01
1.182157911366789094e+01
1.389150100286145673e+01
7.131079480179501218e+00
9.574551274099823317e+00
8.548754104445535518e+00
6.264720387814838531e+00
4.095580796688253855e+01
3.395127946471346547e+01
2.600642817967133880e+01
1.005233123110166282e+01
1.319675202645838574e+01
5.158760335277622566e+00
2.670634441626799216e+01
3.223179391107571679e+00
1.912412666169024789e+01
6.481528503181535505e+00
3.338373751220202479e+01
2.512793504162108604e+01
1.294854300705864958e+01
8.306540423081768765e+00
2.382964499910601930e+01
5.873722439501487713e+01
1.454057660042988971e+02
7.244172013741280836e+00
1.510331740068559547e+01
1.724645909993412474e+01
7.467649726368369656e+00
4.320468595194385131e+01
1.352312673553364952e+01
7.808452674981966268e+00
2.337465070900271158e+01
2.173336018738273978e+01
2.201245913435887047e+01
8.548308188031507271e+00
1.431248890674672047e+01
1.431142223852969408e+01
1.098232686456265839e+01
7.468309188687364930e+00
1.867791038411800741e+01
1.732322954145100979e+01
1.117490192034794205e+01
1.925270846926943946e+01
1.279811560146265670e+01
1.108921548808618951e+01
1.850801966992122161e+01
2.366174959960137159e+01
1.922622659107364385e+01
1.059628399641978724e+01
1.357383490802232728e+01
1.744040021041607602e+01
1.165059327431763059e+01
1.256570139162747779e+01
9.125992845043208845e+00
8.590562163302836396e+00
2.607440320061869343e+01
1.768617731111343616e+01
2.246294996427186774e+01
2.081958175869155525e+01
8.091505702920143150e+00
7.248412566670339174e+01
1.043357666993664878e+02
6.602864707406845923e+01
4.337359906866647741e+00
4.928274123731537770e+01
5.880364752353405322e+01
1.426614252753048362e+01
1.219517945706526163e+01
3.105644456091817318e+01
6.170264615180853340e+00
7.348155262395078324e+00
9.542308061051111068e+00
2.346406408765091101e+01
1.544922475276783302e+01
1.506254012956299526e+01
2.271588488376455572e+01
1.700550666928946342e+01
6.742442959405964942e+00
1.353886555327029484e+01
3.724009300936879185e+01
3.562668062982567818e+01
9.642005954732429274e+00
4.960693966823414058e+01
2.299328903861342965e+01
1.365334597908795899e+02
1.166633517121734975e+01
3.687742869279185243e+01
6.128090046388782497e+01
1.112578555245515943e+01
1.376048276028900474e+01
1.757705641629593885e+01
1.156113379848226508e+01
2.192459035233887121e+01
4.875131951179433543e+01
2.374340532994104791e+01
8.087473256508394215e+00
2.737061885611910483e+01
1.950938904173016653e+01
1.334073385039662618e+01
1.562041139968395953e+01
3.835050326680661925e+01
1.567840638312755885e+01
5.296203293630313169e+01
8.352247406980810140e+00
1.776614060392892469e+01
1.162718378882282622e+01
3.260780946279919590e+01
2.432547708556986521e+01
1.640403423917593884e+01
1.658436583436862932e+01
5.284990593743147258e+01
7.405456299517878982e+00
6.980654363873900259e+00
7.170832358531474604e+00
2.246094701890966050e+01
4.207208389598968523e+01
2.218769386944295618e+01
2.161267520941628106e+01
5.729184414016956772e+00
1.499677213370166307e+01
2.097849766179288267e+01
2.149949983793219488e+01
1.043132696427166195e+01
1.235966363145628222e+01
3.985586135511517369e+01
3.204553752662119592e+01
1.147247344266974167e+01
1.697527401330355090e+01
2.418693480158726317e+01
8.371237362534200699e+00
5.311734414708156216e+00
2.724912052809672414e+00
1.414034048744287730e+01
1.736871581592944125e+01
6.168827510451569296e+00
6.683782386861526703e+00
2.534162489846318067e+01
2.403509917488132075e+01
4.249185857974347869e+01
3.690784839017027963e+01
5.785804326468546144e+00
4.108549913648517560e+01
4.751674172165561316e+00
1.209607240565000197e+01
2.753360707078570169e+00
1.329971644171137690e+01
2.869006587535129604e+00
2.084693534697390405e+01
4.436224242396719575e+01
2.666855223875895931e+01
6.917509855740617830e+00
2.341442594699994828e+01
5.182177976296165411e+01
4.388164345218460660e+00
3.661447277237576259e+01
4.320638745672109593e+00
2.467820334690239292e+01
1.570560082359544651e+01
4.305865038921742638e+01
1.095645930419298608e+01
2.619741710327505402e+01
1.370500437402803584e+01
1.245490729737522173e+01
7.353131723845913825e+01
2.034594777576113955e+01
5.898524766214741533e+01
3.868283793958226369e+01
1.158102202343235199e+01
3.133360824070300765e+01
4.518989041757750158e+01
8.987193526991232417e+00
2.638659163920086570e+01
1.099905819572560262e+01
1.456503629873985162e+01
8.860803737822456227e+00
7.247372162598082035e+00
2.279346093854901056e+01
1.077270661354626924e+01
1.031430987112780784e+01
2.549808908689419340e+01
1.868257741928978177e+01
5.114964383190184094e+00
8.657207963203438439e+00
1.982685929451196571e+01
4.610001531346549442e+00
8.166174855027591661e+00
5.259694138427933652e+00
1.510647979422776821e+01
2.658013960713900659e+01
3.288713136237574020e+01
1.790008087777018986e+01
1.493109075311991241e+01
3.199881237242338372e+01
1.027924053143296845e+01
2.649495020252852129e+01
9.369207661942350995e+00
9.159554391099621995e+00
1.327145347755486426e+01
6.262704203160041949e+00
9.487287257967642518e+01
8.740126870594007613e+00
2.391383870915685961e+01
7.325709486257919956e+00
1.921876021838889770e+01
3.280758496931351686e+01
2.457759389268873207e+01
1.009648076316324250e+01
