1.212863506330159602e+01
1.536623665687155835e+02
1.080217025557122668e+01
2.960941679253664205e+01
8.051887093281285601e+00
9.331993286263028153e+00
9.377098866633406971e+00
9.938781017916655358e+00
1.657313336083960209e+01
1.504977586211313501e+01
2.018889164357245392e+01
3.023003669478232780e+01
5.406295223635520131e+01
2.993447932178015591e+01
1.499853016718429899e+01
2.809458671873292346e+01
7.266026033769416692e+00
2.064348777181074368e+01
1.173067057783378253e+01
1.544846015250492854e+01
9.756059275272821907e+00
6.116689510769137428e+01
3.380000301550742137e+01
4.310446931615225630e+00
1.383205024856167853e+01
6.693797349671855024e+00
1.167511879086335114e+01
4.303620989959249243e+01
1.513289356393825713e+01
1.713386656015101295e+01
5.030780742115888415e+01
2.968923143491646144e+01
2.252506991997648811e+01
9.008177128259831079e+00
4.280327349272133652e+00
1.337707562013692275e+01
1.122051617979393079e+01
6.957139771375986825e+00
1.494783427345415205e+01
4.318078187806799662e+01
1.845480465220727950e+01
1.657873116691655824e+01
1.323201296445726705e+01
4.136493541509836547e+01
3.078247493817308822e+01
2.482394512218896310e+01
1.592058514222544829e+01
3.966019539450511999e+00
1.635464930360886981e+01
9.393267770165287800e+00
2.374995179430198888e+01
2.476424375224253538e+01
1.497918567278072111e+01
2.476651180380277140e+01
3.294540909253927907e+01
3.525743542048361689e+01
3.403214716811336160e+01
7.313913374591205496e+00
1.558258072015027729e+01
1.784211809975082019e+01
1.293738220994397814e+01
8.037057461726236696e+00
2.414945615720416328e+01
1.050306882605183034e+01
1.534494817162436497e+01
2.034264611285814439e+01
8.077043700786971314e+00
2.785572871469880951e+01
3.208489409302268314e+01
1.737652444849816646e+01
7.122546634888855088e+00
3.705951806266899240e+01
9.444393127697749080e+00
1.696310655806956547e+01
1.578643527210949316e+01
1.686373018834522597e+01
6.185891941712718278e+01
5.683253941508661455e+01
1.024385568196133178e+01
1.696067406469286354e+01
2.665863100272296649e+01
5.181932274909193836e+01
8.552229792636384786e+01
2.018334419834151561e+01
1.661327549007159377e+01
6.158100827764150687e+00
2.682241783907475607e+01
5.120418071698864537e+01
2.563974115665138598e+01
5.345101146499646205e+01
6.220293896138335832e+00
2.171454106506944726e+01
1.789939667902638476e+01
1.921429396248205279e+01
2.751027502322324025e+01
1.459742684822677994e+01
4.105520006291794743e+01
5.126945482685529498e+01
5.703342442288001735e+01
4.757544740121023352e+01
4.760298535982039425e+01
1.883555172132017219e+01
2.008028134195080483e+01
4.050746363738035427e+01
4.975190253921914163e+00
8.304152951880443823e+01
6.720501657193207734e+01
2.439387540740170479e+01
3.167420528977083194e+01
4.619409317387735747e+00
1.120815267803849480e+01
1.450147009089139871e+01
1.094739393069856881e+01
5.194292207350842006e+01
2.850876964520033852e+01
2.516748798314305802e+01
9.840151879725706152e+00
1.116399746101384594e+01
4.050643610411000139e+01
3.953157065335297915e+01
1.247491821826699265e+01
2.084772107090093840e+01
1.480247236097647168e+01
3.161297731898253005e+01
3.747142835857490439e+01
3.578317300608165397e+01
9.559239725920956943e+00
2.246670649858904056e+01
1.766451662254359434e+01
1.772742351697797503e+01
1.092035319695004958e+01
3.776981004799884545e+01
7.576789293167935035e+00
3.158835942735273505e+01
5.611593465645538181e+00
5.525871908159681567e+01
2.503614795560880424e+01
8.361769613127914624e+01
2.743307784517176273e+01
2.422811547134761412e+01
2.905985415020920826e+01
6.599239854217512402e+01
1.215433613905645061e+01
2.843460110283480802e+01
1.915427416280107664e+01
8.801134385366133017e+00
2.170368464251287222e+01
5.847273491773568921e+00
2.533248817237679873e+01
1.438432279070434028e+01
4.577602134083426222e+01
2.049684843525762190e+01
7.038209868139862380e+00
1.320397126987247560e+01
1.555169961931123623e+01
2.420628003122857308e+01
4.264277253848101878e+01
7.141479153940652580e+00
1.837237889121448475e+01
1.167951871746783787e+01
9.327176736961984460e+00
1.214887053781289339e+01
1.662443123882730944e+01
1.592826557648311336e+01
1.443474183908039876e+01
3.442276368025859767e+01
2.440594910952802010e+01
1.523797749487344966e+01
1.973465356994333320e+01
7.468706789881130703e+01
3.975778897714222104e+00
2.728149778034770989e+01
3.154533412061807240e+01
1.025831910055409324e+01
1.384048047312709784e+01
1.227128484161161204e+01
1.406767655112072646e+01
1.321489704829537537e+01
9.345795198203159515e+00
1.042189752543069403e+01
7.728802087347960814e+00
1.099742785110200316e+01
1.114068240195118342e+01
2.199438171649038054e+01
1.397270658760072237e+01
1.126808129391990576e+01
6.073536620384692952e+01
3.187163049949309723e+01
2.273379071930479967e+01
4.560905179954592370e+01
6.060004104201242470e+00
4.398005859189404987e+01
2.924337740953626508e+01
2.648413414403738031e+01
5.330151254428592722e+01
6.198148793234562248e+00
1.343288595474416525e+01
5.332167096519559557e+00
7.285355455880788256e+00
1.601240526475181625e+01
2.239161170546726964e+01
1.373143893568740559e+01
5.500458088320645089e+00
3.275100100152040028e+01
2.958576139694115881e+01
1.887723006548074167e+01
1.238806348061293328e+01
7.314462291330161747e+01
1.097850523480201979e+01
4.418382184396780588e+01
7.439638165780780810e+01
2.190570392378491249e+01
2.894881060263557515e+01
1.939306839300956753e+01
2.370939597340874982e+01
9.715444640896706119e+00
2.179418218266705409e+01
3.444419982147367421e+01
7.717303420088587274e+00
2.372231558299141696e+01
1.133589855048753492e+01
4.790833524192752435e+01
2.352117881487670203e+01
3.681991768866386394e+01
2.239987560162343883e+01
5.638962755748550215e+00
8.819127235930826814e+00
1.579402161570327046e+01
8.756583688208712601e+01
2.906753420969799961e+01
1.424971384457282397e+01
3.181029304207640251e+01
7.462352394377137266e+00
5.260534110088424420e+00
2.934144423082901909e+01
3.678968467783172258e+01
1.412105333738603719e+01
1.106079702803140208e+01
1.560432982763888354e+01
3.176790101457731907e+01
9.469766039211231501e+00
3.293386735189476155e+01
2.046038077891780915e+02
3.144138110338713599e+00
2.883143624449930442e+01
5.543427297871224013e+00
1.538829131905109371e+01
6.786107761281240158e+00
1.311308720550907836e+01
1.137073309264285115e+01
3.772569958869500795e+01
1.692464541349131579e+01
3.939097316276088634e+01
6.057053403777479694e+00
5.364181360318740133e+01
1.020459458535156294e+01
1.680390859581804364e+01
1.100052066264586870e+02
2.184024219564647140e+01
1.062146622885634706e+01
2.746851133096191333e+01
3.267859070935084986e+01
2.502816690419655998e+01
5.560794772569988886e+00
2.538027852652149363e+01
1.469305510629456002e+01
4.402350884251232088e+01
1.948045585362364918e+01
7.459819778222010811e+00
1.467151215340069470e+01
1.419568289146007345e+01
5.075471418160008241e+00
2.653635594154232891e+01
7.154814160588659888e+01
2.503531275381572030e+01
4.927692992560100294e+00
7.273626067036778942e+00
3.514625401406912886e+01
9.865056393602786855e+00
1.087359205143280576e+02
3.167641254138685269e+01
2.146074522654572903e+01
1.251889026743994471e+01
3.796119895476304151e+01
5.130424285397035788e+01
3.401109427382668571e+01
2.387770346586779624e+01
1.024975589676236964e+01
5.393931054691819327e+01
6.066154887028937281e+01
1.618647214925088917e+01
3.936272454407834687e+01
1.279072189815436111e+01
1.972380010806256223e+01
2.193807143986955310e+01
4.459463396757967502e+01
2.295588117520135896e+01
3.051919975088282300e+01
1.218022675377108577e+01
7.035355497185762808e+00
1.828511420371080831e+01
1.719093966350416736e+01
1.619961856629126729e+01
1.001786031648870079e+01
1.086421504779029235e+01
3.457253556526892879e+01
1.320758040432539460e+01
5.766301508682198040e+00
9.930397604434407555e+00
2.685186186092278859e+01
1.213796303817792364e+02
1.536470791010334480e+01
4.881621289038969280e+01
3.125348841847876713e+01
1.350902749658349933e+01
4.608550910893113439e+01
1.519949037638388134e+01
1.523981057610631673e+01
8.524500412885814171e+00
4.244317901161209505e+01
1.272252375409171954e+01
5.987515987629302927e+00
5.051168649763543073e+01
9.402434462721885211e+00
1.032390498105821663e+01
1.718429212998364619e+01
1.149899375909781796e+01
1.910524540984339126e+01
5.111262580742204165e+01
7.909079707741169862e+00
3.072191945407945468e+01
1.701700691414971800e+01
1.204725924508320745e+01
1.594314795379255045e+01
1.692355595256705314e+01
2.855191786565574574e+01
1.025258342877000395e+01
4.584126720575891056e+01
1.261957105014940339e+01
1.877703445637241231e+01
5.796210530009172146e+01
1.166557515230718778e+01
6.665471761185187027e+00
1.253676047988814979e+01
3.514610220132605178e+01
2.661267845524836417e+01
7.284320099720349440e+00
3.807707089342157758e+01
6.400149580598879595e+01
2.452032632598708517e+01
1.202305662893138738e+01
9.747675454781827398e+00
2.434227853237888795e+01
5.458236490399092311e+00
5.539591141272885721e+01
9.079585302295082982e+00
6.543782362020817089e+00
2.762109156128676446e+01
2.621247531032077660e+01
2.061651567188651057e+01
5.697981288874090389e+00
4.859616315601011038e+00
1.341418817189925328e+01
1.564101877078191727e+01
1.591750885993785580e+01
4.066312817576605454e+01
9.819546694483037186e+00
2.056716162637492573e+01
3.275645753955425477e+01
4.263242137493269013e+01
9.431483575311848710e+01
3.962805367175729998e+01
1.134988047187094473e+01
2.139181136945810735e+01
2.732672813516920485e+01
1.810365408526064712e+01
1.912266583126219288e+01
9.974916432430255497e+01
1.431811311327289182e+01
7.132516502841650841e+00
7.177321532046484265e+01
3.039200959219613907e+01
2.554662000118537435e+01
1.575471210762434104e+01
6.663803806611241498e+01
6.852871470470855542e+00
9.529008242650053973e+00
4.439435069671701939e+01
2.548552747243195071e+01
1.814285896433812439e+01
5.447511975477233648e+00
1.698388815447211897e+01
6.371888911573537762e+00
1.841235609687200281e+01
3.096425673606702489e+01
5.632061235153538092e+01
2.627022325883962139e+01
2.979440657432880712e+01
3.817087532813802397e+01
2.343761863257561018e+01
1.359822609800068882e+01
1.009170095033437420e+01
3.934108644832146950e+01
1.971063557468472993e+01
1.558114910206293580e+01
1.120444266996664062e+01
3.337759028185664079e+01
2.427441137561457651e+01
6.148575027188954323e+01
1.899248562829092535e+01
1.826253119858037977e+01
5.582657384968032765e+00
2.287565790571423108e+01
1.265134363973560738e+01
2.448894827114813211e+01
1.389650207186996234e+01
1.220782035882483640e+01
1.162305439951098407e+01
5.595165836569896101e+01
3.087664360846812883e+01
1.232981565427553683e+01
1.438285478134994655e+01
2.158657132512324495e+01
7.657615058428513422e+00
8.993938355745143554e+00
1.762626263237301316e+01
3.524095963576799306e+01
2.141613073035680159e+01
2.236569270112564922e+01
1.953046568841717345e+01
2.630182401676368897e+01
5.904174725577392024e+01
6.019516238959591981e+00
1.429488784104323429e+01
9.320562596938849254e+00
3.863737539302430690e+00
1.739637480553695426e+01
4.779090442855979504e+00
1.633222609312955953e+01
2.390175753375037360e+01
1.840362057088136183e+01
3.771545618968548297e+01
1.646785101522911887e+01
5.839976550409308942e+01
8.940725868612389604e+00
1.614028588749860305e+01
1.487060122959174535e+01
1.339677895374495264e+01
1.115625617654602131e+01
1.004793585822006818e+01
7.143915460821305352e+00
1.512755444401139293e+01
1.456769604953372799e+01
2.184504801123369333e+01
4.159094470771404417e+01
9.041731106694825826e+00
1.280503729756789610e+01
2.747490325427147795e+01
1.589486596080273451e+01
2.599556885068553669e+01
2.363112860990985098e+01
2.140767568850209557e+01
1.100434501118520814e+01
7.032085847539510937e+00
4.030719916206385278e+01
2.367403976030996660e+01
5.522357449091302328e+01
1.833723279343455914e+01
1.765201886454603653e+01
3.726268939276750558e+01
1.944913981768419120e+01
2.666942919058965700e+01
3.052994103385170988e+01
1.165220559854257409e+01
1.293155045138851378e+01
9.455706337558211771e+00
1.154679144170901672e+01
2.915970064249799165e+01
2.081739913489496274e+01
1.846648764941413035e+01
7.405036419233533174e+00
6.541967241957646451e+00
3.024292799413860067e+01
3.845606829529837256e+01
1.162921080198319856e+01
3.031359853996713127e+01
2.177204978097004684e+01
2.510129046562787991e+01
1.354335420849128724e+01
3.885830748310779370e+01
8.055498370579950773e+00
2.466020367608296837e+01
1.090793067885652334e+01
3.783471472890683884e+01
2.050059615310910033e+01
1.945133065518179549e+01
2.144449443082406148e+01
1.386657762816882489e+01
1.794957610711568208e+01
2.857209821120539317e+01
8.010472698908502664e+00
