1.826492069652292116e+01
4.195147001224074756e+01
1.464782884648590233e+01
2.296701556243520059e+01
1.178628288471085384e+01
2.215743766231992140e+01
2.337389864949920337e+01
5.316035087315351859e+01
1.319815827208135950e+01
2.863412668895219326e+01
4.419115444197020537e+01
8.804211720013032760e+00
1.500003373300116571e+01
1.989103261501749387e+01
1.658741361580311846e+01
1.091832175751493139e+01
1.110258930974352687e+01
2.066202282770835552e+01
3.438494455095525382e+01
3.501171489679485660e+01
9.717354066130051038e+00
1.731097613602771546e+01
5.176928836697386771e+01
1.947860652022071548e+01
2.193746623733509793e+01
8.016902362111908431e+00
3.154747794997517119e+01
5.016622100461610501e+01
2.305233972736231252e+01
3.480150030049124865e+01
6.771007098678249747e+01
7.499570993415477460e+01
1.036555080909877269e+01
2.897863993239663571e+01
2.999702976490436868e+01
2.548718224641019958e+01
2.683728739979887834e+01
2.286984403332705185e+01
2.586878529321012721e+01
2.120907417553893382e+01
2.079609501661757776e+01
3.106770622998606868e+01
1.733214744303332111e+01
2.410037626717325310e+01
1.813918954494429769e+01
4.630540418299410277e+01
2.585252412805487054e+01
2.826387473517216264e+01
1.104712659540451547e+01
1.117571990770615820e+01
3.518165638014598784e+01
1.599832612767231410e+01
1.920708992607475452e+01
4.917317020959324481e+01
1.516377446782971639e+01
2.440028951643668975e+01
8.046350948308486295e+00
1.355454105244920271e+01
4.273042236192688392e+01
1.526547743014344860e+01
6.250366074723605436e+01
3.913286491896069919e+01
2.212178945076992775e+01
1.403456163571509663e+01
1.524438831771950120e+01
1.626635550928384077e+01
3.774045360079060885e+01
1.609046513201386830e+01
2.654616346168092278e+01
1.729574030252465988e+01
1.186289206169089461e+01
3.795612901015648077e+01
1.004374339324354715e+01
2.089277061272528258e+01
1.677747953982431994e+01
1.712453512478580109e+01
1.108577159118100219e+01
1.934990502819985636e+01
1.482954414916516583e+01
5.153825854934786577e+01
2.137619716268755354e+01
4.918323025621955225e+01
1.194593579589807320e+02
4.597645582021971933e+01
1.278826462337763914e+01
1.018567319402623816e+01
2.043845073784287081e+01
2.474846032870750179e+01
3.361845171523616216e+01
3.404202696215950397e+01
1.630938584568029626e+01
7.895766446644540970e+00
1.272746228879688069e+01
9.694062172152229095e+00
1.565947784040522173e+01
3.227878228125447180e+01
2.710344120785165956e+01
1.636818331139237515e+01
4.709458157806452050e+01
2.988969665714560620e+01
1.287990375261216691e+01
1.078944329871645813e+01
1.883456255676836122e+01
2.465849656742595286e+01
2.000897622751151061e+01
4.156845996667744458e+01
7.844276845586414026e+01
2.818527915060719025e+01
6.142518469247168156e+01
2.821130267394725166e+01
1.515066695710014955e+01
1.859446911881523690e+01
1.272004379830194765e+01
3.200612213317369026e+01
2.230610051532825722e+01
1.632000946866303437e+01
2.151209418940289098e+01
2.045773812443026074e+01
4.460330559788515359e+01
2.810193770665640400e+01
2.530391721630711288e+01
9.470282820952284908e+00
2.256930220322544400e+01
1.592879218329112057e+01
3.446881434654124376e+01
3.963803983614606352e+01
2.385494063753933602e+01
8.955671001563384692e+00
1.915517588144231809e+01
1.694969147220095707e+01
1.768806839970904221e+01
2.720425797512177724e+01
4.655075048181953434e+01
1.797325580459420991e+01
2.516591718666680677e+01
3.212997503573685520e+01
2.859042041603083817e+01
2.592785455703896957e+01
3.702502788578474480e+01
1.059375004344490989e+01
4.674365320655233091e+01
4.088261764545279675e+01
2.097989601392121628e+01
1.226347754846016613e+01
1.965824745901338488e+01
9.780731791637558459e+00
2.095337640324542150e+01
2.325607364996353965e+01
4.720542039096265796e+01
3.126403473304270619e+01
2.215045207376064695e+01
3.007209624559267525e+01
2.058711929484444170e+01
1.604963209862361495e+01
1.618789998142345254e+01
2.678541278690618554e+01
3.872598825407262524e+01
2.292757089869571985e+01
1.863087795081025533e+01
8.098595576113746120e+01
4.612178151202596155e+01
1.874648168040974383e+01
1.219942646042439627e+01
2.497020399969246895e+01
5.485320743238245456e+01
3.824280034527210148e+01
2.920001241075001275e+01
9.484222516942301340e+00
2.449612961949672041e+01
1.662360129751471405e+01
4.109758303957164571e+01
1.829991484775843347e+01
5.827295060782653735e+01
1.373594574063488771e+01
8.236236567939637609e+01
2.058346897303096767e+01
2.930608996047066839e+01
1.587875612125688463e+01
1.343191224734466260e+01
3.586331898589697431e+01
1.788699633373848741e+01
1.660279156668789824e+01
3.244356419827553140e+01
3.638048784194343455e+01
3.825326371367463452e+01
7.296812558421515860e+01
1.743987195913882360e+01
7.928979722171289879e+00
2.203141887532810017e+01
2.523693426183242039e+01
1.784468066498068595e+01
2.292286870422380574e+01
2.569623702741451510e+01
1.574728477938331395e+01
1.777724022709397289e+01
3.318136068015881790e+01
1.318243807668044631e+01
2.814568142875070222e+01
1.225519788687410383e+01
6.756034608090357096e+01
5.098866513303785553e+01
1.507288024288463824e+01
2.511209075639981592e+01
5.408514555423476367e+01
1.837632328831272233e+01
1.018147150856001026e+01
1.118826893163547709e+01
4.839532035432587520e+01
1.890051922807079876e+01
3.147039246875330676e+01
4.661943901712496086e+01
2.113260779167091741e+01
5.441802473898011527e+01
1.877082076759745632e+01
4.445026559965178592e+01
2.241414126457268097e+01
1.583170353027617594e+01
2.451408591690003647e+01
1.484324983013972243e+01
1.175972204812422284e+01
9.171530930492919254e+01
1.690034298101110366e+01
2.469926563627511484e+01
1.150335085377910360e+01
2.701572459078116495e+01
3.663346768569928713e+01
1.834911905739013704e+01
1.165103387843349303e+01
1.318211083835623043e+01
1.177250659272286804e+01
1.766286622791244554e+01
7.833737369777928450e+01
2.474813906257631047e+01
1.551293130117071506e+01
1.552833627947258499e+01
1.707413282850405167e+01
1.154006793254152896e+01
1.578385914177370353e+01
4.954291511090004008e+01
3.049986210343314497e+01
2.552447795222816040e+01
2.904442548290279547e+01
4.193908751941795998e+01
1.321372670987571496e+01
3.507333739168365128e+01
1.699196898004837664e+01
3.918320692690146956e+01
8.493454936465690608e+00
1.096120948239961201e+01
5.396940894032014313e+01
1.984848777347438542e+01
1.791427276707024419e+01
3.051666942381923420e+01
1.000290582926358098e+02
8.271997330484269639e+01
1.592028252586412407e+01
2.530915281060742572e+01
2.736527648552959135e+01
2.036380979613106135e+01
2.964093871513405176e+01
2.057940627236134645e+01
1.390465689005605654e+01
6.266839198413007495e+01
2.179530462939001723e+01
2.486396587978709150e+01
1.279407741913003882e+01
3.318488588851853649e+01
1.541615355932907860e+01
9.208755999547122428e+00
2.250726487570223000e+01
3.687560247546312553e+01
1.358183071082722293e+01
9.093890601273869834e+00
1.125465376702150344e+01
1.419025902436072428e+01
2.081000318305650509e+01
3.825929633495176319e+01
2.594737700247041445e+01
3.277909915543509811e+01
1.867977658846254130e+01
1.390548144557687671e+01
5.316234448278212454e+01
4.536794334508842041e+01
2.305137753957270519e+01
2.635533575766632097e+01
2.187987060873343026e+01
3.173853493188082808e+01
2.289917063895948957e+01
3.366001643014664779e+01
1.317278511260827578e+01
2.934048989615892111e+01
1.182701443127707464e+01
1.475726399811474998e+01
2.962278882798251800e+01
3.583853202289625273e+01
7.506282549271274362e+00
2.588914557556167395e+01
7.743015065315785250e+01
4.113359314786430332e+01
1.222214372427833240e+01
1.675428845907643804e+01
1.091752260049175405e+01
3.705143888631578619e+01
8.169482210707974090e+00
1.783153663780401743e+01
2.020734173854112115e+01
9.254032359730658186e+00
1.130099129435173388e+01
6.915510575038095453e+01
6.076013952750273006e+00
5.858730626479007242e+01
1.118653762066536395e+01
5.668708609509886287e+01
7.069417827158419598e+00
1.900675340821415915e+01
1.125102203048909821e+01
2.258829616800029072e+01
1.124226113405395111e+01
1.910800856966903183e+01
1.827591484286471513e+01
1.022103736383587602e+01
2.025051648556879513e+01
2.446040135483275435e+01
2.440259914637811178e+01
6.051267157483756876e+01
2.248810541613675085e+01
1.018129509891728368e+01
3.849774194367419256e+01
1.412404618790550437e+01
4.072454286684174463e+01
2.965985078369259753e+01
1.062713168996155666e+01
1.367583710776085049e+01
1.070888201928109495e+01
3.761246177018963266e+01
3.719425016535183204e+01
1.503258193675444332e+01
1.670318485514992446e+01
2.094912308477985619e+01
4.364874252322887571e+01
7.401077062333699885e+00
4.150899117120857085e+01
1.196307319386828638e+01
7.589669770169095386e+01
1.736539352415515580e+01
8.356983734152139576e+00
1.596572099439263681e+01
2.256425610111954327e+01
1.390263020574513497e+01
3.944400869519135711e+01
6.194719734105951403e+01
3.275248326078855143e+01
4.097474000254173632e+01
2.937735246287740409e+01
2.572434359623446554e+01
2.899820954512357929e+01
3.618785082244355067e+01
2.821076614067549926e+01
3.111040929580221004e+01
1.794414439814496021e+01
3.639285118332529123e+01
1.825662736327359426e+01
2.986144104096855045e+01
2.085527085237042400e+01
1.114270861354271780e+01
1.526305649236148376e+01
1.612736697565167887e+01
2.315261077013478186e+01
1.641778410068394578e+01
5.766866785799248873e+01
3.066614617481146965e+01
1.839477205748639932e+01
1.076917092678947085e+01
2.330891254234123267e+01
1.855030100336545829e+01
1.202737719752926182e+01
5.949835083765970012e+01
5.143791478335593581e+01
1.610987375822726975e+01
1.841391498986861208e+01
7.293508077728064087e+00
2.497521502919746794e+01
2.197759226666033783e+01
8.809187091074587528e+00
4.863746583224279618e+01
4.387829461835329425e+01
1.305283274288825268e+01
1.748578055824921051e+01
1.266806744860522826e+01
2.936536963425072955e+01
5.375656956246765361e+01
1.876265420894908331e+01
1.902435888754771653e+01
2.488004075065955334e+01
1.698449693718112741e+01
2.366073753828076676e+01
2.687862882497788419e+01
1.536012350662192638e+01
2.570940976523792187e+01
1.517326202206785801e+01
4.455698311078271701e+01
9.520504207582373368e+00
2.272882762410302604e+01
1.834753804416604694e+01
3.837454340278599574e+01
7.270152942039770494e+01
2.338423657627373231e+01
3.141304680431385421e+01
2.438836502945235551e+01
2.435081175765321149e+01
3.360143286217929415e+01
2.367968919747709933e+01
2.455844530381628843e+01
3.145592961622993045e+01
3.798180143297017963e+01
3.729512176823524072e+01
1.650455045613485439e+01
2.258608251558220914e+01
4.997332701197080240e+01
3.812733574801326597e+01
5.104097289724759889e+01
2.267611511378145295e+01
4.391073089301081467e+01
2.469682500010972603e+01
1.178530765741105135e+01
2.609631707169129200e+01
2.435914734774674173e+01
2.488744851885065756e+01
6.233299080362591837e+01
1.491019407423849330e+01
2.811354241424868405e+01
7.616987194442870646e+01
2.923709980699008426e+01
2.901261831954077763e+01
1.268715044307451478e+01
1.048087443939364327e+01
2.407979114051698488e+01
3.543581976065080852e+01
3.056072257246115242e+01
2.814800714323065733e+01
3.169746435498678494e+01
1.253685321209753667e+01
2.186350928612795030e+01
3.241882049512297215e+01
3.371511142317795873e+01
3.521853242046537247e+01
2.890270327786860705e+01
1.695319352129705948e+01
2.804487009230462391e+01
1.446647344878359043e+01
8.087040820239838723e+00
2.427775520686089905e+01
2.327374142742820951e+01
6.511099355484600437e+01
1.246613192157794536e+01
1.376179894812658233e+01
3.023043905383831031e+01
2.011178286808855731e+01
3.368762881718809155e+01
1.346984050938151611e+01
9.495078361343290752e+00
2.402883879025420200e+01
2.468809036481601282e+01
1.698304429024440054e+01
3.880709127886054688e+01
1.360240437117042056e+01
1.848255070509690157e+01
1.387236964683262741e+01
2.763847752675434677e+01
1.033905593663054745e+01
1.323040621751501433e+01
4.772791129509984387e+01
2.763066861522822748e+01
2.573101312944207208e+01
2.495933537838951111e+01
6.051838470588396035e+01
6.071242413050432418e+01
1.467105004845626937e+01
2.099348007689395246e+01
2.818900379600474793e+01
2.394044435382462765e+01
1.329697214078188061e+01
2.096741050187672073e+01
1.259389944321222465e+01
6.988665275235354102e+01
1.001091016099958075e+01
2.042916831463314509e+01
4.552227700559941326e+01
2.835892960169708488e+01
2.144419147534488346e+01
2.406816995353730348e+01
9.450350401067462158e+00
1.429959536738649994e+01
1.946499337833989429e+01
1.392387651282420258e+01
7.620875383881273990e+01
1.431084968896019838e+01
1.343539454749564754e+01
2.636369045307851877e+01
1.993186033468377971e+01
1.704476892215543415e+01
