1.364784062247954743e+01
6.440150936756003830e+01
4.687533541059499953e+01
1.352380583419629190e+01
2.408807928433237677e+01
1.479924946068571856e+01
1.186011849350724816e+02
1.514492646216413796e+01
2.190545108079293257e+01
4.280636718702938737e+01
3.238958011692376715e+01
2.040026857204034982e+01
2.399532128302692513e+01
1.540432491451947783e+01
3.027544451286625105e+01
1.322303580956730862e+01
5.261310709244283856e+01
1.829528231379460124e+01
2.444396877021272729e+01
7.370732335396557744e+01
1.371575603352633976e+01
5.607743651189267808e+01
1.608667951573112731e+01
1.479267707276573951e+01
9.854397900468820026e+00
2.866860325984597324e+01
1.968421812552107397e+01
1.041245177544289824e+01
3.777513183526632190e+01
2.014645320794516437e+01
6.322858598000779651e+00
5.892903411626733856e+01
1.976707472518666364e+01
3.857758579314375424e+01
2.047091529352523409e+01
1.228430804759241646e+01
2.513327157350711616e+01
3.007350672513927847e+01
7.490724609864828665e+01
3.931036425367254594e+01
4.035111709395837920e+01
1.047244523828451861e+02
3.130404102584526527e+01
3.235329376186015082e+01
2.377271218337563852e+01
2.762205603365854145e+01
1.778817217696968456e+01
1.677826581471744305e+01
1.353253973766460660e+01
2.215634665595094432e+01
1.820901705256713399e+01
1.457073168703580279e+01
1.737850535960564002e+01
4.751846724020425938e+01
2.190078453400482417e+01
3.533121297586777132e+01
2.216411024079859615e+01
1.350705093659347611e+01
3.169870697276886773e+01
4.018449354143231744e+01
1.058598984129178291e+02
6.440397615006737908e+01
2.846078088867601608e+01
1.705068805795112397e+01
3.125822076128661564e+01
2.933158359508957247e+01
1.164539051647474466e+01
9.594452148004876335e+00
8.741497114033496274e+00
1.767928183531392605e+01
2.426974002501200189e+01
1.631390860345835492e+01
1.520048952315127977e+01
1.367414889324506788e+01
2.423245208120257743e+01
7.607893313814203395e+01
3.434669213264840693e+01
5.672647426068424181e+01
3.640893369966411086e+01
2.775163966171166408e+01
2.623902869120789205e+01
2.284284231871421156e+01
5.386253570551214231e+00
9.919852374475777168e+00
5.664505438274260030e+01
4.264158444905506684e+01
1.874618767508639294e+01
1.684761809030101531e+01
7.030612028276169667e+01
1.605399460716373738e+01
2.230491525154900501e+01
2.076281695518461845e+01
7.253067494949041816e+01
1.412295000379320520e+01
2.456622344123348967e+01
3.413133088216709154e+01
2.998424834163179753e+01
2.732526936150374652e+01
2.798595586309939165e+01
2.461135467974451174e+01
6.919040528296127945e+01
2.883111307661782874e+01
1.058840692114683968e+01
2.745467890993117166e+01
2.403664130353117656e+01
2.370267837490446539e+01
1.816343076980961868e+01
1.956350124178835159e+01
4.509339529781397005e+01
8.171464072612302232e+01
1.462323567935838753e+01
7.182724306764115774e+00
4.565020649659059870e+01
3.896552998023927472e+01
2.837090147305670129e+01
1.510853241667811986e+01
3.330115785640886372e+01
5.055013756267289438e+01
1.317735247745421567e+01
9.765580683307508991e+01
6.622982727075484632e+00
1.052378540050204236e+02
1.972740146378721704e+01
1.366656440326571698e+01
1.141993294215322940e+01
1.727300458026165231e+01
4.477148658630682831e+01
4.195998029762780845e+01
6.299747337781025180e+01
1.522909530239365772e+01
1.825056458036143781e+01
5.960027409949147881e+01
9.844570504424964952e+00
1.689273715560663547e+01
4.029651420431264341e+01
8.414946709415798409e+01
1.826869093177539582e+01
2.019425327591515185e+01
2.326241104470482313e+01
2.283916258945178868e+01
2.009860534649892116e+01
3.558572011342064911e+01
2.045985705597835747e+01
5.803546103579282800e+00
1.074013931328360272e+01
4.629601424571219148e+00
1.472003171069693117e+01
1.518490717070610607e+01
8.143987496687030259e+00
2.799091116996518380e+01
1.651735960651650714e+01
1.482478066980841191e+01
2.376046239758235501e+01
1.066306986774128873e+01
1.928590799898175590e+01
1.864479103138486948e+01
3.299864565120947191e+01
8.600801353551858597e+01
1.615930599477392349e+01
5.136738795665067414e+01
3.107547488647553635e+01
2.391648134328048769e+01
1.312637021467001475e+01
1.784951017754668712e+01
1.427257100756365737e+01
4.218472024183653701e+01
1.227135935140978518e+01
1.317060117676460429e+01
1.537890249055154790e+01
1.201483129984753440e+01
2.694595456258920763e+01
2.210877497640942480e+01
8.275444206861848784e+01
1.631346941555465690e+01
3.792827193937665697e+01
3.949434885309553778e+01
1.827194713454042585e+01
2.039332444505992115e+01
1.220405858247030650e+01
1.464383453767188925e+01
1.925023332317677216e+01
2.814902655381306928e+01
2.743473377597996432e+01
3.811616274358908640e+01
1.118234072037931526e+01
5.261051279096407995e+01
2.612735998231941892e+01
1.449646140908749636e+01
3.132589155534948233e+01
1.922221338965529469e+01
2.345613967430668723e+01
2.875535240781876922e+01
9.563811928576500065e+01
1.825944770400197825e+01
1.650234719889654755e+01
3.217434721127241914e+01
1.338158668879949431e+01
1.980870512499715019e+01
1.062794581190996546e+01
1.681490389674975106e+01
1.869888209507059784e+01
3.462429685792445611e+01
3.031603697997852009e+01
1.362688804519867425e+01
2.461918935510463413e+01
6.209968482283727553e+01
1.351889089677516864e+01
2.526358351389110268e+01
2.081533975045188001e+01
1.190499336634165140e+01
1.258894305148423953e+01
7.403221749289055253e+01
9.884666345687014299e+00
2.238725212047571844e+01
1.957205227366980793e+01
3.195070568135889033e+01
4.823723529775411833e+01
2.348561235350676668e+01
4.100189051439866006e+01
7.773615779168617124e+00
2.393652029285533445e+01
1.196928254408805081e+01
6.521010245076845990e+01
1.278285428260326562e+01
1.720989895394488300e+01
5.227282026662295067e+01
4.168344885089810958e+01
3.241846848324204444e+01
3.016264352531458215e+01
1.662783021752752788e+01
8.432053383183038875e+00
3.206075132161227259e+01
4.307186093322638953e+01
3.099156446825384137e+01
7.969126790815068695e+00
3.275954435977030244e+01
8.666122742199144469e+00
6.932230531585091171e+01
6.062406325936095897e+01
1.329302399056791018e+01
1.936313921183232978e+01
2.531011078078386234e+01
1.573675313064177317e+01
4.076268155974139518e+01
2.134030521486604215e+01
1.860195959764604723e+01
2.754647472986924583e+01
5.052190189242433149e+01
1.591144399803077825e+01
2.721696915307992626e+01
3.755887070804422478e+01
7.737121161383386791e+00
1.851837074694870466e+01
1.971261343783438491e+01
1.650860270839799071e+01
4.811661288635181677e+01
1.410337691145829808e+01
1.215233822465387448e+01
2.584006470072318251e+01
1.522517096179259255e+01
1.148427843609405485e+01
6.750129232605923235e+00
4.615270130162534912e+01
4.189983711096845553e+01
7.097290734917157806e+01
2.086916022113870994e+01
5.484800303322953141e+01
3.300508048153050566e+01
1.197622085514651502e+01
1.675505064755811446e+01
2.621829932210699710e+01
4.093909413616092507e+01
1.869316024795830344e+01
1.748208868670283422e+01
3.841348911074520256e+00
2.859524634833504919e+01
1.188264316777162222e+01
6.353030910474148030e+00
4.869917971117244804e+01
1.197101420192312915e+01
1.858662805008691166e+01
4.198308525948434777e+01
1.701646165179025516e+01
1.584100295824342552e+01
1.868067694272776436e+01
5.864022127002341023e+01
2.000270083280329203e+01
6.283069851208720991e+01
1.009726614376488207e+01
8.120399695332713108e+00
2.027325490879595549e+01
1.319557234749612817e+01
3.837258953048218046e+01
3.659872155902721858e+01
3.410494535859686493e+01
1.199034712613876508e+01
1.068321634375407925e+01
2.780705657772129413e+01
1.367012769516456849e+01
4.222266987664595916e+01
3.254894659930057088e+01
7.009708543189339558e+00
2.468131087964392378e+01
1.154917018208196389e+01
1.413051009362751209e+01
1.336844159987434999e+01
6.053217393912892419e+01
1.112264694340657378e+01
5.109125669295047345e+01
3.087807338726452144e+01
1.928280695823970348e+01
1.741839439227187469e+01
1.096767162317645550e+01
1.958956525219664613e+01
1.898334204214865295e+01
9.838418788471296139e+00
1.973815120689008751e+01
2.150271332330101259e+01
2.234741626679662119e+01
2.468726348161334982e+01
1.233497305706625724e+01
4.910540067146317966e+01
2.275503218567930119e+01
1.006626055435596534e+01
2.362475558300265277e+01
2.341768625441845586e+01
2.482462274068137020e+01
1.733269509072231784e+01
2.686246358113742616e+01
1.472796366009306013e+01
5.275766985557457645e+01
2.821876171278537626e+01
2.837285700512910935e+01
4.810709359560469522e+01
8.991842955584044006e+00
1.515235316065481186e+01
3.209668238805881657e+01
1.523036821385756845e+01
2.750998299333452835e+01
1.666623733705584343e+01
2.555828743455148455e+01
6.048212903089136461e+01
2.479224137275190287e+01
2.627299193723703397e+01
2.506454038391716921e+01
4.054678204329944435e+01
1.810893621599114667e+01
1.247969891741228743e+01
2.049801794761268781e+01
2.684739052308259488e+01
2.018622874563792280e+01
5.329741690765641415e+00
1.927396865737560816e+01
2.091796874481232393e+01
2.643875720215860525e+01
1.178136218889972575e+01
2.915648920678147249e+01
1.968526708141682491e+01
3.940951950503650636e+01
2.132560175053991713e+01
7.302163641202060518e+00
5.248003982240855514e+00
1.355653098378362920e+01
2.858590477704702337e+01
4.166902953898399886e+01
1.629584402331017401e+01
2.501500250540865977e+01
2.436126078006354234e+01
4.421112629078744050e+01
3.080139866281089667e+01
2.764847460635829535e+01
7.480323882285439652e+01
4.727829443825630307e+01
2.853135186341888740e+01
9.614382397389213963e+00
2.863042652664354648e+01
2.580609210207496673e+01
2.980542791010758563e+01
8.676748014691774813e+00
1.298800233045610319e+01
2.082001054418717345e+01
2.339469686852266506e+01
1.461415352549677493e+01
1.823726302259098375e+01
2.738713142294453817e+01
7.335894184029557508e+00
2.074872097067324717e+01
1.044667288167103258e+01
1.496916581178633976e+01
2.765388844578505356e+01
1.375298076445673878e+01
2.600905198989358880e+01
1.186667032047394876e+01
1.689005360429569791e+01
3.079978141692382110e+01
2.036775215265391026e+01
9.804686969457115708e+00
2.433519358691162893e+01
2.969255754859237584e+01
3.093955366984128119e+01
3.877068010297438150e+01
1.672084458680150476e+01
1.716256556833084090e+01
2.796166444844096688e+01
3.423456263704145641e+01
1.513815788645913152e+01
5.803655556940827154e+01
1.788575603752833132e+01
1.410528866390725078e+01
2.912142586793351384e+01
9.614830765570578919e+00
9.159532408830466821e+00
6.425604712893617787e+00
3.018594702506761962e+01
1.390063899856670915e+01
1.954690773121017600e+01
4.257777503733755964e+01
1.527438498845455683e+01
1.877580103697939151e+01
2.320276703421705378e+01
1.561601907911121501e+01
3.898433983554654958e+01
1.031421670875867136e+01
2.121271938118873379e+01
3.473137020659684282e+01
1.277240903237834146e+01
1.272468518955914085e+01
1.913092564121317807e+01
3.938734875731866225e+01
4.455058039201596642e+01
1.384466071928282815e+01
1.884100258024518126e+01
2.603453460446856482e+01
1.197480807895718868e+01
1.391088614165250448e+01
1.687766047056904384e+01
1.290722563202044526e+01
2.699629344093144212e+01
1.180646024162654761e+01
1.821111057003387401e+01
8.473406343564249710e+00
1.848373847052653574e+01
2.018107185617171240e+01
3.439389148238657157e+01
4.224587614996494267e+01
6.781982587230146464e+01
5.351555649940615211e+01
1.465520231075688073e+01
9.291733067463212592e+00
1.423668852093653214e+01
1.880939641344810198e+01
1.011478597882771879e+01
6.073490882885428732e+01
1.342340327748072504e+01
1.816817434126361874e+01
4.015133354471943505e+01
2.270841632276300004e+01
2.910225437559359207e+01
3.923147710903366203e+01
2.352527999285557669e+01
5.391053087390573317e+00
4.142975455154265774e+01
4.108624400796126963e+01
5.539793337187466449e+01
2.995727423794652822e+01
1.069719430343893762e+01
7.530959965619612895e+00
2.389990008234054386e+01
5.088849324895420523e+01
1.611251508258705201e+01
3.414013545795800297e+01
1.923576992068692348e+01
1.787899362855824137e+01
1.914001729154719555e+01
3.530714333260512916e+01
5.303807345442444898e+01
1.160451811071796158e+01
8.709511122955284179e+00
2.512665700083328346e+01
5.879126530562492903e+00
2.464233439372970835e+01
1.995774813390424995e+01
2.578720060394729074e+01
7.123296210820579688e+01
3.906285559279538688e+01
2.329738339889272680e+01
2.936032733080873669e+01
1.226556938424073451e+01
4.570019414131036939e+01
2.456799262240338777e+01
1.344444469350934845e+01
9.633782583347164419e+00
1.405634096087860385e+01
1.148111935866086952e+01
1.654364697869501200e+01
4.238738724819844350e+01
2.789628298992883515e+01
3.448153677828989316e+01
2.259812024256373064e+01
4.897165384515761133e+01
9.326128210741799762e+00
