3.849352686216430186e+01
1.263272151492619173e+02
5.661619403881775092e+00
1.421353986291235856e+02
1.781312798362735705e+01
2.920652051183711517e+00
7.416621525422878847e+01
4.644384048728631420e+00
2.973686872669803449e+01
6.305125280525734510e+00
6.285998538823264425e+00
1.704469480929647318e+01
9.834714841153054721e+00
1.015444945383913051e+02
3.661613494089618559e+00
1.269264577873281219e+01
4.487295610947364111e+01
1.599993086294615807e+01
1.420110605425957218e+01
1.625681224183137630e+01
9.102006015586686871e+00
4.959764757920625655e+00
3.980812820230078586e+01
2.352888208551100480e+00
4.941575054945406009e+01
7.573269513349472959e+01
3.276273699104994819e+01
1.733138544425363250e+02
4.195400624005415580e+01
5.867563919099926473e+00
2.768892652775761931e+01
5.900671283746282469e+00
1.793681088478298591e+01
4.975692549068901016e+00
2.364607816872440438e+01
2.892609356840882739e+01
3.948453225940982581e+00
4.536617932255143870e+00
9.145445594065101602e+00
1.262859947031373231e+01
2.314730009734892846e+01
2.858402122631245845e+01
2.477963773240817069e+00
1.057582123299719434e+01
1.021074635440674605e+01
5.150641560190793200e+01
5.298441341269833060e+01
9.447133810517239993e+00
6.223909130674127965e+01
4.672352294313247967e+01
8.009644782467464807e+00
1.320789826381865240e+01
1.414509173024071664e+01
1.291536336170916854e+01
7.133281664341377848e+01
5.867698604901770310e+00
5.965314722584492024e+00
1.247589050238923107e+02
2.619089153880407750e+01
5.285535710661778630e+00
4.732144226531850961e+00
3.125520194247434347e+01
9.081874474935334263e+01
4.449235748890255593e+01
2.205791175214563182e+01
1.891619938781576238e+01
2.309579539991130659e+01
3.206156932927494552e+01
2.588448116911633079e+01
3.563088694580414995e+01
8.893384099618154792e+00
1.047225130471239929e+01
2.028705745411300398e+01
9.480255204518961420e+01
8.220137785688871546e+00
6.415097558002307743e+00
1.588082779394258459e+01
1.058664966915081251e+01
1.027837854751596858e+01
2.123227753375975269e+01
1.068680223613843694e+01
1.383139823373093513e+01
2.920904413049829174e+01
1.093763886430438674e+02
2.104233106711305723e+01
1.419841041591172015e+01
4.778327897634632393e+01
1.786714297175268200e+02
1.634451416598954765e+01
1.483018243034669048e+01
1.575822145963384173e+02
8.770217694528746222e+00
7.476763899199139018e+01
2.106903998925395527e+01
7.385504702023474977e+00
2.860321204083919255e+01
4.448644134855254784e+00
3.324164100103875086e+01
2.780577335155367891e+01
7.591679314927620048e+00
1.974021153927564853e+01
1.463343561043081031e+01
4.833667256116486399e+00
1.963568926810118853e+01
4.970178926209261761e+01
4.238622718699829761e+01
5.160288126409152021e+00
2.321842449602253833e+00
8.870027552065330667e+00
2.756720523529077482e+01
6.523392924233655243e+00
2.361633845198934623e+01
1.949403352428510061e+01
1.594936541699095187e+02
6.894579035420586699e+00
4.728612787890403979e+01
6.233962452220757200e+01
1.347733956049387416e+02
1.339678521658321664e+01
4.895794561092491115e+00
2.892013052195216094e+00
9.235972911036654409e+00
1.103036755319381683e+02
1.162699451581586914e+02
3.043588346924599009e+01
1.713918643744720427e+01
4.179509286495960652e+01
1.629168196501833421e+01
1.251928395735048483e+01
3.945333375602681603e+00
5.708041434689535265e+01
7.177605697815121921e+00
6.978523378576462655e+00
1.447944634227963867e+01
3.703104635744025597e+00
1.327256346819321386e+01
4.302419350889073968e+01
1.170790081908745890e+02
1.524810704643102000e+01
9.082914538619598943e+01
1.618886006331877070e+01
4.425679051935748731e+00
3.174661414931335912e+01
5.922601904615797963e+01
5.984707245370818640e+01
4.840422300408703649e+01
1.660731735060018011e+01
3.714429091331850685e+01
3.392055511048902350e+00
7.778659842398155000e+00
2.526578980526598883e+01
4.257284402029692494e+00
5.179017458301670374e+00
2.327731465142548029e+00
9.359590182892736365e+00
5.444063522133098409e+00
6.673044918587424945e+01
9.687385801795695528e+00
1.471238772166877027e+02
1.527376698492138303e+02
5.976641236398200618e+01
1.449329382772490504e+01
6.130117328290649148e+00
1.879685533374159689e+01
7.411046854053097377e+00
8.350886138508563761e+00
4.736327053142176879e+01
5.684068747432034741e+01
5.005419737041798101e+00
2.553720865194932799e+01
6.760386314752081738e+00
8.701672691110816515e+01
1.805678543477879217e+01
1.475332452843211506e+01
4.650855466465103660e+01
2.242322213518389873e+01
7.022401063718662684e+00
9.335247859347708399e+00
2.291080397866148743e+01
1.302646052389122246e+02
2.301078510281822886e+01
8.161427154508690052e+00
9.173732680991977873e+01
1.162517372340683508e+01
8.770596050458357240e+01
9.990894989146738681e+00
2.601575735803172140e+00
4.371349833285037079e+01
4.137430348497407984e+00
2.184224332967508886e+01
2.943542485854676372e+00
1.096144080845965263e+01
3.117782985902034198e+01
4.458211521863164251e+01
7.482719039785533433e+00
3.962067204929202546e+01
2.752416529159994951e+01
8.826556736716300477e+00
1.360818992368336566e+01
4.128834257815498887e+01
7.436113731721616205e+01
1.125992433587986596e+01
5.119037086900101841e+00
1.283419660687570385e+01
1.880121369501296869e+01
5.520395162466168415e+01
8.429071192919809619e+01
1.338394905100210153e+01
4.659851292561376646e+00
2.773103683308937661e+01
4.388550935008771603e+01
3.037418795361499591e+01
2.225983060696155746e+01
2.064926077862626030e+01
6.544676837550021276e+00
2.304414533063119208e+01
6.318306285340722184e+01
3.115291983113845831e+01
1.134780910978650859e+01
9.697044004149070417e+01
8.526446949022481903e+00
6.056161819508636768e+01
8.761113131731827153e+00
1.736341922260524129e+01
8.211599117488907140e+00
2.688443262105748133e+01
3.912051072666450580e+00
1.548499670175110232e+01
2.465094538616878239e+01
7.860268745284956005e+00
9.223475948396446356e+00
1.566593420255940217e+01
1.126085145890806238e+01
5.472441383305273632e+01
2.270527323927176155e+01
1.083601001858905022e+02
3.647835705853841404e+01
1.201745959242984085e+01
1.088168864124561885e+01
6.979023423176228391e+01
7.127387493300428645e+00
1.114239790046991985e+01
9.488026544115500371e+01
5.041461633202322190e+01
8.921719591011919803e+00
8.060567950473364363e+01
1.245694337884579426e+02
1.509370524779778577e+02
1.136340529927808340e+01
2.676118855363148441e+01
8.005893655190570612e+00
1.245761756642216511e+01
2.596296024389742740e+01
2.327685154941400825e+01
1.065443347349923897e+01
6.235706258125074442e+01
5.892425779203281877e+01
4.891870847260811672e+00
3.885244062053339320e+01
1.081079778677078984e+01
2.867736994585493360e+00
2.113445377612472242e+01
1.552419085896267070e+01
5.620271339918140541e+01
2.164407287956655637e+02
6.374994620115442601e+00
4.547252737808348044e+00
1.275181461418392814e+01
2.052815481601717451e+01
7.447857432382919285e+01
5.817563393794041637e+00
1.867448206442636405e+01
5.535665415059362715e+01
6.869259316806420657e+01
2.307774295832749090e+01
5.103140903766167469e+00
8.172967769507085478e+00
1.470956448430952257e+01
6.723106777557619296e+01
4.996746694783864129e+00
4.203903065199284583e+01
7.696002503196086764e+01
9.373899256785152545e+01
6.960571987945150418e+00
4.166622576478449247e+00
5.730167140900292111e+00
1.936987990857198128e+01
6.166679696308855263e+00
1.301854211691678920e+01
1.345625993345177562e+01
1.566949007134050831e+01
6.190005548668440660e+00
8.319962590844118822e+00
3.981117915940519225e+01
5.648084951729234149e+01
4.000494176746308028e+00
1.409099097981726167e+01
1.050738178091135566e+01
2.630715751996734753e+01
4.600748334891457958e+00
7.101618273880265342e+00
1.441292272439077919e+02
1.800657245794799977e+01
6.214486033084774874e+01
7.831545364213408078e+00
1.163798721140446091e+01
4.774637326583543562e+00
8.682693120688755428e+00
3.570697684545235973e+01
2.299019892962551737e+01
2.797042072618305042e+01
4.818199992959456779e+01
1.153147242610030503e+02
2.946915900165289059e+01
2.245807762185891576e+01
1.736943048955812117e+02
2.219413917708812889e+01
1.448346094480632118e+01
8.504706439597207179e+00
7.979996819865459834e+00
1.503670958175415251e+01
2.738767639192316494e+01
8.472302714819539560e+00
2.072653828513433183e+01
2.346248062613133811e+01
5.218086632012178683e+01
7.954680512515508894e+00
5.552578348142382225e+01
7.251236583395153090e+00
1.355846447282912095e+02
7.932876156360879172e+00
1.687967924219366722e+01
3.099027524136352341e+01
1.904617547785727671e+00
5.728392154309711515e+01
5.794632579912069481e+00
7.446517554170758224e+00
4.067371098669066498e+01
9.610196436584352853e+00
1.344982129950138301e+02
7.087829948437229177e+01
2.276361346383586337e+01
5.517340332038301653e+00
1.834772669269677792e+01
1.453836292587021433e+02
2.786099785203004231e+01
3.228503959536195111e+01
1.447668815284513641e+02
9.424476335632525092e+01
1.726631411306972197e+01
8.488011157934643336e+00
4.717668221522644245e+01
3.213404419565459591e+01
2.790723502211944318e+00
1.506625414620115855e+01
5.281264324975958324e+00
2.460972948765851953e+01
7.121378497254366557e+00
5.835355569313600910e+01
1.029089910789854656e+01
6.803658551861977344e+01
1.963084724260407654e+02
1.246378145161996400e+02
3.567445265777818264e+01
1.294245499512112119e+01
5.305202514514041567e+00
3.319352087380629968e+01
4.013721707604788236e+01
2.864526321919243657e+01
2.255540815538891053e+01
4.364420602137216498e+00
1.020344550457046928e+01
8.943773905430967730e+00
1.424972168578546849e+01
1.165073247167270587e+01
2.566186861708245814e+01
1.153313891968895710e+01
3.991198958913892980e+00
2.077142913840055201e+02
1.091898960348868108e+01
1.756154610854170883e+01
4.511142228867920778e+01
1.463192346496396468e+01
1.365513278730048441e+01
1.639511311101554725e+01
1.533540206175698302e+02
2.669664933910923210e+01
6.558825438251911777e+00
1.930025972713193028e+01
1.523111212338512033e+01
1.127494551560160829e+01
2.989699566560233635e+01
2.214906175045279468e+01
5.098433723183979360e+00
3.719738196134345198e+00
5.567546558845463522e+01
3.624316040706449193e+00
1.576327888392521857e+02
1.103307938604382876e+01
9.264843038166427291e+00
1.690662329329147084e+01
2.806436622664198310e+01
3.964462499255348149e+01
8.295765350361993029e+00
1.483761026925535909e+01
2.681329677939626421e+01
2.185518951614304797e+02
4.705177331556345877e+00
1.004898097958997205e+01
6.284071278876758981e+01
1.069672051959253167e+01
1.805929225566780474e+02
1.608698142084623939e+01
8.803770052673153046e+00
8.367346945076773679e+00
8.481553357808001792e+00
9.175484584749380446e+00
2.461779331351864641e+01
3.038952111038858650e+00
1.301924376426930152e+01
5.332833908205490303e+00
2.796317929788989431e+01
1.596525699365666355e+02
2.023685049308824091e+01
1.701988965896537565e+01
1.420888021972372606e+01
1.083465636920586235e+02
6.302493947034222721e+00
1.978333072121046854e+01
4.052189593992083871e+01
6.712335169703509408e+00
8.430448769543787080e+00
2.993706557986751893e+00
4.966655426113928229e+01
1.422003487779725219e+02
2.497062970311118679e+00
1.068757568854108371e+02
5.641980934532830361e+01
5.340571798049845853e+01
5.172268849325826068e+01
1.064726298016237820e+02
4.739651701228210001e+00
1.101367421911674285e+02
1.058811628362112778e+01
3.119392035452293754e+01
2.737284088926077441e+00
3.642933554059681001e+01
1.951009974984502193e+01
3.641982936013320682e+01
4.071897710890927158e+01
1.635181818934003317e+01
1.212096969728167579e+02
9.851630537555559286e+00
2.943346165078971310e+01
7.195222937431459798e+00
1.825313712780755893e+01
2.369863246259080469e+01
1.769605320267137927e+01
1.133408636511055256e+01
5.621893034692968527e+00
1.919310309232006162e+01
2.127162301904094832e+00
1.990949487123936379e+01
5.719428443552305730e+00
3.189078790159707921e+01
4.917226456855927097e+01
1.580801009100197874e+01
8.508213558165378743e+01
6.526973198982915392e+00
6.860481386310755880e+00
2.272249712847705894e+01
2.570001953691845742e+01
3.072889152858132800e+00
8.442884378032605497e+00
1.079630066877029826e+01
8.618658665743252456e+00
5.694857274195488372e+00
7.378788218358551809e+00
4.708682914238444539e+01
1.534060869529707993e+01
4.305701192643252462e+00
6.246782044858104399e+01
6.166890578728733630e+01
1.422503549035405968e+02
1.747227881062418220e+01
2.581876605071034447e+01
2.865389682737181420e+00
4.375462211007106816e+01
1.457680891463423904e+02
3.514021074430002756e+01
2.494143868314590051e+01
4.718737254549593985e+01
9.706938448138912179e+01
3.793788463647155851e+01
1.595406129576128329e+01
1.145897932728274498e+02
1.656334911335450855e+01
9.230892972557842313e+01
1.281700364425288541e+01
5.303522373337558271e+00
1.192315746868365345e+01
