2.448743297858129608e+01
2.651740636948769936e+00
4.092063098693730439e+01
4.183253265983991831e+00
1.253291328628573531e+01
3.010073657253763812e+01
1.040010489677510606e+02
4.749640203329829724e+00
1.034823903046254934e+01
3.501234456906907599e+00
9.450188311829634813e+00
1.835206135313567088e+01
7.060098598793962843e+00
2.124562683515294026e+01
1.899718934876162990e+01
6.266485291360187837e+00
1.679028378270513500e+01
1.414888211913854477e+01
3.458303010128570776e+01
1.016158772797015430e+01
3.353786176912597838e+00
2.817459033588562889e+01
1.975764692908920317e+00
6.614158787195987266e+00
1.224406765792844354e+01
4.162974237671448918e+00
1.299110215590401474e+01
1.584618374498790772e+01
8.460645731997487928e+00
1.563862203320000255e+01
1.027748785217222860e+01
1.861004029181293618e+01
3.232871145506575061e+00
1.787410198495128455e+01
1.247710372832394121e+01
6.850307559568867077e+01
2.756299678773949680e+01
1.318045382764596951e+01
2.520840858123817085e+01
1.810150281075646461e+01
2.244392753189980549e+00
2.575002130520496202e+00
2.885790183561903888e+01
1.492382180674894698e+01
4.278766243500583499e+01
1.258361032908476496e+01
9.488946213812287311e+00
2.724784421517244581e+01
1.796920085121063337e+01
6.144386603259960111e+00
6.773908950672914386e+01
9.857178802286282959e+00
5.728158510734641773e+00
2.578883497419123927e+01
8.041287871300879431e+01
2.260292136014652442e+01
4.404505812195695036e+00
1.169360544437785521e+01
9.837462836101943608e+00
2.337446649669772825e+01
1.682297821996324316e+01
6.318262452702615661e+00
2.838794046930375359e+01
2.770049035778691326e+00
6.832994955360003786e+00
4.367696948917413557e+00
1.617692914064884135e+01
7.079503089212111355e+00
2.171451281276603851e+01
1.014347211758852296e+01
4.392223287317780667e+00
3.765849339376025284e+00
1.319107705230067573e+01
2.765510386453446756e+01
7.578988260779354391e+00
4.434081339963217516e+00
1.285125958985289785e+01
3.401384186909466223e+01
2.994259951595389158e+00
1.928129200804322707e+01
1.403460928834282839e+01
1.672574214882940069e+01
2.239058182984079437e+01
6.391282969697368088e+00
2.917267079781465711e+01
2.705755683990422611e+01
3.596421002503926712e+00
4.459432594843685038e+00
6.457715454471474992e+00
1.891016518686549475e+01
7.458461136420186044e+00
5.432099937650941257e+01
1.012473720523198573e+01
4.295121447787389002e+01
1.279835440441144456e+01
4.025838330797053999e+00
2.469673786670380622e+01
7.798607359059364974e+00
3.974911257978451573e+00
4.724974173188845050e+00
3.771079291871922035e+00
1.227454620667915641e+01
2.253871214854839167e+01
1.610535234730335574e+01
1.697360510057034233e+01
8.982059131309291899e+00
1.859674437370402833e+00
1.295525080378959260e+01
1.057215246250998675e+01
2.594521188761653363e+01
7.452518342916918392e+00
2.578763578842239212e+01
5.300680508642265032e+00
1.305446046572225960e+00
1.956677149119950343e+01
1.990178213999372758e+01
8.899935184950315659e+00
6.995733493702392281e+00
1.111210469946908042e+01
7.295061390632999299e+00
9.175750865023950098e+00
6.954779665973726210e+00
4.471878369189191460e+01
1.672144717325388896e+01
7.376507539407462843e+00
8.443320598846861813e+00
6.871306523597542082e+01
1.465958367738782542e+01
2.160768621388318422e+01
2.263122755627706706e+00
4.358504283255847866e+01
1.225282249164069270e+01
3.034389659056571631e+01
5.856469410376679008e+00
1.030019795589742237e+01
8.233826658511084418e+00
6.223688052873651344e+00
3.138681171025676342e+00
1.344726368642797176e+01
4.105633249437214971e+01
1.432140647845456805e+00
3.145954091407849873e+01
9.508362633702553524e+00
1.119305022600796562e+01
2.733237354840691857e+00
7.549138468830637549e+00
4.112045950782516712e+01
2.224787209041199532e+00
6.252802987443600635e+00
2.149480240861028690e+01
1.011944625324431790e+01
2.596631770160195529e+00
9.402362748074127197e+00
5.344331339250750545e+00
2.447835205668685532e+01
3.426813860404894996e+01
9.214080694560298213e+00
6.569633050875047786e+00
7.987287056620130166e+00
4.079337604546553564e+01
2.111802086148279578e+00
2.778512934883744734e+00
1.589629643591224983e+01
1.055712891094384176e+01
1.419898522970803434e+01
7.810073007472381867e+00
1.756410972351007871e+01
3.141838823098283484e+01
6.099370767954367523e+01
5.561195087768993517e+00
3.968000131919286133e+00
1.605153351981352472e+01
1.105498192081542363e+01
2.065364959069642481e+01
4.413076978876366496e+01
5.137057544736615355e+00
2.143611311618017368e+01
3.384646618151516861e+01
6.159983454119204005e+00
1.366334802692009021e+01
1.706525899507701283e+01
4.335336658805180043e+00
1.284971996162178520e+01
9.361402654311637761e+00
7.795680397116965921e+00
1.482910885699953063e+01
1.214833128382085192e+01
2.247542875404484608e+00
1.229344987492323327e+01
4.989575487758760808e+00
2.129652236718607483e+01
1.508878418680675892e+01
3.858017924397328269e+00
9.664495693802500398e+00
1.563212338463852902e+01
4.229210302165699709e+00
3.453265318257901395e+00
3.031260899745094761e+01
2.011290339106075109e+01
6.214122184808694271e+01
7.995710696782531102e+00
1.647853663522897749e+00
1.545761761150296110e+01
4.479269134885766057e+00
4.551551968374146995e+00
1.010712160863845632e+01
9.090265673742667474e+00
1.975053946817818940e+01
1.281942917109160618e+01
2.531663069558974399e+01
2.036974924228168504e+01
1.353070388234711352e+01
1.642697395769027224e+01
2.619148354954841196e+01
1.579623925118314176e+01
4.759823874878491345e+00
4.166489538387933678e+00
1.548731102799179693e+00
1.707531143628606785e+01
1.495354849557904409e+01
3.287528727766077452e+01
1.362709690320554223e+01
5.248440229638450027e+00
1.104496086761471929e+01
1.065142830429069676e+01
8.437878344643532813e+00
1.379159339884015800e+01
9.921223484026693740e+00
2.731628744861515301e+00
3.194799789467927553e+01
2.894437486751618138e+01
1.050823829635553253e+01
6.788163476133848917e+01
3.835843889951028096e+00
3.587064982652038658e+00
9.342375610247643181e+00
1.039263306469765524e+01
1.577043708037386693e+01
2.167103410828317323e+01
1.643160312274668300e+01
7.424772087860340264e+00
5.922367486911300105e+00
2.848455967374222197e+01
6.417130946929435709e+01
2.418300053698277097e+01
7.796728819666453703e+00
6.085164143570226614e+00
1.917430849343916277e+00
2.641860520404178736e+00
6.250030121494960511e+00
3.811128244128860132e+01
1.893368773633978108e+01
1.878603693356188842e+01
2.089283128102650267e+01
2.246042406367730848e+01
4.234977928920951484e+01
2.688574137263854880e+01
2.271054881838425743e+01
6.692449264757843075e+00
6.761664433261111995e+00
6.514811798256952002e+00
2.238854599895971731e+01
5.971752764413123415e+00
7.978770508728180388e+00
4.016479150404235199e+00
1.049282287641556088e+01
5.532617620697993743e+01
3.682324850837999008e+01
2.372123324368004660e+01
9.609550952923864742e+00
3.216151353459241413e+00
2.406224201947980390e+01
1.523350898930822339e+01
3.301715362961562050e+01
5.830035612062903994e+01
1.825866485527948058e+01
2.241819377911614097e+01
6.266127259601210753e+00
1.037856212850114312e+00
9.187410906206924466e+00
4.687507788144572807e+00
8.950241831562889772e+00
9.117510020235002344e+00
1.186731294521665347e+01
4.612095986523617341e+01
7.607604578651647742e+00
1.805688556885666429e+00
6.736109306598518032e+00
3.561261248109308042e+01
1.853597061493355014e+01
2.110749626117715039e+01
6.185868329557816736e+00
3.972026547572215183e+00
4.787135806006452832e+00
4.056871450394909928e+00
1.541562258208484160e+01
9.099905198910838067e+01
2.889247332259515133e+00
5.029641358307810783e+00
6.144274972833691173e+00
3.315462456558285975e+00
6.651506086617092528e+00
4.400606773911064806e+01
8.415816207722291153e+01
1.880722684099333719e+01
3.445514289367806526e+01
1.371467620154226452e+01
1.070340900105345661e+01
7.983456120034662540e+00
1.115915747324090823e+01
1.618645746413128350e+01
2.370444872305241191e+01
5.314826067370678864e+00
1.404499187249051850e+01
4.679651989009325774e+00
4.322818306257857124e+00
5.223253412156251052e+00
3.207622553999635251e+00
1.335730017809912695e+01
7.525303597081062890e+00
2.960475261321216855e+00
1.213591955237263065e+01
8.394983990458573686e+00
1.094955571984840503e+01
9.504094940261472502e+00
2.769642083928223997e+01
2.542702119993036547e+01
1.821387838658569081e+01
1.406022542010604148e+01
1.871224807772868459e+01
8.735805297323310015e+00
9.816729821500443931e-01
1.733336216765970761e+01
2.014876916784150396e+01
1.202124930501152100e+01
3.457641880242164945e+01
1.613332518110393465e+01
1.943192817976033737e+01
1.707235516676675147e+01
2.588059861399268691e+00
1.968491710187313970e+01
9.807525959461266041e+00
2.715777221734655456e+01
1.452747767379067234e+01
1.347304311544311162e+01
6.434839176756365298e+00
2.317149914294621027e+00
1.935925446925882909e+01
5.528408018734392471e+00
5.151992383027689471e+00
3.461683522143979985e+01
3.212972384854436569e+01
4.732716786523770480e+00
5.925570168520764902e+00
2.102711630260168363e+01
1.220054244770938823e+00
2.270878509776368404e+00
4.746040954652542609e+00
8.969110514009312141e+00
3.320420296948322747e+00
1.089344015115646513e+01
1.024598026421308639e+01
4.163826421050101700e+00
2.305551537269478501e+01
1.782510890423299443e+01
6.593786345921331282e+00
6.398580610846980044e+00
5.049858601473173891e+00
1.725179298837105790e+01
4.112665152815560532e+01
1.080577174232988291e+01
2.699849299073687092e+00
2.101631420215483814e+01
1.667504552223175907e+01
1.907928949584955092e+01
1.670580537738629090e+01
1.139101707109104211e+01
1.703599347797706187e+01
9.278540754538044055e+00
2.265718297387325819e+01
2.611597163581374836e+00
6.214359812464356203e+00
8.083555016569269114e+00
1.832917522740381600e+01
3.129277015985293531e+01
2.186048136735274383e+01
2.998442101459875886e+01
2.045381671387957212e+01
2.068033704195047662e+01
3.206467384548732014e+01
9.331846468602041256e+00
5.692282238229402935e+00
1.076731028985792982e+01
4.433067166653393620e+00
3.696138468433610313e+01
4.791293599279679682e+00
1.641240194932305840e+01
1.110147363066043447e+01
7.701190184536564232e+00
1.955754329021921478e+01
4.676442614490391492e+01
8.559122168596079661e+00
1.338460742862099195e+01
2.561009492150018829e+01
8.710216073687114147e+00
1.095949917753397074e+01
2.562269147006100667e+01
1.010128868373732836e+01
6.255644862740816770e+00
6.701350960708671423e+00
1.696081278460291486e+01
2.782817177970568068e+01
3.091749488923570865e+01
1.346324063672408755e+01
2.234834677593287822e+01
2.114157346513897551e+01
3.651821506696173003e+01
1.341677162251071920e+01
3.856146531688393608e+00
3.861421533173631460e+00
4.763235094668841541e+00
9.661687204140111618e+00
6.167340323805655444e+00
1.628573839761110875e+01
4.105083411763943424e+00
4.397491858435509826e+00
2.226172275033827930e+01
1.320092830764193081e+01
1.652497158439055980e+01
7.776187886140636607e+00
3.606050853722893024e+00
5.280887048884780199e+01
5.778745692282316604e+00
1.447241724362430482e+00
8.132470883819497232e+00
3.718712369806847828e+00
3.993572666642278612e+00
2.269059275472806547e+01
7.240579720761089355e+00
9.060809744946968891e+00
1.728593122410537219e+01
1.324084582274522148e+01
2.673374492141926240e+01
2.729596783444612207e+00
1.277123137745467929e+01
4.020522313824103300e+00
3.707668030732168063e+01
1.408557499448661865e+01
2.129079471360344922e+00
2.626000707890422614e+00
4.468989874067671231e+00
1.571780273584992038e+01
1.024354389756246633e+02
1.017677778490840090e+01
5.254303748776367300e+00
5.639252094401985715e+00
7.177269082811789325e+00
7.622208443561077296e+00
1.129117797100878562e+01
8.394383464636179681e+00
4.850220232158243050e+01
1.985903766179051289e+01
1.692696101084799309e+01
7.727977964816701295e+00
4.060641648917728830e+00
1.333936150038690549e+01
1.539514051515001647e+01
1.979416359683407478e+01
9.810814065370367487e+00
4.475631491921294725e+00
7.056320383252459472e+00
8.563975111451258115e+00
8.466895836803828956e+00
5.437839383588077169e+00
1.607481477235252143e+01
1.459625580914257270e+01
1.363213065354319831e+01
4.721024054424555416e+00
7.073188308170263561e+00
5.558542944297853694e+01
1.324393533418945701e+01
1.673123323009033214e+01
1.675972654723706157e+01
1.349737795095662030e+01
1.050303439680786255e+01
1.030650517450154169e+01
3.662436376390918014e+01
2.306029886177489274e+00
1.738752984199082974e+01
1.078117531167588616e+01
5.983090130938414575e+00
5.413253210162381812e+00
1.716866142017694585e+01
3.558885077821596354e+01
1.874144954600901514e+01
4.812983457745655613e+00
8.771163949374749080e+00
2.041729007427577258e+01
2.813144177077804642e+01
1.835862883327657258e+01
1.271206715152287714e+01
