5.974341448713167857e+00
3.940679979952160750e+01
1.152332881106299389e+01
1.825741004378253507e+01
2.990040414752951747e+01
3.753197274986024734e+00
2.868154605073671348e+01
2.625217832440588950e+01
2.183639288941321155e+01
1.284942610331544799e+01
1.001951840926427550e+01
1.339512274472588871e+01
5.280349373879539954e+00
4.853391133754439757e+00
6.174452698823241548e+00
3.335866742599024093e+01
1.719937366448988314e+01
1.156336757342608124e+01
4.314679156332947407e+00
1.095206184340248612e+01
3.913073911462833365e+01
1.013260308251464004e+01
1.829607432791312771e+00
4.150595848334404536e+01
1.333561543705662089e+01
1.704849215824692266e+01
1.300433041201269369e+01
2.724458580929886864e+01
1.399671236697097143e+01
6.233626683510638600e+01
1.747963900562535500e+01
5.943362406797684017e+00
1.104388349442563921e+01
4.597406775149522673e+00
2.140918518572969731e+01
3.882391764043821780e+01
9.874007064263654598e+00
1.553168395031921634e+01
7.504866722408487512e+00
6.067132924806688088e+00
3.749512070976639677e+01
1.193475289837781439e+01
1.679671718678999426e+01
5.845989026436987146e+00
2.602433934274914051e+01
1.259320168293117348e+01
2.235605219842585711e+01
1.671588076083866170e+01
2.889326888748161792e+00
2.861901576677993830e+01
3.131738622749253764e+01
1.405104998795517588e+02
3.405643615182225137e+00
6.996910690518130593e+01
3.140609368115270073e+01
1.515378512290522828e+01
1.391547388772287697e+01
5.886500143966928889e+00
7.770306829742587240e+00
1.964216145212306941e+01
1.882032375288688186e+01
1.372371725164721212e+01
1.840431321377772989e+01
1.758585342279035046e+01
1.324523989492684706e+01
3.792163313843617711e+00
2.071604421912555694e+01
7.040409472395612056e+01
2.029629154952225178e+00
2.537225000593358359e+01
9.474063327662753053e+00
9.244915393559720584e+00
1.693755032391335291e+01
2.554780983271515638e+01
1.579344402881032217e+01
4.158117055476004964e+00
4.670525927989297443e+00
1.979659793063553650e+02
3.084533606081417023e+00
5.643586204785375315e+00
7.697588645060102408e+01
1.467868959220224312e+01
1.295965498515417558e+01
1.585822420996357529e+01
1.742819733683861472e+01
2.716030767681531088e+01
7.208516410722831225e+00
3.131779836310573106e+00
8.415077296317466704e+00
1.402768242640749641e+01
3.018274739567963660e+00
1.511300848464023083e+01
4.225146748850463929e+00
1.792106195435296456e+01
1.304414893044446266e+01
1.377309064727243637e+01
5.822756230803344479e+00
1.442057230262090428e+01
1.325408998155217333e+01
1.212363071421988714e+01
2.000219567439381674e+00
6.032934771646659478e+00
1.224156992876402006e+00
3.163524552922316246e+01
1.838834947752129878e+01
8.035501342966005822e+00
6.887261336646766985e+00
1.114916438347070482e+01
1.840258996087658616e+01
4.080674414125534000e+00
2.831143022635344764e+01
7.361821598243085241e+00
1.301981778341597007e+01
3.839824534755718499e+00
1.178025776565977623e+01
7.040751653182564240e+00
1.276440102793016251e+01
1.908813863930935995e+01
3.643534824957247231e+00
1.554511349070585524e+01
6.010973046631063355e+00
1.810316605794382738e+01
2.269927141544912530e+01
1.750468804959077929e+01
6.127198566624938003e+00
1.206394253839850172e+01
6.299521012124563946e+00
4.067224922347408622e+00
3.735136212969307756e+00
7.704016656315521239e+00
9.417845379740182210e+00
2.380230023956296748e+01
3.805791164590708320e+00
1.453440550523438546e+01
9.625035595937065480e+00
1.882334758541434994e+01
1.156309283025630386e+01
1.252674869679205116e+01
4.545615213767480611e+01
1.056124524842595847e+01
1.255467581647582698e+01
1.794778980384342049e+01
1.069883406622234823e+01
1.370994805392957261e+01
1.739293988694476312e+01
3.636941535272534765e+01
2.148629625214786998e+01
1.011138912799943057e+01
4.191120554945903365e+01
1.283126793972563284e+01
4.430768475132747852e+01
2.436803541739475421e+01
1.778932293560581135e+00
1.641878193039010014e+01
2.290520443613812773e+01
1.131912628379510544e+01
2.992874662332123137e+01
5.317311996000036345e+00
2.559025330993674796e+00
6.745110157298365827e+00
2.261603994601453138e+01
9.599799132047941441e+00
3.958853260717717149e+01
1.246558205914825024e+01
1.439761368675974218e+01
7.204971142150269792e+00
2.699204573799899265e+01
7.752260161931708637e+00
6.979830081160604216e+00
3.072236170000881472e+01
1.839100104836413507e+00
5.469449439317745743e+00
1.887741613864268642e+00
2.250974966312792347e+01
2.723129899245825047e+00
6.800800592301807335e+00
2.074796645257785244e+01
1.347202417381153161e+01
1.591321952190078193e+01
2.801200532718184633e+01
1.270458371425173105e+01
1.656316570821961776e+01
2.744539069234222861e+00
1.490940886465011062e+01
3.416879213758839295e+00
1.238623631515208423e+01
8.326734291906927155e+00
2.252689707288030974e+01
1.691221347203379022e+00
3.002182881058092079e+01
4.225167425182552705e+01
1.357674291686028880e+02
4.631106326661927675e+00
4.806261195134763575e+00
2.605347062156602789e+01
1.098174073983765098e+01
1.374497825483677360e+01
9.691119193774884621e+00
1.310775242812864683e+01
2.298761778517124199e+01
1.777062171418461034e+01
8.032635307411251091e+00
2.905332147129314979e+00
2.746627481604111409e+01
3.648993596946617846e+00
1.816400676432077699e+00
3.576503498877401910e+01
9.285742980610201869e+00
1.812251120107800162e+01
1.774260813941820913e+01
4.979336894487515508e+01
1.605020816668271166e+01
6.637459033176025258e+00
9.447731748338892288e+00
3.243145829175477779e+00
3.888567985029551721e+01
2.152502546314898169e+01
1.530271816201532431e+01
1.370612733958188834e+01
5.425944784508445906e+01
1.334934117346461768e+01
3.980123926286136982e+00
1.383784280424037405e+01
2.953726238018303363e+01
2.796528969721131475e+01
4.690466292601088938e+00
1.653607734846744037e+01
2.397182055969391712e+01
2.302857689428642018e+01
5.503054972622181573e+00
5.760794660365005981e+00
2.043039968269927087e+01
2.185887041075417159e+01
1.966836823947768309e+01
9.716320746598825053e+00
8.766760523652008530e+00
4.968720290528940708e+00
2.236960505280595157e+01
2.062595587985510548e+01
1.054777968016131773e+01
8.790376026677089172e+00
8.015453104390527272e+00
8.565221944310124513e+00
2.085254119476015244e+00
1.302519409006391449e+01
1.436354484930879138e+01
7.594484570286543779e+00
2.029950731903623407e+01
1.899283819638572979e+01
4.087290907119450978e+00
1.051713545346779632e+01
1.063319178301001244e+01
1.802454448186733771e+01
6.170979347811701210e+00
3.791702054212282746e+01
2.082684188692835647e+01
8.105118616665893683e+01
3.326601519374555238e+01
2.117362802618866002e+00
2.629480934770309020e+01
2.978614560303574166e+01
9.615414542556955269e+00
1.778631984660774101e+00
6.068832103797998201e+00
3.235036954051268054e+01
9.202711491785255049e+00
3.350845930541104689e+00
4.977092677689515909e+00
2.470959859736045594e+00
2.927364829662107315e+00
1.160515915610968118e+00
3.628578771138088133e+00
1.841442966061341169e+00
1.161454889388413747e+01
1.773563640526005969e+01
3.397630804182642095e+01
2.050542555239230680e+00
5.753478614232462718e+01
3.009620045433312630e+00
2.364529075455253704e+01
3.489319124197619360e+00
6.041372268764684250e+00
8.475869575921135990e+00
2.600449433056449777e+01
7.133647863208440576e+00
2.581335183611071216e+01
1.948735851076477488e+01
1.665048343894699912e+01
1.314560853504588955e+00
1.048358238731425418e+00
1.013088940122809412e+01
9.532747232113210956e+00
7.004079992962725498e+01
7.088730649089171720e+01
9.160778077375580253e+00
2.607739570628896786e+01
5.538745919281956809e+00
1.482101605955768342e+01
4.601132902511210432e+00
3.610699111641039138e+01
1.396859027954510957e+01
9.349672005377531292e+00
6.991190015109956413e+00
1.192785230735259461e+01
4.755677399334325983e+00
6.485121036043081233e+01
2.734710836124797950e+01
2.699687641159020046e+01
1.208094485165524823e+01
2.129002097671532923e+01
1.437205151775792089e+01
3.884670022291737190e+00
9.083772518631633375e+00
3.771740156281635503e+00
1.066322693977481961e+01
8.300792470826651837e+00
7.544580279694173441e+01
5.464895928398162539e+01
7.338619230932324378e+00
1.007026351434989131e+01
1.313674760208166425e+00
1.362776227968662379e+00
2.764137801101500092e+00
3.077101339063750718e+00
4.377782671291433836e+00
9.734758127495508617e+00
3.484860805065664202e+00
1.536302543188835301e+01
3.791838001169621464e+01
7.209447514812039159e+00
2.495172665146543167e+01
2.535061595924673838e+01
3.758835158885158023e+01
3.842022238856308558e+00
6.876830191067969444e+00
8.654279076733804033e+00
1.300621034573177148e+01
6.997912906170346226e+00
2.246521786942857446e+01
2.468733163067062719e+01
7.201658921328854213e+00
2.850986622200370135e+01
2.982877467443569230e+01
3.220471359949395929e+00
2.602350387398402276e+01
1.006362845826856223e+01
3.857735835516094447e+00
2.928505443442083589e+01
1.719172910023624823e+00
7.804814307863943590e+00
1.408419638171651300e+01
3.507216315063007794e+00
1.745415751569295892e+01
4.279202425310161928e+00
3.759538147680587805e+00
1.187659806095641457e+01
3.859101952792398293e+01
3.451926362196137354e+00
9.247661574386988548e+00
2.397748071704605799e+00
1.046652157842351194e+01
9.313208386943523820e+00
1.140982992286234499e+01
3.475219893192688403e+01
1.868188173848754374e+01
7.176690358265105374e+00
2.215393033936662537e+00
4.306090770552064129e+01
5.754108542551096050e+00
1.992663912011604310e+00
1.446846330864812558e+01
3.122625441558802351e+01
4.093479466488595619e+00
6.217243156570881446e+00
3.194616591920649729e+00
6.667489033669149023e+00
1.100994786231111888e+01
1.309758051808293722e+01
2.620162773816193180e+01
1.024392964544998108e+01
2.947527633705658179e+00
1.593640928324621520e+01
8.851308994213923143e+00
2.910077323834372010e+00
2.874066807814057611e+01
2.762010824078659965e+01
2.544322395299605688e+01
5.581208886092608346e+00
2.387444044700536949e+01
1.519191455589459494e+01
7.102991637531106406e+00
3.309670314546190895e+01
1.163719224620106374e+01
1.020527544484398419e+01
1.673939850393507101e+01
1.060682813366636879e+01
1.612041137885327302e+01
6.925807031108653256e+00
7.690140584687059189e+00
2.261839799439920569e+02
5.499576440122050158e+00
1.358048073625373853e+01
1.165851422567664564e+01
8.765200054031405230e+00
1.054429295121688348e+01
3.161445470870981378e+00
9.863508211526562874e+00
8.751281199254957954e+00
7.776597906128298376e+00
1.538422059231709582e+01
5.215182797466072273e+00
3.332296956788055375e+00
1.932935273208520144e+01
1.149093508611351098e+02
2.589025489812502556e+01
1.409804301238553492e+01
6.908449936602173658e+00
1.010731602525390471e+01
5.469058429488628192e+00
8.751889067758734653e-01
5.823602620855515255e+01
3.534584432066859794e+00
1.709934420862558824e+01
4.209520149466554528e+01
3.581590572762002012e+01
2.137712850649131369e+01
1.046107387257156240e+01
2.252710037105978813e+01
1.581595906004509899e+01
1.147394187267449084e+01
1.062280740599181073e+01
1.624231060450252073e+01
5.766749194058050421e+00
2.195092763898312782e+01
1.689317805305931941e+01
1.111010119912110738e+01
6.785046644059828935e+00
1.116813597938867986e+02
2.631616020233729003e+01
2.121791398121698080e+01
1.384554500734543936e+01
2.303341815606460941e+01
4.835515242522964741e+01
3.585273700020649379e+00
4.571928593266607166e+00
9.340730603251964226e+01
7.483117210717728618e+00
5.175056306707996434e+00
2.787089610840594744e+01
1.620277204066577426e+01
4.747240137265199778e+00
3.890690059439960891e+01
1.363252396441193959e+01
1.974507004316985004e+01
7.321733621115423318e+01
8.911915989523617299e+00
3.514979420424310774e+00
9.939056284533482000e+00
6.717445558348027035e+00
9.997076507693808622e+00
1.247311192584693273e+01
1.813141521189155014e+01
8.412885676335820406e+00
1.995334559181829226e+00
1.676264694709653114e+01
2.962003153211892226e+01
1.087112089450369368e+01
3.130995635779360686e+00
4.322202420197936590e+01
3.453950415825276821e+01
5.318122170500253709e+00
1.332927054603127104e+01
6.906977502783135492e+00
1.651348564210193715e+01
1.542152026203966031e+01
2.518852663930550762e+02
1.930301353964966538e+01
5.168720606327812384e+00
7.842364944018594741e+00
1.677320876041071784e+01
5.466793577352946798e+00
3.394463537902429096e+01
4.376971970981148274e+01
2.811886396497468077e+00
1.317983937534854100e+01
4.001123848673980632e+00
2.743695137928305883e+01
1.257883361694473301e+01
1.386185518127237337e+01
1.338167196797033576e+01
1.657233891590307451e+01
2.038292104837022123e+01
5.238545356914700335e+01
6.136127128091616534e+00
2.910472546220100298e+01
3.717895158672445177e+01
4.192733040009311907e+01
2.443973855653797500e+01
3.893043008681792827e+01
4.228007864247754988e+00
1.723684019422421798e+01
