6.575911926878253766e+00
6.707990683537182974e+00
3.607156058852552860e+01
1.650195570922073784e+01
1.227265649617153720e+01
1.361308923639531621e+01
3.469106501500955897e+00
2.782241919894958215e+01
6.561324446171296643e+01
5.878412580341385585e+00
1.876093384684551424e+01
4.204570112124892489e+01
5.739778822855320151e+00
2.215247378016504598e+01
1.382215615911334083e+01
4.229703973877530387e+00
1.868005933572283794e+01
1.649806582010778300e+01
2.117416201000721188e+01
5.114824992474422771e+01
1.998720149543451541e+01
3.437755909050256520e+01
9.390958195492272509e+00
1.158983425376536758e+01
4.422814339434561148e+00
2.333330743871808277e+00
1.003687757781621670e+01
1.540160949668569046e+01
6.944596705030227746e+00
2.759353729290751733e+00
4.658746369242337870e+00
1.566851547008410428e+01
2.054200151507388483e+01
1.196852607174162486e+01
1.226555849001041842e+01
2.076341560252809160e+01
2.197719476682386652e+00
1.792014124725982924e+02
1.101411175153095279e+01
3.196345907976038703e+01
4.771771622746438624e+00
8.408663798401715184e+00
8.983676881097279576e+00
3.679792580753877473e+01
1.039144851380687129e+01
9.422536222470522915e+00
1.929065993839771309e+01
1.252974412933823523e+01
2.016411901720543653e+01
1.299420198580895480e+01
1.176693538016849416e+01
5.227597440356058556e+00
1.816546544837527222e+01
2.267266865489076721e+01
1.238985382992731310e+01
1.670219116137162985e+01
4.555039723189462819e+00
1.409985987583462475e+01
6.330434692824069565e+00
5.331833270548927750e+00
8.806600705533215390e+00
7.150807259767933033e+01
1.415048731614424860e+01
1.331169158510949835e+01
6.850227140277582727e+00
1.423341920419071727e+01
3.528719016102120687e+00
1.948329124127831591e+01
1.031756588098092209e+01
4.677711257962124058e+00
6.278727781474424674e+00
1.058299883257155471e+01
5.740806644428142036e+00
3.966659596708648650e+01
2.390306935878218297e+01
3.276123931343563100e+01
5.908360330326807741e+00
2.538341849280353557e+01
2.428149472623800165e+01
1.238419258734341177e+01
2.104986864327803886e+01
3.324472827093678085e+00
2.382316431329359219e+01
1.309211043185050372e+01
2.977952295498553070e+01
7.631881543020871739e+00
2.790256354250846726e+01
1.438486784835990662e+01
1.132550549276925622e+01
1.425867019658766921e+01
9.230654059761683072e+00
4.571260061476044356e+00
2.020771103780100120e+01
2.705816374180096684e+00
1.826411249815700444e+01
9.937721489911504946e+00
3.319965296318394543e+00
2.197892785151670836e+01
1.661036188860072116e+01
4.637690190667221657e+01
8.879258988163275745e+00
8.837764847488243092e+00
1.497031123096075689e+01
4.598832185035369946e+00
4.345292682814493546e+00
2.105675880219584428e+01
2.891338333585357390e+01
3.865247003321100294e+01
3.424782952590983864e+00
3.194323484858738738e+01
3.064779932766890092e+00
1.735140376159258579e+01
4.375734016890844735e+00
1.982780052807860471e+01
1.803408885695938224e+01
1.394919055898752447e+01
4.700524733895106522e+01
2.078684912970185206e+00
2.122108222493369922e+01
2.022464702114788082e+01
1.448251333539569607e+01
3.529780202383983045e+00
2.336152490726666286e+01
1.799976913699710934e+01
1.459881215857994086e+01
6.949189638120770951e+00
7.791391085378858605e+00
1.925072120629856798e+01
2.539738098786306608e+01
2.365322824909231958e+00
4.673945433254690585e+00
2.136171469258880151e+01
8.352092416139116793e+00
2.344777833477279216e+01
4.628246852129793254e+00
2.584104498350368573e+01
3.219616165029131061e+00
3.078859096510960924e+01
1.296294490203674243e+01
8.703441394413795607e+00
2.270492754101561061e+01
5.640887749684788233e+00
7.148009523857795422e+00
2.038394934502303713e+01
1.094227919265522431e+01
2.600653351022092608e+01
3.002605933908064628e+01
4.619652344814902278e+01
1.212387818834643483e+01
1.532890118426394110e+01
3.285895257830183880e+01
3.581800391047373466e+00
1.514357905549354300e+01
7.401907474341034465e+00
5.627501747592225101e+00
1.174227107990127728e+01
6.462644659189255236e+00
4.489844008414795695e+01
1.059080952871758541e+01
4.056520899556376847e+00
4.006352200705492805e+01
3.174040970275283868e+00
3.299631132439334813e+00
4.345521875877514617e+01
4.861861035711974921e+00
7.127352822602606608e+00
1.133069691482956820e+01
4.707694856220953739e+00
7.441672609608633415e+00
2.650460537414236128e+01
4.345911599680487569e+00
8.877961310205813916e+00
2.655460954825988651e+00
1.523366692617492291e+01
1.986191004411704242e+01
6.283039900943567346e+00
9.699633496685590828e+00
5.025583457796258813e+00
1.248024702883628478e+01
1.242590197423691123e+01
9.190543564746917582e+00
3.401930921781710282e+01
2.464897019666421585e+01
1.643293889506333372e+01
4.903624053378512926e+00
9.934757685909145764e+00
5.210716763666908946e+00
5.984816775204903294e+00
7.806060497659305319e+00
3.363261765829272942e+00
1.432812115639331552e+01
5.975551328208005053e+00
9.137376995417662329e+01
5.912564506430279643e+00
1.280114278294554353e+01
1.123638939361318734e+01
2.231588803690709355e+01
1.026560947530560952e+01
1.498616471326574562e+01
6.779072308361785204e+00
2.263034951835949471e+01
1.296376670529476272e+01
5.374929361508379522e+00
1.588956219437963746e+01
1.894881228268818418e+01
7.021584648424320285e+00
2.073514650421897443e+01
2.195632504489194758e+01
1.036205623135148457e+01
9.466400039507670172e+00
1.685059574183187081e+00
4.133742960557284185e+00
1.623206512743411167e+01
1.980844773976471629e+01
1.569043926233156760e+01
3.825411253540798029e+00
4.072989987372074516e+00
8.561371684596519316e+00
1.025216186504592208e+01
4.339827138250315741e+00
1.263589661750501847e+01
8.669611470630258054e+00
5.081296907604285984e+00
6.145173779370936273e+01
2.580942444856833884e+00
4.889830868508320272e+00
7.594558369403022091e+00
1.228144887292742560e+01
2.179402518820968027e+01
3.818112555708739198e+00
1.474544881403048180e+01
5.709320792621932839e+01
3.060349436345174823e+01
8.557658518432871730e+00
6.861886577026029954e+01
3.411213119982005537e+01
6.554940063380630733e+00
1.197958034179744047e+01
1.800160739133330878e+01
6.032922906936577512e-01
2.655797553388664856e+00
5.993886657741024138e+00
5.002490829877645595e+00
1.940486749533743804e+01
3.823783845777710244e+00
1.812546258821936362e+01
1.328567145550475814e+01
1.885472689301740701e+01
4.441451601433829666e+00
5.560241417889079329e+00
4.928560039548791138e+01
8.544209829848453452e+00
2.559342811238389803e+00
1.164396251242603064e+01
6.059232961718299393e+00
6.813618084561384514e+00
3.540211039441617746e+00
2.506639100966321720e+01
1.833748741506262903e+01
1.910111220632651907e+01
2.298044891262394529e+00
3.941109141771456326e+00
2.178971204929870620e+00
8.631340226715693120e+00
7.863922888107964582e+00
4.503879557983585613e+01
8.989606847709753268e+00
2.941299950480217085e+00
4.351513307482871795e+00
9.551523054894063947e+00
1.127551131660644401e+01
1.653765627737296295e+00
7.448907966518202528e+00
1.188130547274165139e+01
2.020781124188700595e+00
3.258542101082674058e+00
3.193580360079602087e+01
5.470788700354581202e+00
2.242947662313930834e+01
1.664810766110456797e+01
2.806960976505004979e+00
1.292822736428895425e+01
2.765793985316746273e+01
2.782943316727473526e+00
1.424523271579021255e+01
3.486799011391409131e+00
1.303086524656361078e+01
4.387593534631780479e+00
4.794878069303434387e+01
7.711843152896994980e+01
7.449992124195042642e+00
9.470259727556866736e+00
2.548438228128651062e+01
1.038745673644264045e+01
1.729677137171709012e+00
8.266102476094362217e+00
5.612371884479464512e+01
5.813387374578427469e+00
1.891776316340679642e+01
3.317863674670535801e+01
2.490556781173694390e+00
5.084287051151886061e+00
4.851353393213872600e+00
3.654818598727439394e+01
8.131607836187550120e+00
2.886924813594254502e+01
1.385374346218694939e+02
4.362780248082488654e+00
1.577246743068814894e+01
1.329907552496007561e+01
3.934708003148039523e+01
4.321709517802374734e+01
2.151173773486735996e+01
1.566683413222762766e+01
2.230838628402924328e+01
4.218136092855854713e+01
1.053534353582041305e+01
7.381161803000902744e+00
7.818226175585538229e+00
1.161869990338753267e+00
5.758486278038013495e+00
7.175093115351882211e+00
7.574405662988740850e+00
9.804915257302951659e+00
7.100332855437066826e+00
5.985552851845495326e+01
8.887361218566699250e+00
1.147274676124544790e+01
5.269903989973295566e+00
1.259525212309846864e+01
8.189789058768480956e+00
2.041054764130799981e+01
1.075255129369641693e+01
1.736442200421969417e+01
4.193691541695745428e+00
9.507094691769042427e+00
2.111470783700681864e+01
5.351178592169111070e+00
3.876928861057419073e+00
7.455122170650149371e+00
6.357640201940257185e+01
5.719890552469264478e+00
1.153718150453397229e+01
8.405039397033004178e+00
3.818034185736562058e+00
3.618196518387716054e+00
3.620004198150903907e+00
4.724256237546288872e+00
9.186830623758444503e+00
3.865214792196200122e+00
5.674632985528826445e+00
1.804834810937348166e+01
2.446942620889222653e+01
1.461104519626468701e+01
7.457325061632715801e+00
3.503456360976091144e+00
7.314124239378963388e+00
8.984767727170272167e+00
5.258389693857278502e+00
1.684557209998784444e+01
3.852525515911484888e+01
8.768098903416186474e+00
2.282253103729255628e+01
6.561855399193296634e+00
1.619830020493468226e+01
4.712710924804326851e+00
2.451554810694477382e+01
1.011240483376880306e+01
8.205256253646128428e+00
1.544128070592255675e+01
1.542268120598700420e+01
1.643661850626644494e+01
6.333590225725375333e+00
1.131512665867998813e+01
1.077585452221254414e+01
3.975595332028493800e+01
3.005518419253947116e+01
7.743965135158711988e+00
8.517259704120910158e+00
3.171321875952003655e+00
9.185703064931384176e+01
2.071530145316862814e+01
7.207542069006824370e+00
5.611195108229758866e+00
6.805241082745028258e+00
2.489883599526143243e+00
1.022851048617522629e+01
1.029410915686981376e+01
2.707901130429148040e+01
3.310925700590231280e+00
3.374045683940433094e+01
1.902006080786825848e+01
5.484193936702146388e+00
1.774634113697657156e+01
6.759453813400456035e+00
2.357562371722861627e+01
3.457201393127451450e+00
1.683669734681200403e+00
1.330999355106469384e+00
9.917174547094388970e+01
9.301254867360093215e+00
2.004555578009372496e+01
9.408239534678726201e+00
1.065469446068994230e+01
7.792133423094453448e+00
3.098455144579052245e+01
5.967608267567768188e+00
1.890160978240989564e+01
1.676226371397527171e+00
3.132811698861058147e+00
1.048961770522261183e+01
3.202401151833776538e+01
3.991155030166476081e+01
5.567580212020705943e+01
4.886905481296377474e+00
1.323253232455662598e+01
4.852828407895445118e+00
1.321334095691482169e+01
1.795672600224778748e+01
6.867500638051388329e+00
1.722729007859106432e+01
3.893680976135036076e+01
2.773027736058238446e+01
1.020575875065330607e+01
9.486386497703868770e+00
5.325713368313002150e+01
3.844121163286446485e+00
4.554895295105930053e+00
1.755191331219884887e+01
3.678167129636126731e+01
1.984087361298593777e+01
2.595189284540432517e+00
8.685074012784138375e+00
8.799515099536693086e+00
1.249026047083776625e+01
5.571564652097242387e+00
1.961351218705654276e+01
2.089820263262588895e+01
2.727537182625713541e+01
9.357865474254031923e+00
2.746755844752339470e+01
5.384117279988066329e+00
1.453291707301897873e+01
1.285538458706598419e+01
6.643808762328170303e+00
6.801766079683956967e+00
6.007797528652503161e+00
3.754677649464470246e+00
2.878462447026192805e+01
8.367217121400383206e+00
1.373744204911801425e+01
1.459222854105392386e+01
2.318037101462315164e+01
1.274625896082637944e+01
1.281634032499369447e+01
1.948791235267989208e+01
4.766589442410009703e+00
9.011407000045966953e+00
7.348228414564943023e+00
1.147110982624674946e+01
3.929906779052650023e+01
3.937917410755060388e+01
4.298114523471119242e+01
5.433778755486859069e+00
4.296399388119116480e+01
5.630447545028308909e+00
5.001583990586806294e+01
3.844872956954473953e+00
2.486639648863250507e+00
7.971270209243054516e+00
4.650548603719779628e+00
1.035776955975569713e+01
5.638731764600500185e+00
2.464267156100605405e+01
3.318252875288013115e+01
4.780857542370798186e+00
2.872595728496203549e+01
6.718027852306226677e+00
1.805585227340224463e+01
1.283411837329612482e+01
4.598149485546953130e+00
7.997480466909303587e+00
5.036360905031548540e+00
9.926502787574101205e+00
5.849003042814980091e+01
2.018672894482893554e+00
2.253350750906360389e+01
4.114978848157975655e+00
1.587655079716243556e+01
1.255754568441814989e+01
1.061152585277741345e+01
1.862874521625361268e+01
7.046058798464286177e+00
7.133202484650166042e+00
2.193062504659885548e+01
7.493441641566836608e+01
1.326489901586473330e+01
5.759003724646081679e+00
1.181952277035479071e+01
1.276160320669097903e+00
3.515884572814389486e+01
