6.040529632661145953e+00
1.165670918920517529e+01
1.328681628725575159e+01
2.901522875561810988e+00
1.186585894703325117e+01
1.521896512770162602e+01
7.468613277413357565e+00
5.327605521002276134e+01
1.283898974145272653e+01
1.302398804075534855e+01
8.398308093894636173e+00
1.715977309311572441e+01
1.095936472998495503e+00
4.272100848251618288e+00
7.896823560569240286e+00
1.401187120507372441e+01
4.760340421491419249e+01
6.334348606136286719e+01
1.564504382557237427e+01
7.793645061495533710e+00
5.831897890031854992e+00
9.044482865305036867e+00
2.620321382634769325e+00
1.714028171423281321e+01
1.419954515738968759e+01
2.013861953659579740e+01
1.622072179103632905e+01
2.722469568388866890e+01
8.636730478046537485e+00
2.571855242380993189e+01
1.170108000090997535e+01
4.495099708528388582e+00
1.803721095856800183e+00
9.934419706201893518e+00
4.117598881122795262e+00
4.408862120469532186e+00
5.443864695514108121e+00
9.037942652226227835e+00
4.102687911213456218e+00
2.980289194495753691e+01
9.961948135508226443e+00
3.697976381551629999e+01
4.310013093089278158e+00
3.277173071336557442e+00
1.536278908632480267e+01
2.958892234453245607e+01
8.014720701351521370e+00
9.226745083437020156e+00
2.428679586547389135e+01
2.099290703009494763e+01
5.360006526345289046e+01
4.149584830488849718e+01
2.774759025168172499e+01
6.926396687446001010e+01
3.568598891310384857e+01
1.303631347668424745e+01
4.368304807101426768e+00
2.633149001664557431e+02
2.904044698284789661e+01
3.421015280446508910e+01
1.399588849145202119e+01
1.072796449319139356e+01
3.565251393171146077e+01
1.646436603958484923e+01
6.769536196187686983e+01
7.095617274667040064e+00
4.174811971038440817e+01
3.348126688016962049e+01
4.936439571094370926e+00
4.965438805487610630e+00
5.228791031784923327e+00
5.269132021505189556e+01
2.315857304885307499e+01
1.044326529448288454e+01
5.628338135137672005e+00
2.061257865549790225e+01
1.647842865092937004e+01
2.596678125686639582e+00
8.691864174044127367e+00
1.841631909393317201e+01
1.481367975720487840e+00
6.099351650076386733e+01
1.801042892730263079e+00
1.509879252970102925e+01
2.136217019442458565e+00
3.485961232578544866e+01
6.535073651580598941e+00
8.027171908719321181e+00
1.207271213907066354e+01
1.459920192913883863e+00
2.844365640327893630e+01
2.430359475732752461e+00
2.526710155947674963e+01
5.274303422973854794e+00
1.588175655580113066e+01
6.602076381661532878e+01
8.164264378317751536e+00
5.074158315667722796e+00
6.678291703702220694e+00
1.343350927027518349e+00
3.616234046865307139e+00
1.336653870804548205e+01
2.057211097218230034e+00
3.370854442605924106e+01
8.014963419879929774e+00
1.209129093775676900e+01
4.126106485957139114e+01
1.502725227297081911e+00
3.917063995030748202e+00
1.107287689265724673e+01
3.646865696591827799e+00
6.637722360975729430e+00
4.419311045094733714e+00
6.454444741782570816e+01
3.080293543130963485e+01
1.129510050882230310e+01
1.396079057956207592e+01
6.020294079431351975e+00
3.335037084759962411e+00
2.906259646244009787e+00
5.552728588147836319e+00
3.385121281512400326e+00
9.562988209022858399e+00
9.150583890645510365e+00
9.071506434200351521e+00
1.701833721815864564e+01
7.712400760558170809e+00
5.791413253122225768e+00
3.219879161636384435e+00
3.419621151729455732e+01
1.613009972559640559e+01
5.379088180633402771e+00
2.644879665961273218e+00
2.533650447913346326e+01
1.768104061376688563e+01
4.617434601012271322e+00
2.673168142615043763e+01
1.741989504654753773e+01
1.296898261825680798e+01
1.585797882858381058e+01
4.559033772191532563e+01
3.169005702078983244e+00
4.414674509795543145e+01
1.483013508454697948e+01
1.971027350703364078e+01
5.351091315789154379e+01
2.210266420005635624e+01
9.113991122943032153e+00
1.359090778758176299e+01
9.384598255109242615e+00
4.623544384794491258e+00
5.885444563902178849e+00
1.981565447800639745e+01
3.336328410603543571e+00
8.877913030634272218e+01
3.210072864487351296e+01
2.466539561304907480e+00
7.878365714609140014e+01
2.107036751908627270e+00
5.480906746507632654e+00
4.042524316274721308e+00
7.689007749484066068e+00
1.031243242472947053e+01
5.704139899186043472e+00
5.060464647418239537e+00
8.354356689190854945e-01
5.709021599717106454e+01
5.180689030499734571e+01
1.226372415444826629e+02
1.889478626276375639e+00
1.352744999963223727e+00
1.688460869980312751e+01
1.583046653476208210e+00
1.140411581144271658e+01
7.692479810372050864e+00
1.495041276404822739e+01
4.775407265112375654e+01
5.956224557518527973e+00
9.268421699055096497e+00
3.109147519374748647e+00
2.184286943356800847e+01
5.724462083247600752e+00
3.794023990598923035e+00
1.541788470189991767e+00
1.458644180963216641e+01
1.352282666963738755e+01
1.357923387409540972e+01
1.897055159284113302e+01
9.391995706921901998e+00
3.158318333962992330e+00
1.385772498361628813e+01
4.085133464016550420e+01
3.084242553893702166e+00
1.203088939622416920e+00
2.662413649718598663e+01
8.429008885102787119e+00
4.237048943580681737e+01
3.169078491956163202e+00
4.283800765203014116e+00
2.171114274561483981e+01
2.717586304385379847e+00
1.579889349033540391e+01
8.570973291449742959e+00
1.570479147392734554e+01
1.755239692096647985e+01
5.256945106393471789e+00
1.138372656353306134e+01
7.710923216822935800e+00
5.133552806955795411e+00
2.915065304829009385e+00
4.349616031617841116e+01
6.854176010359243953e+00
2.182504459754360582e+01
1.018702421685596882e+01
2.643000822830526175e+00
1.188521757175819715e+01
1.250854595355881926e+01
2.949165894639184060e+01
2.195967928098346533e+01
3.175619089591434463e+00
1.258861939464731350e+01
6.588688669853475233e+00
2.615666364636976660e+00
1.592413243757873964e+01
2.552114179720925691e+00
4.419010118855855751e+01
9.726320520797429481e+00
3.665623118290199489e+00
7.605599884803330824e+00
4.474088831464219318e+00
6.522810277661411860e+00
7.220539454721640382e+00
1.025792830253509891e+01
1.773979064103720305e+00
1.140587098106677821e+01
1.514924107398819331e+01
2.288763920169370802e+00
4.016436896049187766e+01
5.378436227387117796e+00
7.103640607394929418e+01
1.961242429082619765e+01
1.728296570888355754e+00
1.504226261197595527e+01
5.960658710916670877e+00
1.018867004692808642e+01
2.003838197808937593e+01
4.748238454571603206e+00
4.053195418872149070e+00
3.954686360112566579e+00
6.900604608736396983e+01
2.786333287622918320e+01
3.452553519230258416e+01
1.395898948853264443e+01
1.271379674567762841e+01
2.188059126307873914e+00
4.043284057956414657e+00
6.014616265360082537e+00
2.032991391898951505e+01
8.523416652197616017e+00
2.440469804923344643e+00
3.175246640558565048e+01
1.580790332615992888e+00
1.528626763271653033e+01
9.274864640480288358e+00
1.374801436694261980e+01
1.229280854529227582e+02
1.115754832870229762e+01
1.155951642585432992e+01
1.792083736522798532e+01
1.089337265481906414e+01
1.065919054211815507e+02
2.562103646988672434e+00
7.165503330308977681e+00
1.078456320291932258e+01
1.833104523377888651e+00
9.683964337952053469e+00
1.138878917634771248e+01
4.979762460424836945e+00
3.420257643388796964e+01
3.133949020042311417e+01
1.764863390926641573e+00
1.333564876158376045e+01
1.187296036656349685e+01
1.034676765617120431e+01
5.578625961203132810e+00
2.137989177468086588e+00
6.575890226076008815e+00
2.939991543602520352e+01
1.699127642283774620e+01
9.217339948651600778e+00
3.490094077531082917e+01
5.661956657876353383e+00
2.044658251734150944e+00
9.073241428988476187e+00
5.469685883452073938e+01
4.781010755366791187e+01
2.683190109939495116e+01
1.362272579718307774e+01
4.234260582439518750e+00
7.037406068502201961e+00
7.615664051178237415e+00
6.146302175721931604e+00
1.861902129604675338e+01
1.919640698500816001e+01
3.417430969617052483e+01
1.299214257230353908e+01
2.280206363321995511e+01
2.610846086270955713e+00
1.556424809382371954e+01
1.021472254045733052e+01
1.769968542270801493e+01
9.702659793427795165e+00
1.144297758171667034e+01
1.587468153975510710e+01
7.482634767615227389e+00
3.774504422564668449e+00
2.063764545686890273e+01
1.403293528592327144e+00
1.248104811969490946e+01
3.997273593944627113e+00
1.084663673171533915e+01
3.450442249323374000e+01
6.699176307341696557e+00
6.771096451709297526e+00
2.636120018299171264e+01
3.916910943536257239e+00
1.407884211634225480e+01
2.319129419769611289e+01
3.512028900780626373e+01
1.904924589886125474e+01
7.629351449479398362e+00
3.254918847904351153e+00
1.781071878453381885e+01
1.369410104849457177e+01
3.698164337454645079e+01
1.398511053250738634e+01
3.101915720311540525e+01
3.109832233533610157e+00
3.179918883704567545e+00
4.270963878394579183e+01
2.167193295147819043e+01
1.993862615437204511e+01
3.614441308346024506e+00
3.820258670996795392e+00
4.861847233668808776e+00
2.359822203516417005e+01
3.742948802082195670e+01
1.781403451276962713e+01
3.583066121871199528e+01
4.631931654506959717e+01
9.248724319193115662e+00
6.134459034034387415e+00
2.721015920865459847e+01
4.406956623384785665e+00
5.818572933021608407e+01
1.449717443538958506e+01
1.244208526727580910e+01
2.220303566249285154e+00
5.284712640308272924e+00
2.141617920790505636e+01
7.804261343979052867e+01
2.684203837042512575e+01
3.643833314740719942e+01
7.683915578935408774e+00
7.147120543786546598e+00
1.722751062954887757e+01
2.621169791609688104e+01
2.022530888884771016e+01
5.655065070953290807e+00
2.478526772964088210e+01
1.720123340397897849e+01
6.627131583411220994e+00
3.549017164499262744e+00
3.385733323972343101e+01
4.001692616986798789e+00
8.576479700071136136e+00
2.469963255262122015e+00
3.568512049561123334e+00
3.081028705113684651e+01
2.630388147502484841e+01
3.701462719351989250e+01
3.281032926636116009e+00
1.825319713613995365e+00
3.548105683031612756e+01
1.935614428592054281e+01
3.163099793936055448e+00
2.081083105133600242e+01
1.792995478354696104e+01
5.420055170489411545e+00
2.402443546589838874e+01
4.505724254269701134e+00
5.429117068868442431e+01
7.124837641229704310e+00
1.168877560171825536e+01
1.166523104831241042e+01
1.107336129256171908e+01
2.057953349965453871e+00
1.298061093361966911e+01
1.378734045536885766e+01
3.970920775659299018e+00
1.376166213353318213e+01
3.524324958200310665e+00
6.978440029967321045e+00
1.088728474548240399e+01
2.672865759527947915e+01
2.613364276780195539e+01
2.064003421193317589e+00
4.423091539534524053e+00
1.238974458565608838e+00
1.835803698296512110e+01
9.255347247694766466e+00
1.589547160511304646e+01
4.774167720446239827e+00
4.100330675641865241e+01
4.618155562844257211e+00
1.299705952949548760e+01
1.226890723904822167e+01
2.718175382565279463e+00
1.324038900529550666e+01
2.934060347555153214e+01
2.863403448634731063e+00
1.489302925910423880e+01
6.264421907764159414e+00
6.649083085613216149e+00
1.606312613626002062e+01
1.388715829002426716e+01
3.952178810716979029e+01
1.307954097820888784e+01
8.670410903495119115e+00
7.418521928274109278e+00
5.755051212260188009e+00
3.225865751819787164e+01
7.966168891082700654e+00
2.923181183969756791e+00
1.948340018501800230e+01
4.117202327776746884e+00
2.382883288230396701e+01
6.041322188935307480e+00
3.417172974524718576e+00
2.341806670039218474e+01
6.456236185367744795e+00
6.318283761559865930e+00
1.328844414524327178e+01
2.118896557710556650e+01
3.889844765139889304e+00
6.878422874738788551e+01
3.983851492098296365e+00
1.799258351122831812e+01
9.460905781095684475e+00
2.565135258666992968e+01
3.955576426316233096e+01
1.205797239957477629e+01
2.649036101210704430e+01
1.030621769523794384e+01
8.079475200651688738e+01
2.440124375018509539e+01
3.790048330584858149e+01
1.242087420894815963e+01
1.953331461652858891e+01
1.490818526979885306e+01
4.965774029560478908e+01
2.113132555480902042e+01
1.085871958794753844e+01
5.635590937010906742e+00
9.860791586022015665e+00
7.609159712417870480e+00
2.029586820154484883e+00
4.005677842392812238e+01
3.024900504797929202e+01
7.115190802970914774e+00
1.417359160487277414e+01
1.407429719104803567e+01
1.037483291423316700e+01
8.509095674744246196e+01
2.912166265182800728e+01
1.439025346749322765e+01
1.644081527810987708e+01
1.788291894321121589e+01
6.296548757942411534e+00
1.398022672189581961e+01
1.771818462826832530e+01
2.220513113087457313e+01
1.361665314808686356e+00
2.584071012074301876e+01
6.328251679983296185e+00
1.671833467753091895e+01
2.781696401729321977e+00
2.358910314941388009e+01
2.168381367745063670e+01
7.458435306528812703e+00
2.398467842255092819e+01
3.680878696784151316e+01
1.859581289143079985e+01
4.068973739085976149e+00
8.556065949875367949e+00
4.468511524055650774e+00
6.961507901684612420e+00
8.438838626887291028e+00
5.414087567826060621e+01
4.252570210808293005e+00
8.807393221432030828e+01
