8.209026742015247180e+00
4.304322880490191849e+00
1.332575136897735746e+01
5.971786035032185680e+01
1.159202162485911458e+01
9.268197093792052144e+00
9.010343264161525312e+00
3.797910648255638932e+01
6.721004487281881268e+01
2.394768078112812759e+01
6.449944226309257012e+00
1.146533705141424875e+01
1.812892874752350991e+01
2.878416501042328690e+01
4.601075092365870489e+01
2.695587599674347246e+01
1.369832328341831129e+01
1.398976880841796699e+01
2.220257987214281314e+01
2.259557620401199074e+01
9.497618679738121017e+00
1.029436644314222349e+01
1.029859148389659396e+01
3.279521241902195072e+01
3.562421169469154592e+01
1.904844580691246847e+01
1.081259850767681385e+01
1.720530458106138028e+01
5.465262533186692195e+01
8.630110005255422934e+00
1.592282607714734688e+01
1.427183809753961441e+01
5.685375323256819158e+00
4.988566647423272116e+01
1.466567339071084497e+00
2.398405973901905242e+01
4.940049541189213755e+01
1.484068548233956264e+01
5.659042778272707608e+01
3.198443376319185916e+01
8.797639020242508323e+00
2.218912357092015597e+01
1.939929018452616205e+01
1.863909084802012117e+01
3.145722675138467395e+01
7.296308504886874857e+01
2.209396320615608289e+01
1.705753621866069381e+01
1.472504049630799727e+01
3.864293362051317615e+01
1.668501066811768396e+01
1.241130834786447323e+01
2.417123089120557466e+01
4.030348499432892595e+01
8.325485251882284388e+00
1.283547717850951031e+01
1.475320999711107106e+01
3.050982276770221091e+01
1.887942046355198045e+01
2.174472279931514862e+01
6.229441791111819171e+00
1.775372090484813725e+01
1.086668879070168181e+01
6.483784452929912234e+00
1.784256262489213540e+01
5.778884064006390986e+00
1.435952335721504980e+01
3.544005033058725473e+01
1.639716353406912575e+01
3.036073304858491895e+01
5.946141403195020558e+01
1.429320348291420650e+01
3.304501738239785880e+01
5.502198622886734114e+01
1.146765384936052534e+01
2.475823777645318557e+01
1.406490671947264559e+01
7.114064930523309016e+00
3.098066398346359307e+01
2.998427434527248181e+01
1.619311962380194814e+01
1.154904577733205429e+01
1.226437935053205024e+02
6.933982285514796118e+00
5.280217366228873033e+01
3.514069017720161892e+00
2.988538222589293802e+00
1.288072491017812915e+01
3.895595254122942208e+01
6.456416905971416043e+00
5.140976286756994362e+00
2.813680149242795636e+01
1.806949425294750000e+01
3.094344174680291104e+01
2.251268707595934160e+01
2.955684910395875420e+01
4.849299884345461464e+01
1.626171931353830402e+01
1.747218623328909004e+01
1.450254412863456643e+01
1.237436993555903655e+02
3.028118369776658625e+01
1.376133594477609101e+01
1.233508226027877441e+01
8.230651727044275390e+00
2.590966067577546283e+01
6.582398129094120520e+01
7.704829108747620836e+00
2.408491788409789081e+01
2.215732764642402941e+01
2.259958289524222153e+01
1.304202820854628797e+01
2.206239154646523559e+01
3.703942806150526224e+01
1.415212849809761764e+01
1.196020354241151118e+01
1.857859027454511391e+01
1.454605128442547013e+01
1.034618980467102922e+01
1.701403792578205554e+01
8.325683430475290692e+00
8.245294693103570438e+00
4.761162209419178559e+00
3.675312008593418511e+01
5.924211499801383241e+01
1.644917941237679671e+01
1.782452885766121398e+01
7.265472133995249493e+00
7.923788858107522870e+00
3.131059838825920139e+01
4.232161645720552912e+01
2.023484796267064212e+01
2.465213413934248088e+00
4.628355009161492717e+01
1.272806073616971645e+01
1.384913182270229903e+01
2.740367149351344978e+01
2.137713008617857469e+01
1.709910980709782891e+01
2.222794915619403966e+01
1.203608046913745966e+01
4.076180714956034024e+01
4.311091892538581050e+01
9.276065432058057070e+01
7.846802600867873068e+00
2.177047383325406216e+01
2.250924182385362116e+01
1.625224195653429504e+01
3.064575400305647079e+01
1.128163384301493721e+01
1.426879420366107354e+01
5.154868739686284229e+00
5.271626418862833674e+00
2.178662409570416969e+01
2.038208434509917666e+01
2.299062555613524594e+01
1.407047312871476663e+01
7.839316518349564333e+00
8.836099721498225534e+00
1.397779644841396696e+01
9.685808747268625396e+00
1.174106962344194116e+01
2.612231614156932835e+01
3.126631600554965473e+01
2.994319756233879559e+01
1.658752215530711993e+01
2.354974020300522852e+01
9.038670493288689656e+00
2.281718022240941224e+01
2.727159211556058693e+01
1.532877323899082711e+01
4.348212288658428548e+01
2.049711461651687117e+01
1.174647890691027641e+01
5.708215011762086455e+00
1.046760379757638226e+01
9.708973064219017957e+00
5.251437461671787332e+01
1.506633911772662060e+01
5.466574198882395308e+01
1.182724334879987005e+01
4.104142169196917678e+01
2.784839032770444689e+01
1.542114947657093005e+01
1.697231109988275577e+01
1.192427756327620614e+01
5.495466990128800688e+00
1.281224096862975159e+01
1.572314873735659901e+01
1.129473200904002006e+01
6.378950630661257115e+00
9.552164142385034751e+00
1.823012976159761678e+01
1.717083679732897039e+01
4.522949273021209393e+01
2.396286671832407933e+01
2.479019769593153910e+01
1.143541613624084974e+01
2.508106536737945547e+01
1.537076864997806602e+00
8.059387501957640865e+00
1.247451695770203628e+01
9.583343064325907434e+00
3.488097737045593050e+01
1.992278474508190200e+01
2.136280340239511233e+01
1.258111173861293608e+01
5.059208872582339467e+01
1.791724913994296386e+01
8.119483291764707289e+00
2.670755381595449052e+01
2.966329841405567791e+01
2.047645961024920069e+01
2.440440194395935691e+01
2.772624142820727400e+01
1.635673742667977848e+01
3.028730803546735117e+01
1.017045105062696209e+01
1.331893952266342751e+01
4.742773372943323906e+00
9.170586425527911700e+00
3.445085135882190741e+01
2.630851502416789955e+01
2.886979383977633518e+01
1.317517784941513881e+01
1.847416104282146776e+01
1.568024199037224164e+01
8.708880187978151000e+00
5.418328874275442786e+01
1.200750212156868280e+01
1.109797615925688419e+01
5.669642173238436555e+01
8.974787299204211877e+01
4.601652932254729933e+00
7.018570930510945516e+01
1.746701151311395606e+01
2.339801838886386776e+01
2.601788153949047455e+01
1.417518757935335749e+01
1.598505099904291527e+01
8.146611848072726758e+00
5.443170200711411333e+00
8.319732874385621813e+00
9.118563106519705030e+00
5.869997826387631790e+00
5.451447153183960381e+01
7.930150602633397661e+00
6.168965712765535514e+00
1.456125520650709504e+01
1.193868100632130691e+01
1.504225894831013655e+01
1.597172835027718385e+01
2.383849216490565581e+01
4.275773154748772242e+01
1.230843507138487603e+01
6.366794896744972121e+00
6.132994106370132315e+00
3.369574185489011597e+01
2.496376942192016202e+01
1.920489465733659529e+01
2.588720890445815570e+01
7.128554258275251243e+00
1.626710370936099181e+01
1.288190651364203099e+01
2.443647794190545497e+01
1.481203313785794506e+01
2.182650701051890252e+01
1.286508435373239223e+01
3.725147252039541002e+01
1.625461904085440779e+01
5.213418160376983579e+00
1.441833215379879363e+01
3.021835562735560643e+01
1.698676171656211409e+01
8.303983102743949019e+00
1.766305187419719402e+01
2.513036563882799612e+01
3.069906685849976569e+01
5.203796854600338406e+01
2.053852214443605817e+01
4.510098697314162308e+01
8.935976633870433616e+00
3.577682285296079812e+01
1.900710830109285610e+01
1.448243679562803976e+01
3.881410103885613694e+01
2.995466950127792671e+01
5.059467561880843789e+00
9.342062867843841545e+00
7.541992336410357822e+00
5.744469461393919119e+00
1.075261243545753231e+01
8.074101009621349689e+00
4.191380945226003263e+01
1.644341514221645539e+01
1.572320623515723170e+01
1.467852997724901876e+01
1.194840897226450238e+01
2.583585113583782444e+01
3.964914428687745129e+01
1.458241555094169684e+01
4.059862317205298154e+01
3.775068078782261694e+01
1.637573824234068098e+01
7.537552187242265056e+00
1.196457665011648785e+01
9.742755107645853840e+00
1.350398144512095122e+01
7.721940512693953096e+00
4.932074000058005225e+01
5.079984735427606779e+01
2.191920768347375059e+01
3.113409705265012306e+01
1.873538683782661707e+01
6.037104305369257240e+00
1.333183778845528167e+01
1.224242177863711234e+01
5.481780622310530759e+00
1.911642836328960726e+01
1.560464025173395264e+01
1.050556763770347501e+01
7.487583752618923505e+00
1.235185950558501133e+01
3.172958326336349799e+01
2.147917306776824020e+01
4.005428247838597855e+01
1.536549801443759833e+01
1.779012303496932290e+01
1.106888774384360374e+01
2.141146028416353886e+01
8.953603684314674638e+01
1.396494084378341540e+02
1.668652578974766598e+01
1.012015811889938810e+01
7.321496519869051589e+00
1.746233328227222970e+01
1.772371946917976615e+01
8.574597108502604925e+00
1.619614376710362791e+01
2.730363298795914417e+01
4.507176379894746177e+00
1.853681258298731294e+01
9.179099581348825865e+00
3.240125430879105295e+01
7.876083861590123192e+00
1.741721286987100115e+01
4.848150757653861831e+01
3.604683388605108973e+01
2.241876011285133075e+01
1.165268772270506759e+01
1.069833138671709492e+02
9.753256815927128898e+00
5.363950410400627078e+01
1.981457434207334956e+01
1.462903015667375506e+01
6.840898438260290959e+01
4.219608183256595879e+01
2.865719062481380064e+01
7.890195494541734966e+00
1.262453140527697926e+01
1.275926037366758692e+01
7.410164520568054058e+01
2.086209800631299061e+01
2.279699856007274761e+01
1.108790526422032130e+01
1.850420926256721899e+01
1.843247396314085051e+01
5.169949726661094758e+01
4.972321698870864282e+00
1.044582428065364610e+01
5.686032500592288486e+00
2.936181483112389401e+01
1.307162594019851376e+01
2.320192888891839900e+01
5.521867702081163287e+00
9.211684017719891315e+00
1.099820076697794313e+01
2.674186269163302399e+01
1.501433244809631873e+01
1.158255414426776042e+01
1.140091666482687316e+01
3.546367015797323496e+00
6.442022662539099720e+00
6.282417048482710875e+00
1.099193182786103229e+01
1.333240275970958422e+01
7.127185296200367759e+01
1.329579648305465511e+01
1.585873375753539349e+01
1.773063063333735201e+01
6.501066121838746881e+01
1.266638175955907819e+01
1.747903738959206166e+01
1.793668461389345481e+01
7.220613257175799937e+00
1.325848676888620048e+01
3.334008976714197559e+01
2.216365653977612382e+01
1.110367263975670795e+02
1.679663258515793700e+01
6.708702596343073310e+01
1.775335938810212610e+01
1.582141759894187771e+01
6.788400639737550080e+01
4.862420308303511263e+01
2.436159354020328394e+01
3.127166187416770171e+01
5.537236435856433303e+01
1.012994096161511237e+01
1.712176203436970923e+01
1.607932165912201583e+01
1.203235216947292407e+01
6.026908294297909663e+01
9.511623367282042807e+01
2.390170361518718067e+01
1.774092645220509468e+01
7.123406569125346088e+00
9.175211961155866902e+00
7.982899477713652381e+00
1.736219559628499454e+01
1.566302054832166313e+01
2.358596922712028032e+01
3.849390735695811117e+01
1.157408638820244917e+01
2.677868369928502545e+01
1.367729308260256005e+01
6.805743338670023235e+00
7.729238432165016270e+00
2.419549423454951409e+01
5.716406491923399003e+00
1.137255960022768022e+02
2.508912847229973053e+01
1.768609585040244170e+01
6.606318761709745502e+01
1.556403102695272800e+01
9.705746691822389138e+00
3.543660325514599663e+01
2.440387600344364216e+01
7.142512508873057442e+00
1.219216530104367635e+01
3.520813445450480828e+01
3.424526557590139930e+01
2.116358675906515430e+01
8.067160640843617614e+00
1.046642611729149763e+01
1.005200217742778079e+01
9.399077009521372261e+00
2.922363934047555389e+01
4.380089604709424655e+00
1.542455421228521395e+01
1.537951674428941651e+01
1.631294028793562489e+01
2.553067881464284739e+01
1.064909902981736245e+01
3.033303484877556144e+01
1.181790167322240492e+01
5.673998226366139264e+00
1.197314444082467766e+01
3.266900245487993182e+00
1.716943832565323902e+01
9.097769006549887294e+00
7.267242411676772917e+01
3.323809364890944096e+01
9.710001790663415733e+00
1.492909289359915448e+01
4.391120244830861274e+00
3.099329132738894188e+01
2.268143160787570878e+01
1.645668496829404504e+01
1.739636907201451166e+01
1.386121262952978839e+01
2.369354277946696286e+01
9.880425109767308811e+00
3.322217631958852024e+01
7.492625727530509039e+01
1.189470017423386494e+01
1.452766134593288605e+01
1.031747551170782273e+01
6.952815450531180375e+01
1.397242124885888614e+01
3.286175245650039756e+01
5.644216069483987042e+01
1.150182682596027348e+02
6.955997448588712828e+00
4.696486269025835014e+01
2.860958876353421942e+01
2.790783592307051464e+01
3.045450254392957135e+01
1.124583025575932460e+01
1.125788342743330617e+01
1.776378127199853907e+01
1.120040058872413624e+01
1.511230494161166860e+01
6.642843868008712604e+01
8.564985956982926041e+01
2.867765484808507637e+01
3.545560291639735961e+00
7.877755483876413223e+00
1.665695505230460682e+01
2.822555947108016383e+01
2.103313142862435470e+01
