1.214262220515607993e+01
1.898157741268887122e+01
1.311277613923365415e+01
5.723985850155165167e+01
2.057504371178620062e+01
5.564957476998579011e+01
3.971133741612106860e+01
8.426447736535221722e+00
2.521652291868724660e+01
8.129115449835014218e+00
3.224578361449784580e+01
1.776464624301030781e+01
1.573023015204401887e+01
1.804562659441203110e+01
2.882923541583045335e+01
2.624507706340310165e+01
1.896840198871068139e+01
2.130976708052139657e+01
5.471525549776004738e+01
9.969251311842599605e+00
3.551913054842956541e+01
3.208178874178554452e+01
1.823424395078133742e+01
7.562445733019366401e+00
1.288785902452601029e+01
1.103129649657267031e+01
4.390596307642575624e+01
2.251475859152987624e+01
1.114753678991615438e+01
1.759157266073807691e+01
2.378144005466863931e+01
2.646608512376080213e+01
2.840260155704308431e+01
4.592623687673603428e+01
1.522680969466179768e+01
2.608864987777982236e+01
9.127980110644678291e+00
3.170113751567475902e+01
1.096385013195588520e+01
2.027669726539014050e+01
2.608789517390690804e+01
3.645141263923709118e+01
3.999377225554076887e+01
1.636741261511324552e+01
1.376688232089098030e+01
7.392280520089169471e+00
2.403486953669266768e+01
2.663749243759212604e+01
1.233005603071703860e+01
2.260114843672001328e+01
1.011930914379145818e+01
2.842204245508050064e+01
3.007593459863618079e+01
3.723412743112535850e+01
3.197239730196580609e+01
4.282973216886220769e+01
1.484427307208046898e+01
3.046753808059678192e+01
1.257845937858191121e+01
3.804945078965195648e+01
3.076702463671709964e+01
1.537472566525653761e+01
1.391411514104380487e+01
1.227498328483833667e+01
5.019384680028834111e+01
3.730605139989059893e+01
4.497380710620125654e+01
6.159213439700350534e+01
1.319156660905891343e+01
1.676401761319887740e+01
2.793357530738983741e+01
2.751837160856682019e+01
2.661052496129878975e+01
1.313864953726205265e+01
2.004379424777089724e+01
1.436063401823934349e+01
1.024981673895964640e+01
2.523487609140894605e+01
1.182066655524511134e+01
1.263871805256301961e+01
4.818746380018799869e+01
1.992873921306243901e+01
1.679936651959678429e+01
3.338457339361542608e+01
3.425464908949802378e+01
3.286723623728430965e+01
1.950237276361984229e+01
4.616019259315362433e+01
4.352303391437061464e+01
3.476872877526085404e+01
4.006525991587869839e+01
1.559250362094218545e+01
5.500906229011599180e+01
3.281408732101053261e+01
1.755458233099639287e+01
4.476820854545108119e+01
1.160919506539022272e+01
3.596908218820385628e+01
2.565591556326472400e+01
2.659054404075818212e+01
3.823126211945738362e+01
2.399732111217683794e+01
1.791073659098039528e+01
3.552034149887062142e+01
7.006751386367240286e+01
2.164056797115311070e+01
2.250133937854213428e+01
2.490873936524927501e+01
4.421264614061427523e+01
2.119585254683410369e+01
4.470267413880676166e+00
2.692634196094821419e+01
4.662388404732129743e+01
1.525217203034931934e+01
2.560904301587597587e+01
3.934864753645898716e+00
2.906320850859767901e+01
5.579378364392113099e+01
6.165116513804729692e+01
8.601996686774191403e+01
3.165500053634847788e+01
1.356123107159750063e+01
2.517424082656162909e+01
2.752507924882459278e+01
3.078997044957352358e+01
7.441840397405384167e+00
1.798236053945128177e+01
2.349947111798159227e+01
1.236733052595087834e+01
1.490763996576264283e+01
4.337462609566231464e+01
2.256247444472749208e+01
1.250866405402103396e+02
2.685352007411263386e+01
1.817948207992764509e+01
2.280369670379387870e+01
3.452390779609130078e+01
1.762717495951051205e+01
8.601778013681243351e+01
1.294643553950065851e+01
1.230413469214554993e+02
2.258426294850614724e+01
2.384644176010398908e+01
8.182838558631081582e+01
2.348132455026665255e+01
1.574629807182947694e+01
4.824071015737474255e+01
3.735760832869477355e+01
3.799701001750258911e+01
4.291715898590253175e+01
4.318660671241320159e+01
4.515018048258489358e+01
6.835492279359525014e+01
1.810488695029801320e+01
2.868147411713919581e+01
4.759551952385164242e+01
6.878227290137188277e+01
3.416091409090950037e+01
2.946610294990298229e+01
1.379098561006655999e+01
1.914863991297157497e+01
1.191182966530362464e+01
4.959376072216900155e+01
5.002298188171360493e+01
2.901612537019030569e+01
3.624412875757899144e+01
4.731864799299985691e+01
2.188633061007013580e+01
2.784091274787004622e+01
2.036136690651219183e+01
5.588922363506694069e+01
6.020678871804726384e+01
4.416303934911069007e+01
1.565385400188856480e+01
1.676290442920612378e+01
1.631616192475273763e+01
1.571887386612396043e+01
6.634060830026420774e+01
1.495433696850566463e+01
3.090866043468395574e+01
1.227825993110835512e+01
1.017368321235188944e+01
4.759501075606309684e+01
4.635233034991377110e+01
1.587574725588691749e+01
4.066967376359925623e+01
1.193744135175315257e+01
2.602995718402807412e+01
3.000192559336587195e+01
3.891251599978659925e+01
4.437094869345416726e+01
8.299473339230127422e+00
5.142925169449618039e+01
3.299819319647046001e+01
5.215473808621241147e+01
2.296776397223558064e+01
3.842176643268934555e+01
1.127753144776501060e+01
4.247122151053365968e+01
3.020920979423853225e+01
1.007182649852473588e+02
1.647433394243585525e+01
2.333059505020976232e+01
2.504669760019546487e+01
1.867535137689497304e+01
3.252705725276280191e+01
6.062933546685566455e+01
2.064050910066156419e+01
4.460907236449844504e+01
1.246122803436957582e+01
1.445512364877474987e+01
2.585631270691390071e+01
1.070738797828591160e+01
4.006229153494019357e+01
2.969810133968560706e+01
2.414996178618302025e+01
4.320038408716663270e+01
6.689907144440049080e+00
1.001742373745275572e+01
2.334748646771194203e+01
1.731301711173838243e+01
3.075371800794670918e+01
2.129441937660986639e+01
3.447329684458460974e+01
2.322398249497994271e+01
5.107615465301572044e+01
2.802969817139712205e+01
2.427930477734888015e+01
3.138743281084411763e+01
3.650072092507942756e+01
1.795688058371066376e+01
1.685746502851939965e+01
1.416218263199057148e+01
1.327609155035055011e+01
2.202205765268883653e+01
2.921750519642576549e+01
1.507144893928780860e+01
2.411076362011811725e+01
1.373520629167726881e+01
2.378020002464549520e+01
1.185668009370761844e+01
1.413659366472628598e+01
8.844465123458232370e+01
6.350660030684695556e+01
1.213450662445556993e+01
3.848789461267848111e+01
1.851930815305130196e+01
3.219342040636303182e+01
2.836875900800235684e+01
3.840377284044691208e+01
3.670266934075033305e+01
2.747615188038207634e+01
4.602643247805659144e+01
2.582001664170697097e+01
2.034497486837793900e+01
7.962833504321609723e+01
2.462023474170228354e+01
1.959630878311945779e+01
3.464419471915186222e+01
3.882209374620008902e+01
1.543182384520323858e+01
2.161342792792135015e+01
1.378015523514648244e+01
3.673891701446568447e+01
2.938675879886421427e+01
2.896686428063006247e+01
4.480094547105733938e+01
2.078360958724264762e+01
1.646622396062017657e+01
1.209841068293873612e+01
1.040457032370921020e+01
5.999450496226734231e+01
4.742140279684971205e+01
2.675323685718375799e+01
4.684309180817554363e+01
2.574316572535621006e+01
2.757832424695327589e+01
1.627396042764161521e+01
2.331301103703413347e+01
5.015539642972541401e+01
2.725331389656519221e+01
8.576233110873697996e+00
1.403985139720317754e+01
2.373153296600044726e+01
1.732435432921779395e+01
6.110768928279853895e+01
1.656484525979860223e+01
5.683157622717580182e+01
2.710422167495416090e+01
1.846073719729469076e+01
1.529064348784590521e+01
4.386647069931302667e+01
1.315809858909613972e+01
3.310059394223923590e+01
2.534524523235158355e+01
1.693451498960096302e+01
1.207822195038479407e+01
1.983981486651056159e+01
2.086568894651396633e+01
1.515447982904554536e+01
1.812480066531195888e+01
2.415555351719410737e+01
3.925568377727389446e+01
2.976910124281938863e+01
1.330680645127656980e+01
3.446477824766570563e+01
2.283871579505001392e+01
1.506046979953945630e+01
6.927409315123871636e+01
1.022576043311021010e+02
2.062919630576464058e+01
1.641515383689699092e+01
1.575577508619545597e+01
3.848945325754522173e+01
2.460762673082392382e+01
2.946339419895882017e+01
2.487228290137944242e+01
3.033092894631890957e+01
5.191438428397245275e+01
2.520710786256790215e+01
3.518126692958049517e+01
3.077464101863423807e+01
1.240958086475325395e+01
7.335240089711464861e+01
4.612489427307357204e+01
2.301133065514686749e+01
2.966319633138746070e+01
1.856539807005295373e+01
1.708799703839696704e+01
2.595408232840289031e+01
5.078067806726311773e+01
1.240662590488664563e+01
4.815092014130117803e+01
1.090946569556034795e+01
1.616565266446064086e+01
3.325302334500140944e+01
3.942839069050920386e+01
5.753734533617807756e+01
4.281395321983277569e+01
3.311090217585731210e+01
2.197709540076195012e+01
1.608377606418338246e+01
5.999486682584860731e+00
4.067484010287849117e+01
3.903443175194647097e+01
2.728954655401352980e+01
3.751295881253174258e+01
1.899363225384773912e+01
2.285748414244776328e+01
2.686506401811097788e+01
5.916182366224378342e+01
5.825162714902756989e+01
5.293696631341428649e+00
2.388564708599311004e+01
2.226312368174965073e+01
2.010129769232077379e+01
5.507897725202900574e+01
2.983408552131351854e+01
1.813296815679039042e+01
2.402219390933140986e+01
9.127645316358329097e+00
3.736623377824574277e+01
3.738550104673957719e+01
2.415551173884258773e+01
6.299885372111349469e+00
5.181306059481815396e+01
2.135299347316331620e+01
3.958471364823385130e+01
8.505235638872861159e+01
2.814329180973830802e+01
3.690563195346533121e+01
2.946790930764463923e+01
3.067289105952235673e+01
1.872118697086954242e+01
3.115618557325845472e+01
3.832066101777027001e+01
1.750923281942141685e+01
3.099602466688752500e+01
6.237782796540373198e+01
2.766587229569220341e+01
2.491721136735592168e+01
2.108636952211445958e+01
3.838761874121419737e+01
5.542821819226610103e+01
1.355540842760594522e+01
2.279902156787162326e+01
2.790650114485616484e+01
9.188825191059461162e+00
9.932978685841282740e+00
1.118754933075816815e+01
1.200961175815495530e+01
2.126402841415981726e+01
1.474953374922674776e+01
1.146015490953287141e+01
1.640374311150996789e+01
1.553969253963105501e+01
1.734703880116002495e+01
1.386662277913045926e+01
1.599622400734229899e+01
3.147442442116593853e+01
2.685833073815041416e+01
3.611876214963713494e+01
2.213402498285582709e+01
1.517672916419834550e+01
1.649379492564634120e+01
3.792587406924309334e+01
3.061578834343107047e+01
4.360441934755785098e+01
2.415508792354743761e+01
5.650305777322603262e+01
4.347928148209442156e+01
8.332043483030354025e+01
4.224412804680179079e+01
2.442137721206754009e+01
3.162055565493053777e+01
2.611407421417177588e+01
1.181259068854845573e+01
5.940229808166662195e+01
1.072600984822715589e+02
1.445433178105894001e+01
1.927146774543111363e+01
1.335127522480345164e+01
2.082863171018871640e+01
1.971953444407299827e+01
1.752814326079423068e+01
4.272977025890793357e+01
4.537877894185786687e+01
1.698642709258870553e+01
3.673817595200481634e+01
1.598804417778994669e+01
5.790994021651999901e+01
4.610115244222689057e+01
1.046042090360590038e+01
1.152680406479252468e+02
7.602610365723899122e+01
3.103170212075653822e+01
2.154062889164165639e+01
1.371674502310675621e+02
4.074513121086942391e+01
3.086306729644905644e+01
4.985930591884174135e+01
1.324188170662349151e+01
8.786324046971627055e+00
3.184734671919855487e+01
1.234659131879643112e+01
3.535279106988097908e+01
2.928859305022277226e+01
3.440891379054361465e+01
2.466797438225999173e+01
2.030916394630914112e+01
4.184711309792449541e+00
1.984215792470935114e+01
2.788730479504881288e+01
2.544093342658027979e+01
5.507297571582613216e+01
3.844711633731478173e+01
1.028950819075874357e+01
2.129840994290231038e+01
2.365531395160889971e+01
2.345209563853090629e+01
3.025369892763076152e+01
1.651717762712627646e+01
1.754648730862785300e+01
4.080941654977779365e+01
2.537650987385015355e+01
1.457464704980546877e+01
4.382163565847258013e+01
1.140173339177178669e+01
2.243559545463865845e+01
3.931774901821192003e+01
1.469770103044371190e+01
2.363458130627975606e+01
3.531293363817127329e+01
1.327800494509846274e+01
2.528859197056464936e+01
1.957784213796740147e+01
2.145286365300529141e+01
4.346354287278473549e+01
1.746847876022342660e+01
5.909893465676653790e+01
3.013066923789036267e+01
1.353465275921274014e+01
2.397452304625500119e+01
1.515519562349631855e+01
4.640488370266161411e+01
4.211004970634336786e+01
1.242555823272047455e+01
3.338057215352199592e+01
5.764998698536355448e+01
1.424454050462013655e+01
3.465372332903396568e+01
1.517884253612540846e+01
1.230567677569274920e+01
1.757350830529829011e+01
6.066337085908090643e+01
3.167438667282740639e+01
1.756103047324405964e+01
1.089409951414945077e+01
2.351899353213184796e+01
4.469900716894699855e+01
2.094991422584410046e+01
