1.050649741025787343e+01
7.782377019212682434e+00
1.876740984773300980e+01
3.940695108408093716e+01
2.272393856340448082e+01
1.997682387841438612e+01
2.365589652646417207e+01
1.665426396130685305e+01
2.605417214070356735e+01
2.231653858520759925e+01
9.062853232577777973e+00
2.401272208675848674e+01
2.096732748960547354e+01
3.232737505777237175e+01
3.202002851561949370e+01
2.540980153576316525e+01
4.534001554753803731e+01
6.531732479663571667e+01
1.081764405077745117e+01
6.541699263744943948e+01
1.318848530961188636e+01
1.529199327741365622e+01
3.306981513158033437e+01
2.162445365967066735e+01
3.387995013639165620e+01
1.924881994657637208e+01
3.224207290159164785e+01
1.557355282973115074e+01
1.412803852944179361e+01
1.407515191549403433e+01
1.613235458101360820e+01
3.539216573033932178e+01
3.261767857056770481e+01
9.449250001469225779e+00
3.116960583550076080e+01
1.071410980291748771e+01
3.621118774136527207e+01
6.714201933594477367e+00
1.120253857400870956e+01
2.497387929032771225e+01
2.798307539158532364e+01
1.845481803336009463e+01
2.366648723052820102e+01
3.432836763573304495e+01
1.024476631909570656e+01
1.245656568615610205e+01
4.437198399162622309e+01
9.565878429161447372e+00
8.531304382768727379e+00
1.922921494964533196e+01
4.111459110987703269e+01
9.160783721115617340e+00
4.010430487379645115e+01
2.448488600681446883e+02
1.091319208253953974e+02
3.070053939855662861e+01
2.502058243559202566e+01
1.548332403473216523e+01
6.504977819012343332e+01
2.059731030545501795e+01
5.823917528894485685e+01
2.451991384883557146e+01
1.559138683523111801e+01
2.034596007641902560e+01
2.142677024628957838e+01
3.733415557297467302e+01
3.439605901736037907e+01
8.402578220632344497e+00
4.418283129007880916e+01
1.653356990358798484e+01
4.432866221633788228e+01
3.302971444383629773e+01
1.585897703855410334e+01
1.968228776896436472e+01
3.336470950223570497e+01
1.694477003690397510e+01
2.955372484936638244e+01
2.795096235450166233e+01
5.218296387170128980e+01
3.450408684691165462e+01
8.179517230392751515e+01
1.582492514619734258e+01
3.456830137960049143e+01
1.086353386697944323e+01
1.609896740849189101e+01
1.481072937994819938e+01
1.753652046286315880e+01
1.917819301201970461e+01
3.153012124725611542e+01
5.812801879453814990e+01
5.764002412969511546e+00
2.117731301156756274e+01
2.485088653840094253e+01
4.766870116183680750e+01
3.270132464484494506e+01
1.355782041535833038e+01
2.840666813939634139e+01
6.358813833765609047e+00
4.705253800976996814e+01
1.033992498487160638e+01
1.668047704682230759e+01
3.788377408105090183e+01
1.853296284352357048e+01
2.510510766520294368e+01
1.636382600803436560e+01
5.545149718418740292e+01
3.402686536205698786e+01
1.393422973382434193e+01
1.564739725234816525e+01
1.429319269610150123e+01
6.169893919593191001e+00
1.980329978914689804e+01
2.073866660942077189e+01
9.230589353462080737e+01
2.904461234382070600e+01
2.708367549814375863e+01
1.793759488621241260e+01
1.615889484842438151e+01
2.524345852170557691e+01
2.929494969418091443e+01
2.472897739896878022e+01
4.189151486305956951e+01
1.717073618532094414e+01
3.335338070759590323e+01
2.022654672237956675e+01
1.722399751694238290e+01
1.910888817597777489e+01
1.810779786525628055e+01
2.306303674119187974e+01
2.543692013152217157e+01
2.586871289692288300e+01
2.303738732851516957e+01
5.480838606245031031e+01
1.552440260909437164e+01
4.043004986435861525e+01
3.433901593634455196e+01
1.008984549799209418e+01
4.069981538353069084e+01
1.733915866940679607e+01
1.545543794007696015e+01
7.832582636624784378e+00
1.243654163071240859e+01
7.170442227217741049e+01
3.079981174244905162e+01
3.338739651462216074e+01
3.584513503329432638e+01
6.358533273333198821e+01
1.088889406886498890e+01
1.437396748505411814e+01
2.766738602838092831e+01
2.615314075397153104e+01
1.496132284472073692e+01
2.958706999810466698e+01
1.092264678330488969e+01
1.825370646115851159e+01
1.116906786834032417e+01
2.303368431903285085e+01
3.211473567224398096e+01
3.271303996114786372e+01
2.477930963708148226e+01
1.678869616924209751e+01
1.933997524840325966e+01
3.520708294537752892e+01
1.706474559498024490e+01
2.135651888660463626e+01
1.841369130256805065e+01
2.018779038306616513e+01
1.566246107206329086e+01
2.100283519391789966e+01
2.346307681504615772e+01
2.608646926954207146e+01
2.967794285674520438e+01
1.011937220275806126e+01
2.884330248063034574e+01
4.759758214634869944e+01
1.838684303879401227e+01
1.304911042498423690e+01
3.763767659884612726e+01
7.008763108089198113e+01
8.537934426178934189e+01
5.039437206569390071e+01
5.071120573879971971e+01
2.241598659880101962e+01
3.817493090861277238e+01
2.733686291881670272e+01
2.337172221141592843e+01
3.354360096264436208e+01
1.678218993562701300e+01
9.839058858484863279e+00
2.987473989862346713e+01
1.711707050074430825e+01
4.734483031439233969e+01
7.388280236445056914e+01
8.461693033264630515e+00
1.547215690895535900e+01
2.930658488172466747e+01
9.096853848903810658e+00
2.280329333364337785e+01
7.265886492236091954e+01
1.611258891171149088e+01
4.180072182686499360e+01
1.940389547397711922e+01
4.483283603100027648e+01
1.799250705932751870e+01
3.843123260909965211e+01
1.823239633009533733e+01
1.713186875928523989e+01
1.524734805109552838e+01
2.979772651529032501e+01
2.084047029966678011e+01
3.533007661386197640e+01
5.292166275344803950e+01
5.806775372051863826e+01
4.635569426361856671e+01
2.205530381658393679e+01
2.089415766915628581e+01
3.430979391798509681e+01
3.182525132837063708e+01
7.003056254862805474e+01
2.501395119197346517e+01
2.215828464520657093e+01
4.443305183918388934e+01
2.505811958416983742e+01
1.750266194505839223e+01
1.032592234660557828e+01
3.565618281114217325e+01
9.115785366764985298e+00
8.936381592993249967e+01
4.738928018625441752e+01
2.670851746839582930e+01
1.560168048616217362e+01
2.159110450054652119e+01
5.780228578235933057e+00
1.404124941920647274e+01
2.182888717011046253e+01
1.632158374912713228e+01
2.187313067936356248e+01
5.522665389784151557e+01
3.175942268533109214e+01
5.002045184651890963e+01
3.320670513621803366e+01
2.695102148379964646e+01
4.711568036596391096e+01
1.238762324914694091e+01
1.692671878252604500e+01
2.330478053032194197e+01
7.748453166150270910e+00
1.976280226786103000e+01
2.964837525010687003e+01
3.168542941809314328e+01
2.320744403214561302e+01
4.845718824000509528e+01
1.332185940409385516e+01
2.054071612982104256e+01
1.866688750962188337e+01
2.684657186594037270e+01
1.327086704257917127e+01
4.322850535197281907e+00
3.260195407319300642e+01
4.236569591244276722e+01
1.580356529562489953e+01
1.677160119695599150e+01
3.788361781599792266e+01
3.413003449322045668e+01
3.095043069477106812e+01
8.686087845516334838e+00
4.488778678807612010e+01
1.357760198567851972e+01
7.273582017568723579e+00
2.883746554332971357e+01
2.058253863875339462e+01
1.534329288732143759e+01
3.197260504859785257e+01
2.882021762671847398e+01
2.206656673591419704e+01
1.098714395184043369e+01
2.585364939292344033e+01
9.713939563636010632e+00
6.496165278124144038e+01
5.809031511283049731e+00
1.508041225543523822e+01
3.620599396564277583e+01
8.026740250522439624e+01
2.250374706379150780e+01
2.902511045582798133e+01
3.387957429523839892e+01
1.975015010718257003e+01
1.837437979178586289e+01
1.612828511190054925e+01
1.258680420266007971e+01
1.351828685276154296e+01
1.308647762639994738e+01
3.111492378240388490e+01
3.205342268593986432e+01
4.380373283487673319e+01
2.768772757011986485e+01
4.195361633014493918e+01
1.742541175526135078e+01
7.874329016009208537e+00
2.079136773421440765e+01
4.315822983625569265e+01
8.542948123162714680e+00
2.578753442137458407e+01
1.136398233277014214e+01
5.701894803594498740e+01
2.978439428003718703e+01
7.551544518169144737e+01
5.198718857217689049e+01
2.105869768782853413e+01
4.678600623942036663e+01
1.372097383080689603e+01
2.464157541203772084e+01
1.047769603711624598e+01
1.257181251521166132e+01
1.141586170823541835e+01
2.515571920572271125e+01
3.723192951439595788e+01
2.571509308717633857e+01
2.013711479380156888e+01
3.480987569867222930e+01
2.091607458151336019e+01
2.428638782362076043e+01
3.949551728300087916e+01
1.961637385110770637e+01
5.090886681757993415e+01
1.494024281398132281e+01
2.274114248492367807e+01
3.739716583718256970e+01
3.476492949243555586e+01
1.552533368759112520e+01
2.589719915765371994e+01
4.773794667002017889e+01
3.626557897677042774e+01
3.065909493248171103e+01
3.785443584549604168e+01
1.859627090317846765e+01
1.737567064356236557e+01
2.290094321075192241e+01
2.224756025752480681e+01
1.265585623078369970e+01
3.939220567869824663e+01
8.514496797725396249e+00
1.147675616915886287e+01
5.581119082413712107e+01
2.154067989234630076e+01
2.623075710730331878e+01
1.586541089810503102e+01
1.756010039967988234e+01
3.780460419733818611e+01
1.721868499181735146e+01
4.795591279353159564e+01
3.508005387669739150e+01
3.338701335198281583e+01
2.792008508572875414e+01
2.672359930600369893e+01
4.012800403680360262e+01
7.077456261052121889e+00
2.180636580075054809e+01
1.640285490296023596e+01
1.774852078387799281e+01
2.329342300647768127e+01
3.406324890036060538e+01
2.721067706838671185e+01
1.368065751324423296e+01
4.462539084323773864e+01
6.265834903342088325e+01
1.674797387733325493e+01
2.545559486691332296e+01
3.255586342976219782e+01
3.153738228180771230e+01
2.277445379371063439e+01
1.770148305857163606e+01
2.553713433549263812e+01
1.400946428126141541e+01
2.966110121552902612e+01
1.843776334627501967e+01
9.497919189594264822e+01
1.661078636720340995e+01
8.890621179938218432e+00
6.067890085010049717e+01
1.825752959597917524e+01
1.293606084717342775e+01
1.728699108831400366e+01
1.040950187080199356e+02
4.353337752160230423e+01
1.031773611890712772e+01
9.806872056123991044e+00
3.336434028211697012e+01
7.100570257396265106e+01
1.732263916149483052e+01
1.360402718593829618e+01
1.007492583642363826e+01
1.668505933343123360e+01
4.140812598620613727e+01
2.176647873654978582e+01
1.494911197099308886e+01
2.588860914883261444e+01
2.046833672783127156e+01
1.636111840286914898e+01
3.977240793402452823e+01
2.399116352191728652e+01
2.835198817923265224e+01
3.465204636048247266e+01
1.825064049758968920e+01
1.354232885823313737e+01
8.782325450921566912e+00
3.822294266267673635e+01
3.106502727780214812e+01
1.526952742368276539e+01
2.144889634591331529e+01
6.358033406851198777e+01
1.447475263050489680e+01
3.034307167953124207e+01
4.243894732867966724e+01
2.866694947953686423e+01
3.051313809925381548e+01
4.135379170437827412e+01
1.796131709259683973e+01
1.115898052342435243e+01
3.431024120423209922e+01
6.302463808747138785e+01
1.842814425879528883e+01
4.640763734377295435e+01
2.050899905020845182e+01
2.636530275515222499e+01
1.679564788826373700e+01
4.676661752606877087e+01
3.567686531521442816e+01
6.606536525639386426e+00
1.384922169392470792e+01
1.983235329338956632e+01
1.993774213014102159e+01
1.022592142672541513e+02
7.435103474413466529e+01
4.976794208680016141e+01
3.667009406716267961e+01
2.348388513995450566e+01
8.352645820538970867e+00
5.763451987688563349e+01
2.820021868413594035e+01
3.009256366734086541e+01
4.214732390257286454e+01
2.231763940199603979e+01
2.461099681448144949e+01
3.108147811526212223e+01
3.584407153227954268e+01
3.840544960397223662e+01
3.674471595198982499e+01
1.909860075551722858e+01
1.260648637620542445e+01
2.296226380842190906e+01
2.070353964976096250e+01
1.483063910741755542e+01
2.168729972510170967e+01
4.710638777902664032e+01
6.857936738400032084e+01
5.632503314578267606e+01
3.548420845446808869e+01
3.352332552370148733e+01
2.379949000047379215e+01
3.747906806740116537e+01
1.706213356052239405e+01
2.345623865121746832e+01
2.106261342493213817e+01
2.413993205287619404e+01
1.367836889492102870e+01
8.413100547690909536e+00
5.026618462187421699e+01
3.415468790169639135e+01
4.063672804867100297e+01
5.818671412886946115e+00
5.469183861629217880e+00
1.430816755503934168e+01
1.520392898895048006e+01
1.159865632017820580e+01
2.403011895765168759e+01
2.583940751744916753e+01
2.159119760604082217e+01
3.098152075790867954e+01
3.259544817629665658e+01
4.301254287015004252e+01
1.414140923218407409e+01
1.763287122293457188e+01
3.712278789792762268e+01
4.336158611809611330e+01
1.505217670594347901e+01
3.922959888386827743e+01
1.428913539983196834e+01
4.669673673300540884e+01
3.287042628735700589e+01
1.697748343964401130e+01
1.245026410812405082e+01
3.126879879963695075e+01
1.968236968730421665e+01
1.407479197777249880e+01
2.127580100215886461e+01
1.833056002682464936e+01
2.668882604380134893e+01
1.365528397462493615e+01
8.738470517358980771e+01
9.135700427460946571e+00
